1 0.215625 0.44453125 0.028125 0.096875
1 0.24765625 0.42421875 0.028125 0.084375
0 0.2328125 0.4515625 0.0171875 0.0578125
2 0.33828125 0.375 0.0140625 0.034375
2 0.3859375 0.34765625 0.009375 0.0234375
1 0.709375 0.3828125 0.034375 0.096875
1 0.675 0.371875 0.0265625 0.0859375
3 0.68828125 0.39296875 0.0234375 0.0640625
2 0.59609375 0.34453125 0.0125 0.03125
2 0.55703125 0.3265625 0.009375 0.0234375
2 0.53671875 0.31875 0.0078125 0.0203125
2 0.40625 0.334375 0.00625 0.01875
2 0.42109375 0.32734375 0.0046875 0.0125
2 0.5265625 0.31328125 0.00625 0.015625
2 0.51796875 0.30859375 0.00625 0.015625