0 0.0546875 0.6015625 0.0453125 0.103125
3 0.96484375 0.64453125 0.040625 0.109375
3 0.7125 0.46484375 0.015625 0.0453125
3 0.63125 0.41015625 0.009375 0.028125
3 0.590625 0.38671875 0.009375 0.021875
3 0.571875 0.37421875 0.00625 0.01875
3 0.559375 0.36796875 0.0046875 0.015625
0 0.30234375 0.44609375 0.01875 0.040625
0 0.384375 0.39921875 0.009375 0.028125
0 0.41953125 0.3796875 0.00625 0.0171875
0 0.4390625 0.3671875 0.0046875 0.015625
0 0.45078125 0.3609375 0.003125 0.0125
0 0.459375 0.3578125 0.003125 0.0125