0 0.14609375 0.6109375 0.0421875 0.0828125
3 0.87265625 0.465625 0.0578125 0.1
3 0.65 0.3796875 0.0234375 0.04375
3 0.58125 0.35703125 0.0140625 0.0265625
3 0.55 0.34765625 0.0109375 0.021875
3 0.53046875 0.33984375 0.009375 0.0171875
0 0.3140625 0.44453125 0.021875 0.0390625
0 0.3671875 0.396875 0.015625 0.0265625
0 0.39296875 0.3765625 0.009375 0.0203125
0 0.4078125 0.3640625 0.0078125 0.0171875
0 0.41640625 0.35625 0.00625 0.0109375
0 0.42265625 0.35078125 0.0046875 0.0109375
3 0.51796875 0.33828125 0.0078125 0.0125