1 0.04296875 0.5484375 0.0859375 0.203125
0 0.0046875 0.63984375 0.009375 0.0953125
1 0.9796875 0.5484375 0.040625 0.209375
3 0.69765625 0.39140625 0.0265625 0.05625
3 0.6296875 0.353125 0.0140625 0.025
3 0.6 0.33671875 0.009375 0.01875
3 0.58359375 0.32734375 0.00625 0.0140625
3 0.571875 0.321875 0.0046875 0.0125
0 0.49375 0.315625 0.0046875 0.0109375
0 0.4875 0.31875 0.0046875 0.0125
0 0.48046875 0.32109375 0.00625 0.0125
0 0.46953125 0.32734375 0.00625 0.0171875
0 0.453125 0.33515625 0.009375 0.0203125
0 0.4265625 0.34765625 0.0109375 0.025
0 0.35703125 0.384375 0.0234375 0.0453125
3 0.56484375 0.31875 0.0046875 0.0109375