1 0.04940625 0.5958888888888889 0.0692421875 0.19194444444444442
0 0.0111015625 0.6907916666666667 0.021859375 0.09047222222222222
1 0.9718125000000001 0.5161527777777778 0.050093750000000006 0.20170833333333332
3 0.6708671875000001 0.3873611111111111 0.0209140625 0.05348611111111111
3 0.60128125 0.3560972222222222 0.01209375 0.022805555555555558
3 0.5711328124999999 0.34370833333333334 0.00684375 0.018027777777777778
3 0.55421875 0.3355 0.004765625 0.01323611111111111
3 0.5431250000000001 0.3310138888888889 0.00415625 0.01176388888888889
0 0.46592968749999997 0.33172222222222225 0.003515625 0.01011111111111111
0 0.46071093750000003 0.33519444444444446 0.003546875 0.011236111111111112
0 0.45374218749999995 0.33825 0.004609375000000001 0.01176388888888889
0 0.44447656249999995 0.34488888888888886 0.0054609375000000005 0.016458333333333332
0 0.42890625 0.35368055555555555 0.007601562500000001 0.01904166666666667
0 0.404203125 0.3684027777777778 0.0091484375 0.023583333333333335
0 0.3398984375 0.4093333333333334 0.01890625 0.042888888888888886
3 0.53565625 0.32911111111111113 0.00371875 0.010902777777777777