1 0.01875 0.6125 0.0375 0.203125
1 0.9734375 0.52890625 0.053125 0.2125
3 0.65625 0.39296875 0.021875 0.05625
3 0.5828125 0.36015625 0.0125 0.025
3 0.55078125 0.346875 0.00625 0.01875
3 0.53359375 0.33828125 0.0046875 0.0140625
3 0.521875 0.33359375 0.0046875 0.0125
0 0.43984375 0.334375 0.003125 0.0109375
0 0.434375 0.3375 0.003125 0.0125
0 0.42734375 0.340625 0.0046875 0.0125
0 0.4171875 0.34765625 0.00625 0.0171875
0 0.40078125 0.35703125 0.0078125 0.0203125
0 0.375 0.37265625 0.009375 0.025
0 0.30703125 0.415625 0.0203125 0.0453125
3 0.5140625 0.33125 0.003125 0.0125