0 0.12421875 0.54609375 0.025 0.078125
3 0.84765625 0.5671875 0.0375 0.090625
3 0.6546875 0.4359375 0.0140625 0.040625
3 0.59453125 0.39921875 0.0078125 0.025
3 0.565625 0.38359375 0.00625 0.0203125
3 0.54921875 0.371875 0.00625 0.015625
0 0.3203125 0.42421875 0.0125 0.034375
0 0.38125 0.390625 0.009375 0.025
0 0.41015625 0.3765625 0.0046875 0.01875
0 0.4265625 0.36875 0.0046875 0.015625
0 0.43671875 0.36328125 0.003125 0.0109375
0 0.44375 0.359375 0.003125 0.009375
3 0.5375 0.36796875 0.0046875 0.0125