1 0.08985937499999999 0.5603472222222222 0.053414062500000005 0.17008333333333334
1 0.010828125 0.6612083333333333 0.0216484375 0.13184722222222223
0 0.043890625 0.6289027777777778 0.040054687500000005 0.12788888888888889
1 0.938671875 0.5010416666666667 0.058015625 0.15822222222222224
3 0.9797890625000001 0.5534861111111111 0.0356796875 0.10727777777777778
0 0.3458671875 0.40375 0.012 0.03923611111111111
0 0.4065078125 0.36691666666666667 0.0078046875 0.02272222222222222
0 0.4313203125 0.34994444444444445 0.005796875 0.017458333333333333
0 0.4458515625 0.3414583333333333 0.005265625 0.01338888888888889
0 0.4553984375 0.3369166666666667 0.005 0.012430555555555554
3 0.6630859375 0.3825277777777778 0.014828125000000001 0.04227777777777778
3 0.5990703125 0.3532222222222222 0.00959375 0.022583333333333337
3 0.570828125 0.3408888888888889 0.007828125 0.01876388888888889
3 0.5546015625 0.3337638888888889 0.0046953125 0.013555555555555555