1 0.246875 0.43984375 0.028125 0.090625
1 0.27734375 0.42109375 0.0265625 0.0796875
0 0.26328125 0.44609375 0.0171875 0.0546875
2 0.3609375 0.3734375 0.0125 0.03125
2 0.40390625 0.346875 0.0078125 0.021875
1 0.70625 0.37421875 0.0328125 0.0921875
1 0.67421875 0.36484375 0.0265625 0.08125
3 0.6875 0.38515625 0.021875 0.059375
2 0.60078125 0.340625 0.0125 0.0296875
2 0.56484375 0.325 0.009375 0.021875
2 0.5453125 0.3171875 0.0078125 0.01875
2 0.4234375 0.334375 0.00625 0.0171875
2 0.43671875 0.32734375 0.00625 0.0125
2 0.53515625 0.3125 0.00625 0.0140625
2 0.528125 0.309375 0.0046875 0.0140625