1 0.20625 0.49296875 0.0390625 0.09375
1 0.234375 0.46953125 0.0359375 0.0828125
0 0.22421875 0.496875 0.025 0.05625
2 0.3140625 0.4109375 0.0171875 0.0328125
2 0.35390625 0.37890625 0.0109375 0.0234375
1 0.66484375 0.36875 0.0453125 0.0953125
1 0.63125 0.36328125 0.0375 0.084375
3 0.646875 0.38125 0.0296875 0.0625
2 0.553125 0.34765625 0.015625 0.03125
2 0.5140625 0.33671875 0.0125 0.0234375
2 0.49375 0.33203125 0.009375 0.0203125
2 0.371875 0.3640625 0.009375 0.0171875
2 0.38515625 0.35546875 0.00625 0.0125
2 0.4828125 0.32734375 0.0078125 0.0140625
2 0.475 0.325 0.0078125 0.015625