1 0.2491015625 0.439625 0.02121875 0.08565277777777779
1 0.279578125 0.42277777777777775 0.0208203125 0.07540277777777778
0 0.264546875 0.44638888888888884 0.012992187499999999 0.05161111111111111
2 0.3633671875 0.3828888888888889 0.01053125 0.03001388888888889
2 0.4064140625 0.3605555555555556 0.006812500000000001 0.0205
1 0.6953750000000001 0.4068611111111111 0.0263984375 0.08675000000000001
1 0.665421875 0.3956944444444444 0.0203359375 0.076875
3 0.6764375 0.4156388888888889 0.017656250000000002 0.056
2 0.5957343749999999 0.36769444444444443 0.00990625 0.028180555555555556
2 0.5620625 0.34975 0.0080703125 0.02086111111111111
2 0.5441484375 0.34170833333333334 0.0060078125 0.017930555555555557
2 0.42567187500000003 0.3498472222222222 0.005124999999999999 0.01604166666666667
2 0.43950781250000004 0.3438333333333333 0.0042265625 0.0115
2 0.5348124999999999 0.33620833333333333 0.004703125 0.013375000000000001
2 0.5278906250000001 0.33219444444444446 0.0041015625 0.013902777777777778