0 0.009460937499999999 0.697861111111111 0.018914062500000002 0.056625
0 0.3137578125 0.4170138888888889 0.020874999999999998 0.04613888888888889
0 0.381828125 0.3764722222222222 0.0099921875 0.023972222222222225
0 0.41284375000000006 0.3572916666666667 0.006890625 0.01936111111111111
0 0.43024218750000004 0.34829166666666667 0.0055703125 0.016374999999999997
0 0.440546875 0.34341666666666665 0.0042265625 0.01425
3 0.5306171875000001 0.3356388888888889 0.005015625 0.013402777777777779
3 0.5415546875 0.34155555555555556 0.0053515624999999995 0.01688888888888889
3 0.558546875 0.34825 0.0061171875 0.017819444444444443
3 0.588671875 0.36430555555555555 0.0086953125 0.023041666666666665
3 0.6600859375 0.3950694444444444 0.018859375 0.049833333333333334
3 0.97753125 0.5867777777777778 0.0290078125 0.12716666666666668