1 0.96796875 0.39765625 0.0640625 0.2265625
3 0.63125 0.3078125 0.0328125 0.0625
3 0.55 0.2859375 0.0171875 0.0265625
3 0.51484375 0.27734375 0.0109375 0.021875
3 0.49453125 0.27109375 0.0078125 0.015625
3 0.48125 0.26796875 0.00625 0.0140625
0 0.39765625 0.28203125 0.00625 0.0109375
0 0.39296875 0.28671875 0.00625 0.0125
0 0.3859375 0.2921875 0.0078125 0.0140625
0 0.3765625 0.30078125 0.009375 0.01875
0 0.3609375 0.3125 0.0125 0.021875
0 0.33671875 0.3328125 0.0140625 0.0265625
0 0.2734375 0.3890625 0.028125 0.05
3 0.4734375 0.26796875 0.00625 0.0125