0 0.02265625 0.54140625 0.0453125 0.1140625
3 0.9328125 0.7484375 0.0609375 0.11875
3 0.7078125 0.5203125 0.0234375 0.0484375
3 0.63515625 0.45 0.015625 0.03125
3 0.59765625 0.41875 0.0125 0.0234375
3 0.58046875 0.40234375 0.009375 0.0203125
3 0.56875 0.39375 0.0078125 0.015625
0 0.29296875 0.42734375 0.0265625 0.0453125
0 0.384375 0.39453125 0.015625 0.0296875
0 0.42421875 0.38046875 0.0078125 0.01875
0 0.446875 0.371875 0.0078125 0.015625
0 0.46015625 0.36796875 0.00625 0.0140625
0 0.46875 0.36484375 0.00625 0.0140625