0 0.0796875 0.87890625 0.109375 0.2421875
0 0.60234375 0.52734375 0.065625 0.1296875
0 0.88828125 0.4390625 0.0484375 0.0921875
0 0.88125 0.3390625 0.015625 0.0296875
0 0.76015625 0.35 0.01875 0.034375
0 0.6390625 0.36328125 0.0140625 0.0296875
0 0.54921875 0.36796875 0.0140625 0.0328125
0 0.42578125 0.37734375 0.0125 0.0265625
0 0.31328125 0.38828125 0.0140625 0.0265625
0 0.16484375 0.4484375 0.0203125 0.046875
0 0.09296875 0.47109375 0.0296875 0.0609375
0 0.21484375 0.4 0.0125 0.028125
0 0.17578125 0.440625 0.01875 0.04375
0 0.1703125 0.425 0.01875 0.040625
0 0.15703125 0.41484375 0.0140625 0.0328125
3 0.07578125 0.4125 0.015625 0.0328125
3 0.1640625 0.396875 0.0109375 0.0265625
3 0.359375 0.3734375 0.0140625 0.0296875
3 0.43984375 0.36640625 0.0140625 0.0296875
3 0.52109375 0.36171875 0.015625 0.0296875
3 0.615625 0.35390625 0.0125 0.028125
3 0.70546875 0.34453125 0.0125 0.03125
3 0.80078125 0.3375 0.0140625 0.03125
3 0.89921875 0.3265625 0.015625 0.0296875
3 0.265625 0.38203125 0.0109375 0.025