0 0.31608593749999997 0.4659861111111111 0.0373125 0.07004166666666667
0 0.395734375 0.3893888888888889 0.0174921875 0.04504166666666667
0 0.43715624999999997 0.35420833333333335 0.010640624999999999 0.034722222222222224
0 0.47278125 0.3387222222222222 0.0090703125 0.02251388888888889
3 0.675421875 0.43301388888888886 0.0320390625 0.07975
3 0.5875625 0.37343055555555554 0.013851562500000001 0.04691666666666667
3 0.5646015625 0.3476388888888889 0.0080390625 0.029083333333333336
3 0.580171875 0.33825 0.011734375 0.025333333333333333
3 0.612359375 0.3302777777777778 0.010687499999999999 0.024388888888888887
0 0.537953125 0.32605555555555554 0.0096171875 0.021583333333333333
3 0.9416953124999999 0.3842222222222222 0.0149140625 0.04034722222222222
3 0.9005390625 0.36188888888888887 0.011601562499999999 0.027541666666666666
3 0.914046875 0.34254166666666663 0.006195312499999999 0.019333333333333334
3 0.8939453125 0.3481111111111111 0.0088359375 0.024611111111111108
3 0.6660781250000001 0.32716666666666666 0.006687500000000001 0.017125
3 0.72978125 0.324375 0.0030625 0.016694444444444442
3 0.7810859375 0.32587499999999997 0.0073828125 0.015416666666666665
0 0.602375 0.32030555555555557 0.0045390625 0.013708333333333333
0 0.6724609375 0.31666666666666665 0.0040390625 0.014125
0 0.723765625 0.31495833333333334 0.0049921875 0.014125
0 0.7724140625 0.3153888888888889 0.004015625 0.01498611111111111