0 0.3161875 0.496 0.03025 0.09444444444444444
0 0.4201171875 0.4227916666666667 0.0213125 0.05451388888888889
0 0.468171875 0.37870833333333337 0.013679687500000001 0.036555555555555556
0 0.434 0.35247222222222224 0.0074062500000000005 0.020638888888888887
3 0.8081484375000001 0.5159305555555556 0.0425859375 0.11066666666666668
3 0.7025078125 0.4144027777777778 0.0212890625 0.057194444444444444
3 0.6566328125 0.3690555555555556 0.0136875 0.035541666666666666
3 0.6108515625 0.3514583333333334 0.0112578125 0.02876388888888889
3 0.565828125 0.3438472222222222 0.0095 0.02301388888888889
3 0.772375 0.3521388888888889 0.009867187500000001 0.024708333333333332
3 0.831859375 0.3710833333333333 0.0073828125 0.02402777777777778
3 0.9109453125 0.3949444444444445 0.01403125 0.03451388888888889
0 0.9354140624999999 0.3719305555555556 0.0085234375 0.025041666666666667
0 0.8792578125 0.3582222222222222 0.00625 0.018611111111111113
3 0.743625 0.33995833333333336 0.0060625 0.017930555555555557
3 0.738109375 0.33284722222222224 0.004921875 0.017930555555555557
0 0.8563124999999999 0.34570833333333334 0.0052734375 0.015236111111111112
3 0.479578125 0.3365694444444445 0.006804687500000001 0.017930555555555557
3 0.5137578125 0.3385972222222222 0.005875 0.017263888888888888