0 0.36171875 0.47734375 0.0328125 0.0796875
0 0.4484375 0.40859375 0.0234375 0.05
0 0.48828125 0.38125 0.0125 0.0375
0 0.5078125 0.365625 0.0109375 0.0265625
0 0.134375 0.434375 0.0109375 0.0328125
0 0.21640625 0.41171875 0.009375 0.0296875
0 0.27421875 0.3828125 0.009375 0.028125
0 0.26640625 0.39765625 0.0109375 0.0296875
0 0.97109375 0.37265625 0.0125 0.0359375
0 0.89765625 0.353125 0.0125 0.028125
3 0.76484375 0.46484375 0.0359375 0.084375
3 0.68828125 0.39765625 0.01875 0.0453125
3 0.6625 0.3734375 0.0171875 0.03125
3 0.64296875 0.3609375 0.0140625 0.028125
3 0.96171875 0.4015625 0.0203125 0.04375
3 0.84296875 0.36875 0.0140625 0.0296875
3 0.784375 0.353125 0.009375 0.03125
3 0.759375 0.34296875 0.009375 0.0234375
3 0.7484375 0.3375 0.009375 0.025
3 0.628125 0.346875 0.009375 0.0234375
3 0.6140625 0.34140625 0.00625 0.01875
3 0.7296875 0.33203125 0.00625 0.01875
3 0.003125 0.4609375 0.00625 0.034375
3 0.08125 0.4359375 0.0125 0.0296875
3 0.12734375 0.4203125 0.009375 0.0265625
3 0.153125 0.4109375 0.009375 0.0234375