3 0.89921875 0.53828125 0.1359375 0.36875
3 0.6640625 0.20078125 0.0328125 0.084375
3 0.6171875 0.1578125 0.0296875 0.059375
3 0.60078125 0.13125 0.021875 0.04375
3 0.5296875 0.115625 0.021875 0.0375
3 0.41015625 0.11875 0.01875 0.03125
3 0.29296875 0.1421875 0.0171875 0.034375
3 0.18203125 0.17109375 0.0171875 0.0359375
3 0.0328125 0.23515625 0.0140625 0.0296875
0 0.0359375 0.47421875 0.071875 0.15
0 0.32109375 0.221875 0.0359375 0.065625
0 0.30546875 0.17265625 0.028125 0.053125
0 0.23984375 0.18359375 0.0203125 0.040625
0 0.17578125 0.19296875 0.0171875 0.0359375
0 0.0703125 0.2359375 0.0203125 0.0390625