3 0.851421875 0.5655416666666666 0.0689921875 0.13108333333333333
3 0.5668828125 0.4269861111111111 0.026773437500000004 0.05593055555555556
3 0.44633593749999995 0.3905833333333334 0.0153984375 0.03791666666666667
3 0.3551171875 0.3805277777777778 0.0085859375 0.026361111111111113
3 0.27921874999999996 0.38293055555555555 0.009218750000000001 0.022680555555555554
3 0.20993750000000003 0.3873333333333333 0.0074609375000000006 0.020694444444444446
0 0.16514062499999999 0.6679444444444445 0.061671875 0.16241666666666665
0 0.24613281250000002 0.4302777777777778 0.01703125 0.043083333333333335
0 0.2492421875 0.47605555555555557 0.027710937499999998 0.06718055555555555
0 0.2144140625 0.41340277777777773 0.0141640625 0.03259722222222222
0 0.1720859375 0.41340277777777773 0.012125 0.028055555555555556
0 0.11595312499999999 0.41525 0.011828125 0.02551388888888889
0 0.054734375 0.4282916666666667 0.0118125 0.026083333333333333
3 0.499015625 0.3555277777777778 0.010007812500000001 0.020722222222222222
3 0.623375 0.3557638888888889 0.0105234375 0.023458333333333335
3 0.769828125 0.3657777777777778 0.010906250000000001 0.023458333333333335
3 0.8442265624999999 0.37306944444444445 0.012968750000000001 0.029375
3 0.923890625 0.38752777777777775 0.0129609375 0.031875