0 0.19609375 0.44140625 0.096875 0.1484375
0 0.35625 0.378125 0.059375 0.0921875
0 0.43203125 0.3265625 0.028125 0.053125
0 0.43984375 0.34921875 0.034375 0.0578125
0 0.34375 0.29765625 0.025 0.040625
0 0.2625 0.28046875 0.028125 0.0484375
0 0.14140625 0.2546875 0.0234375 0.0375
3 0.1140625 0.234375 0.0203125 0.0359375
3 0.390625 0.2921875 0.025 0.0390625
3 0.471875 0.30703125 0.021875 0.0359375
3 0.56796875 0.33203125 0.0234375 0.0359375
3 0.646875 0.353125 0.0234375 0.040625
3 0.709375 0.37578125 0.028125 0.0453125
3 0.74453125 0.396875 0.034375 0.05625
3 0.77109375 0.43203125 0.046875 0.071875
3 0.865625 0.5296875 0.0796875 0.128125
1 0.9125 0.3703125 0.0234375 0.046875