3 0.7140833333333333 0.5529074074074074 0.055614583333333335 0.1375648148148148
3 0.5057760416666667 0.45635185185185184 0.03185416666666666 0.08465740740740742
3 0.44365625000000003 0.4212962962962963 0.022197916666666664 0.059527777777777784
3 0.38596354166666663 0.39949999999999997 0.019697916666666666 0.05041666666666667
3 0.34880208333333335 0.3895648148148148 0.017562499999999998 0.03972222222222222
3 0.29918229166666666 0.3861296296296296 0.0145625 0.03589814814814815
3 0.20831770833333335 0.3849814814814815 0.010718749999999999 0.03513888888888889
0 0.07553645833333333 0.4518240740740741 0.027015624999999998 0.060342592592592594
0 0.11957291666666667 0.429287037037037 0.017984375 0.05041666666666667
0 0.03794270833333333 0.41400925925925924 0.018859375 0.04583333333333333
3 0.09055729166666666 0.39351851851851855 0.0155625 0.04012037037037037