1 0.3193958333333333 0.36131481481481487 0.018223958333333335 0.0665462962962963
1 0.2870729166666666 0.36860185185185185 0.017552083333333336 0.06595370370370371
1 0.2543489583333333 0.35397222222222224 0.014177083333333333 0.054231481481481485
1 0.22713020833333333 0.3546388888888889 0.015510416666666667 0.05276851851851852
3 0.24050520833333333 0.36495370370370367 0.00921875 0.029574074074074076
0 0.30232291666666666 0.3761574074074074 0.012875 0.039685185185185184
3 0.33988541666666666 0.35155555555555557 0.010911458333333334 0.026564814814814815
0 0.3739166666666666 0.45433333333333337 0.035078124999999995 0.07996296296296296
0 0.4380364583333333 0.3599537037037037 0.014390624999999999 0.03707407407407407
3 0.485546875 0.3338425925925926 0.012291666666666668 0.029722222222222223
0 0.12766666666666668 0.40294444444444444 0.018005208333333335 0.03784259259259259
0 0.13510416666666666 0.5551574074074075 0.06643229166666667 0.12994444444444445
0 0.5387864583333334 0.40675925925925926 0.029546874999999997 0.06851851851851852
0 0.5603854166666667 0.34012037037037035 0.013255208333333332 0.036564814814814814
0 0.6252604166666667 0.3355092592592593 0.009557291666666667 0.028675925925925924
0 0.6944270833333334 0.3831574074074074 0.021500000000000002 0.05193518518518519
0 0.7007291666666667 0.3288518518518519 0.012166666666666666 0.029898148148148146
0 0.73659375 0.3250925925925926 0.010213541666666666 0.02525925925925926
0 0.7446927083333333 0.32062037037037033 0.006494791666666667 0.025611111111111112
0 0.7384583333333333 0.30814814814814817 0.006307291666666667 0.020333333333333335
0 0.7772083333333334 0.30534259259259255 0.007130208333333333 0.01923148148148148
3 0.7466145833333333 0.29941666666666666 0.007750000000000001 0.01824074074074074
3 0.6611510416666667 0.30980555555555556 0.008624999999999999 0.019425925925925926
3 0.69215625 0.30522222222222223 0.0059635416666666665 0.016055555555555556
3 0.6367083333333333 0.31428703703703703 0.006135416666666667 0.017046296296296296
3 0.616859375 0.32296296296296295 0.006244791666666667 0.019148148148148147
3 0.6150729166666667 0.3176851851851852 0.004515625 0.016481481481481482
3 0.584265625 0.3276574074074074 0.008223958333333333 0.02436111111111111
3 0.99540625 0.4371203703703703 0.009192708333333332 0.03672222222222222
3 0.9452864583333334 0.4810277777777778 0.05963020833333333 0.10985185185185185
3 0.9596145833333334 0.2942314814814815 0.007739583333333333 0.020574074074074074
3 0.8921250000000001 0.29524074074074075 0.008536458333333333 0.017935185185185186
3 0.8173229166666667 0.29536111111111113 0.006083333333333333 0.016055555555555556
0 0.8471458333333334 0.3028611111111111 0.008791666666666666 0.020037037037037037
0 0.8931770833333333 0.35721296296296295 0.026125 0.04828703703703704
0 0.9360625 0.30266666666666664 0.00815625 0.02049074074074074
0 0.9206406250000001 0.31301851851851853 0.000057291666666666666 0.00012037037037037037