0 0.03359375 0.615625 0.0671875 0.190625
0 0.33515625 0.3 0.0578125 0.1046875
0 0.415625 0.2125 0.0390625 0.078125
0 0.4421875 0.1640625 0.0265625 0.0546875
0 0.46171875 0.1375 0.0203125 0.04375
0 0.50546875 0.12734375 0.0171875 0.0390625
0 0.41015625 0.1265625 0.0171875 0.0359375
0 0.3203125 0.15 0.015625 0.03125
0 0.24453125 0.16640625 0.0171875 0.0328125
0 0.16875 0.20546875 0.01875 0.0375
0 0.06640625 0.2671875 0.025 0.046875
3 0.03125 0.2609375 0.0171875 0.0328125
3 0.11875 0.2078125 0.015625 0.0296875
3 0.1828125 0.18125 0.0171875 0.034375
3 0.80078125 0.2015625 0.0453125 0.090625
3 0.74765625 0.1484375 0.028125 0.059375
3 0.6984375 0.115625 0.021875 0.040625
3 0.6765625 0.10234375 0.01875 0.0375
3 0.6375 0.090625 0.01875 0.0390625
3 0.54921875 0.08671875 0.01875 0.0328125
3 0.459375 0.09765625 0.015625 0.0296875
3 0.36953125 0.1109375 0.01875 0.0359375
3 0.27265625 0.15 0.01875 0.034375