3 0.029343750000000002 0.39216666666666666 0.023515625 0.04557407407407407
0 0.033380208333333335 0.4235648148148148 0.025177083333333336 0.054425925925925926
1 0.16816666666666666 0.36550925925925926 0.020557291666666665 0.06126851851851852
1 0.1991875 0.3642222222222222 0.0180625 0.057277777777777775
1 0.22705729166666666 0.3826203703703704 0.023463541666666664 0.07776851851851851
1 0.26622395833333334 0.3754259259259259 0.02296875 0.07883333333333334
0 0.24619270833333334 0.39387037037037037 0.019973958333333333 0.04803703703703704
3 0.18352083333333333 0.3743518518518519 0.015109375000000001 0.03950925925925926
3 0.296640625 0.3621851851851852 0.015156250000000001 0.037037037037037035
0 0.40544270833333335 0.3698425925925926 0.018458333333333334 0.04113888888888889
3 0.46201041666666665 0.34318518518518515 0.014114583333333335 0.031370370370370375
0 0.543203125 0.3536574074074074 0.015083333333333334 0.03598148148148148
3 0.5681770833333334 0.33469444444444446 0.014453125 0.030296296296296297
3 0.6008489583333334 0.3253148148148148 0.0073593750000000005 0.02140740740740741