1 0.44425000000000003 0.33564814814814814 0.014614583333333332 0.047842592592592596
1 0.45727083333333335 0.3325648148148148 0.013166666666666667 0.05092592592592592
0 0.3049427083333333 0.3773148148148148 0.013776041666666666 0.03549074074074074
0 0.5379895833333334 0.32484259259259257 0.009380208333333334 0.029324074074074075
0 0.6473489583333334 0.3757685185185185 0.018036458333333335 0.047842592592592596
0 0.4624739583333334 0.4398148148148148 0.02849479166666667 0.07407407407407407
0 0.21814583333333332 0.6010833333333333 0.04330729166666667 0.10648148148148148
3 0.942453125 0.3950648148148148 0.011020833333333334 0.03086111111111111
3 0.95634375 0.43210185185185185 0.014489583333333333 0.04012037037037037
3 0.9511354166666667 0.5015462962962962 0.02490625 0.061731481481481484
0 0.7710364583333333 0.35725 0.013666666666666666 0.03549074074074074