1 0.5823750000000001 0.344712962962963 0.01265625 0.05183333333333333
1 0.5740729166666667 0.34467592592592594 0.010796875000000001 0.05402777777777778
3 0.5672916666666666 0.3630833333333333 0.013786458333333333 0.03912037037037037
3 0.5968958333333333 0.34803703703703703 0.012338541666666668 0.03387037037037037
1 0.39659895833333336 0.3487222222222222 0.012239583333333333 0.05533333333333333
1 0.409453125 0.34761111111111115 0.012515625 0.04243518518518519
0 0.4036822916666667 0.3596759259259259 0.004864583333333334 0.030842592592592595
0 0.35395312500000004 0.36844444444444446 0.013958333333333333 0.03726851851851852
0 0.382265625 0.3201759259259259 0.006270833333333333 0.014796296296296297
0 0.4429166666666667 0.35090740740740745 0.009833333333333333 0.03037962962962963
0 0.4358697916666667 0.3184814814814815 0.007973958333333333 0.01997222222222222
0 0.464109375 0.3416666666666667 0.009859375 0.026333333333333334
0 0.4716302083333333 0.319212962962963 0.00703125 0.01525
0 0.49071354166666664 0.33089814814814816 0.009192708333333332 0.023648148148148147
3 0.49032812499999995 0.30992592592592594 0.0069635416666666665 0.017583333333333333
0 0.5141927083333333 0.32446296296296295 0.005614583333333333 0.016453703703703703
0 0.5112083333333334 0.3201481481481481 0.005020833333333334 0.017638888888888888
3 0.5315104166666667 0.30957407407407406 0.005833333333333333 0.01662037037037037
3 0.5360885416666666 0.38734259259259257 0.021500000000000002 0.054935185185185184
3 0.5812604166666666 0.30971296296296297 0.007260416666666667 0.015462962962962963
3 0.6173958333333334 0.3095833333333334 0.006416666666666667 0.020462962962962964
3 0.6202239583333333 0.33102777777777775 0.009489583333333333 0.027388888888888886
3 0.6294010416666667 0.32107407407407407 0.009671875 0.02450925925925926
3 0.6398072916666667 0.3141481481481481 0.009161458333333334 0.02312037037037037
3 0.44791145833333335 0.4298518518518519 0.03185416666666666 0.08089814814814815
3 0.52678125 0.497 0.03729166666666666 0.10018518518518518
0 0.26758333333333334 0.37878703703703703 0.01885416666666667 0.05272222222222222
0 0.19703645833333333 0.39316666666666666 0.024609375 0.05537962962962963
0 0.17057291666666666 0.3559907407407408 0.01503125 0.02702777777777778
0 0.058208333333333334 0.43130555555555555 0.030453125 0.06987037037037036
0 0.13914583333333336 0.36268518518518517 0.011151041666666667 0.029037037037037035
0 0.1333125 0.3464907407407407 0.006942708333333334 0.027296296296296298
0 0.06108854166666667 0.3723148148148148 0.012302083333333333 0.03613888888888889
3 0.35230729166666663 0.3144722222222222 0.006864583333333333 0.017666666666666664
3 0.41551041666666666 0.3143240740740741 0.00771875 0.019805555555555555
3 0.941078125 0.2921666666666667 0.005447916666666667 0.015453703703703706
3 0.9515052083333334 0.29516666666666663 0.006098958333333334 0.01662037037037037
3 0.9602239583333334 0.2995740740740741 0.006239583333333334 0.015259259259259259
3 0.8996770833333334 0.6122407407407408 0.09713020833333334 0.19895370370370372