0 0.030632812500000002 0.5845 0.037046875 0.0926388888888889
0 0.20631249999999998 0.48545833333333327 0.024281249999999997 0.068875
0 0.339171875 0.432125 0.0191484375 0.049972222222222216
0 0.4451171875 0.4025694444444445 0.0177890625 0.043277777777777776
0 0.5707578125 0.3909861111111111 0.015375 0.04083333333333333
0 0.698625 0.3940416666666666 0.013976562500000001 0.03840277777777778
0 0.828546875 0.3958611111111111 0.013265625 0.03352777777777778
0 0.9386015625 0.4034861111111111 0.0112109375 0.030472222222222223
3 0.8952265625000001 0.7731388888888888 0.1034375 0.2224583333333333
3 0.7598281250000001 0.5147083333333333 0.0431328125 0.10544444444444445
3 0.9362187499999999 0.476625 0.0297734375 0.07069444444444445