0 0.2650625 0.5203611111111112 0.05240625 0.09872222222222223
0 0.533640625 0.40930555555555553 0.030367187499999997 0.06719444444444445
0 0.5991875 0.3709027777777778 0.0280390625 0.03565277777777778
0 0.6913671875 0.38598611111111114 0.021890625 0.05347222222222222
0 0.8259531250000001 0.3801666666666667 0.0182421875 0.036333333333333336
0 0.9634453125 0.38325 0.013796875 0.03290277777777778
0 0.08690624999999999 0.40279166666666666 0.011546875 0.03908333333333333
0 0.2178203125 0.360625 0.0088203125 0.028791666666666667
3 0.1179453125 0.36919444444444444 0.01115625 0.025361111111111112
3 0.1723125 0.35170833333333335 0.008054687500000001 0.024680555555555556
3 0.944359375 0.7027361111111111 0.065859375 0.19333333333333333
3 0.947828125 0.49602777777777773 0.0350078125 0.09804166666666667