0 0.02421875 0.4625 0.01875 0.0390625
0 0.16328125 0.43359375 0.0203125 0.0359375
3 0.18203125 0.41953125 0.0140625 0.021875
3 0.27578125 0.4015625 0.0140625 0.0234375
0 0.30546875 0.40703125 0.0171875 0.0296875
3 0.37734375 0.38046875 0.0140625 0.028125
0 0.4 0.38984375 0.01875 0.0328125
3 0.4671875 0.36328125 0.015625 0.028125
3 0.55703125 0.34609375 0.0125 0.021875
3 0.64375 0.3265625 0.0125 0.028125
3 0.7328125 0.3078125 0.0140625 0.0234375
0 0.72734375 0.3203125 0.015625 0.0296875
0 0.63046875 0.33984375 0.015625 0.03125
0 0.5203125 0.3625 0.0203125 0.034375
0 0.934375 0.35859375 0.0484375 0.08125
0 0.94609375 0.278125 0.0171875 0.03125
3 0.95546875 0.26875 0.0171875 0.0328125
3 0.84375 0.2875 0.0109375 0.025
0 0.84140625 0.30078125 0.0140625 0.0296875
0 0.67734375 0.44921875 0.0578125 0.1
0 0.359375 0.6328125 0.1125 0.1828125