0 0.05390625 0.47109375 0.1078125 0.1859375
0 0.28046875 0.43671875 0.075 0.1234375
0 0.46640625 0.41796875 0.0421875 0.0828125
0 0.58125 0.396875 0.025 0.046875
0 0.60625 0.3734375 0.021875 0.0453125
0 0.63359375 0.36640625 0.01875 0.0359375
1 0.528125 0.38203125 0.046875 0.0984375
1 0.5453125 0.38515625 0.0375 0.0890625
3 0.90390625 0.52109375 0.0484375 0.0890625
3 0.8484375 0.459375 0.0296875 0.0546875
3 0.8421875 0.42265625 0.0203125 0.0421875
1 0.8640625 0.4671875 0.0484375 0.103125
0 0.06484375 0.2828125 0.0296875 0.0625
0 0.13828125 0.278125 0.0265625 0.0515625
3 0.83046875 0.4 0.01875 0.0359375
3 0.82734375 0.39453125 0.0171875 0.0328125
3 0.81484375 0.3828125 0.0140625 0.0296875
3 0.778125 0.36953125 0.0140625 0.028125
3 0.72421875 0.35390625 0.0140625 0.028125
3 0.6578125 0.33828125 0.0125 0.0234375
3 0.603125 0.32578125 0.009375 0.0203125
3 0.50390625 0.303125 0.0140625 0.028125
3 0.41953125 0.28125 0.015625 0.0296875
0 0.65546875 0.36015625 0.0140625 0.03125
0 0.64453125 0.34765625 0.0125 0.021875
0 0.58671875 0.32890625 0.015625 0.0265625
0 0.53515625 0.31640625 0.0125 0.0234375