0 0.30928125 0.5165972222222222 0.0433671875 0.09802777777777777
0 0.3500234375 0.419 0.0194453125 0.04511111111111111
0 0.3441640625 0.3899444444444444 0.011640625 0.02688888888888889
0 0.321234375 0.37866666666666665 0.0096953125 0.021680555555555554
3 0.747203125 0.4628055555555556 0.0340390625 0.07547222222222223
3 0.5893671875 0.3882083333333333 0.016171875 0.04770833333333334
3 0.5042265625 0.36522222222222217 0.0098125 0.027763888888888887
3 0.44470312500000003 0.3578472222222222 0.009796875 0.02688888888888889
3 0.8286796875 0.37995833333333334 0.0128203125 0.03990277777777778
3 0.72890625 0.35566666666666663 0.0113359375 0.0295
3 0.6662109375 0.3426666666666667 0.0078984375 0.03123611111111111
0 0.29592968750000004 0.3732083333333333 0.005484375 0.021375
3 0.40651562500000005 0.35627777777777775 0.004203125 0.016027777777777776