3 0.21171875 0.30234375 0.0171875 0.028125
3 0.28828125 0.31484375 0.01875 0.0296875
3 0.34296875 0.328125 0.0171875 0.03125
3 0.378125 0.340625 0.021875 0.0359375
3 0.4203125 0.36171875 0.021875 0.0390625
3 0.4609375 0.390625 0.028125 0.0546875
3 0.49140625 0.4265625 0.0359375 0.065625
3 0.559375 0.49140625 0.0546875 0.1
3 0.70390625 0.63984375 0.103125 0.175
3 0.0671875 0.2859375 0.0171875 0.03125
0 0.08359375 0.29609375 0.01875 0.0328125
0 0.13671875 0.309375 0.01875 0.0328125
0 0.1515625 0.32265625 0.0203125 0.0375
0 0.1484375 0.3484375 0.0296875 0.0484375
0 0.08203125 0.36796875 0.0390625 0.0640625