0 0.05234375 0.634375 0.0921875 0.15625
0 0.321875 0.421875 0.0421875 0.0765625
0 0.5375 0.38359375 0.0265625 0.0515625
0 0.65546875 0.38203125 0.021875 0.0421875
3 0.815625 0.7171875 0.0828125 0.159375
3 0.8015625 0.5265625 0.04375 0.084375
3 0.93203125 0.525 0.028125 0.0546875
3 0.99296875 0.53515625 0.0140625 0.0453125
3 0.98359375 0.46875 0.0109375 0.025
3 0.94609375 0.4375 0.0125 0.0234375
0 0.92421875 0.44296875 0.0140625 0.028125
0 0.87734375 0.43046875 0.01875 0.0375
0 0.7734375 0.39609375 0.0203125 0.040625
0 0.72578125 0.3546875 0.0171875 0.0296875
0 0.55234375 0.3234375 0.015625 0.028125
0 0.403125 0.3125 0.0140625 0.0296875
0 0.284375 0.3078125 0.0140625 0.0234375
0 0.2015625 0.31015625 0.0125 0.021875
0 0.78984375 0.3734375 0.0109375 0.0265625
1 0.65703125 0.3375 0.01875 0.0421875
1 0.6671875 0.340625 0.0171875 0.0359375
3 0.68984375 0.334375 0.0109375 0.025
3 0.8078125 0.3703125 0.0109375 0.0203125
3 0.76015625 0.353125 0.0109375 0.021875
3 0.584375 0.315625 0.015625 0.028125
3 0.48515625 0.3046875 0.01875 0.0296875
3 0.38828125 0.3 0.009375 0.021875
3 0.30078125 0.29609375 0.0109375 0.0203125
1 0.628125 0.32265625 0.0140625 0.03125
1 0.63828125 0.3234375 0.015625 0.03125
0 0.8578125 0.3984375 0.0125 0.025
0 0.89921875 0.42109375 0.0125 0.0234375
3 0.85625 0.38671875 0.0109375 0.0203125
3 0.90390625 0.40859375 0.009375 0.0171875