0 0.4109375 0.4546875 0.0546875 0.0890625
0 0.49609375 0.3734375 0.0265625 0.0484375
0 0.54921875 0.34140625 0.01875 0.0390625
0 0.60546875 0.3171875 0.0125 0.025
3 0.70234375 0.30703125 0.015625 0.025
3 0.7015625 0.334375 0.0234375 0.040625
3 0.7265625 0.29765625 0.015625 0.0296875
3 0.76640625 0.2859375 0.0140625 0.0234375
3 0.78671875 0.3890625 0.0515625 0.084375
3 0.79765625 0.27734375 0.009375 0.01875
3 0.8234375 0.265625 0.0078125 0.015625
3 0.8265625 0.25859375 0.0078125 0.015625
0 0.70859375 0.2859375 0.009375 0.01875
0 0.67421875 0.2953125 0.009375 0.015625
3 0.9375 0.26328125 0.009375 0.015625
3 0.93359375 0.25546875 0.0078125 0.0140625