3 0.74609375 0.53984375 0.0640625 0.159375
3 0.62578125 0.42578125 0.0453125 0.09375
3 0.54140625 0.37109375 0.0296875 0.0671875
3 0.47421875 0.3421875 0.021875 0.053125
3 0.42578125 0.33203125 0.015625 0.0484375
3 0.36015625 0.32421875 0.0109375 0.0328125
3 0.271875 0.32265625 0.0109375 0.0328125
0 0.12578125 0.4265625 0.0375 0.0796875
0 0.1640625 0.3765625 0.021875 0.0515625
0 0.1109375 0.34296875 0.01875 0.05
0 0.1609375 0.34453125 0.015625 0.040625
3 0.1890625 0.32421875 0.009375 0.0328125
0 0.00390625 0.35078125 0.0078125 0.0484375