3 0.1 0.2703125 0.0171875 0.0296875
3 0.196875 0.2859375 0.015625 0.03125
3 0.26640625 0.29921875 0.0171875 0.0296875
3 0.34140625 0.3125 0.0171875 0.03125
3 0.41875 0.3359375 0.01875 0.0328125
3 0.4734375 0.35546875 0.021875 0.0375
3 0.509375 0.375 0.025 0.0421875
3 0.55703125 0.40859375 0.034375 0.0546875
3 0.60625 0.4625 0.04375 0.071875
3 0.6546875 0.5484375 0.0703125 0.1140625
3 0.834375 0.834375 0.1625 0.2765625
0 0.19921875 0.29765625 0.0203125 0.034375
0 0.2453125 0.3125 0.021875 0.0375
0 0.24609375 0.3359375 0.03125 0.05
0 0.2140625 0.365625 0.0390625 0.0671875
0 0.084375 0.3921875 0.0625 0.09375