3 0.83828125 0.7203125 0.0671875 0.146875
3 0.728125 0.4421875 0.0265625 0.05
3 0.70703125 0.3890625 0.015625 0.028125
3 0.7015625 0.365625 0.009375 0.0203125
0 0.29765625 0.47421875 0.0453125 0.084375
0 0.47109375 0.39296875 0.021875 0.046875
0 0.54921875 0.35859375 0.0140625 0.028125
0 0.5703125 0.3421875 0.009375 0.021875
0 0.509375 0.33046875 0.0109375 0.01875
0 0.4203125 0.3421875 0.0125 0.0265625
0 0.309375 0.3640625 0.0140625 0.0296875
0 0.14609375 0.39921875 0.01875 0.0359375
0 0.00546875 0.440625 0.009375 0.034375