3 0.010708333333333332 0.41280555555555554 0.017317708333333334 0.03858333333333334
3 0.167375 0.4081759259259259 0.014677083333333334 0.03858333333333334
3 0.321 0.40123148148148147 0.014640624999999999 0.03086111111111111
3 0.4932916666666667 0.4043240740740741 0.01546875 0.03395370370370371
3 0.6378020833333333 0.4066388888888889 0.018036458333333335 0.041666666666666664
3 0.7471666666666666 0.4205277777777778 0.021484375 0.047842592592592596
3 0.8682447916666667 0.44907407407407407 0.029265625 0.06789814814814815
0 0.17952604166666666 0.4313240740740741 0.02335416666666667 0.047842592592592596
0 0.33575520833333333 0.43287037037037035 0.021583333333333333 0.05092592592592592
0 0.47896875 0.44675925925925924 0.02328125 0.057101851851851855
0 0.4594375 0.5084907407407407 0.03804166666666667 0.08796296296296297
0 0.156953125 0.716824074074074 0.07196354166666666 0.21141666666666667