0 0.04296875 0.56640625 0.0859375 0.2109375
0 0.2546875 0.44765625 0.0765625 0.128125
0 0.4140625 0.4140625 0.05 0.0953125
0 0.2796875 0.3234375 0.0265625 0.046875
0 0.45390625 0.346875 0.021875 0.040625
0 0.453125 0.3046875 0.0109375 0.01875
0 0.46015625 0.30859375 0.0078125 0.015625
0 0.478125 0.31328125 0.0125 0.0203125
0 0.49765625 0.309375 0.009375 0.01875
0 0.503125 0.321875 0.0125 0.025
0 0.53515625 0.334375 0.0171875 0.028125
0 0.55 0.31640625 0.0078125 0.015625
0 0.5328125 0.3546875 0.01875 0.0375
0 0.56796875 0.3421875 0.009375 0.0234375
0 0.56953125 0.3515625 0.0140625 0.0328125
0 0.578125 0.40859375 0.040625 0.0703125
0 0.728125 0.34921875 0.0125 0.021875
0 0.66328125 0.4109375 0.034375 0.0640625
0 0.77421875 0.4203125 0.028125 0.05
0 0.80859375 0.3640625 0.0140625 0.021875
1 0.82890625 0.4078125 0.03125 0.0734375
1 0.846875 0.4125 0.0265625 0.0625
0 0.8375 0.428125 0.015625 0.0390625
0 0.878125 0.378125 0.009375 0.0203125
0 0.88828125 0.428125 0.021875 0.0375
0 0.92734375 0.38671875 0.0109375 0.0234375
0 0.91875 0.41796875 0.01875 0.034375
0 0.9546875 0.4125 0.015625 0.028125
3 0.95078125 0.384375 0.0109375 0.021875
3 0.93671875 0.57734375 0.1 0.159375
3 0.7734375 0.35234375 0.0109375 0.021875
3 0.8515625 0.36796875 0.0109375 0.0203125
3 0.715625 0.340625 0.0109375 0.021875
3 0.65546875 0.3296875 0.009375 0.01875
3 0.6109375 0.321875 0.0109375 0.0203125
3 0.5671875 0.3140625 0.0125 0.0203125
3 0.515625 0.3046875 0.0109375 0.01875
3 0.38359375 0.31171875 0.0140625 0.025
3 0.390625 0.32265625 0.0171875 0.03125
3 0.40625 0.31875 0.0140625 0.028125
3 0.41015625 0.2890625 0.0125 0.021875
3 0.35078125 0.3 0.015625 0.0234375
3 0.3296875 0.29609375 0.015625 0.021875
3 0.32265625 0.321875 0.0171875 0.028125
3 0.3 0.278125 0.015625 0.0265625
3 0.18828125 0.29765625 0.021875 0.0390625
3 0.059375 0.27578125 0.021875 0.0453125
0 0.0671875 0.29609375 0.025 0.053125
0 0.98671875 0.41015625 0.015625 0.0265625
0 0.9828125 0.403125 0.0125 0.021875