3 0.8892187500000001 0.5701388888888889 0.0575703125 0.1597222222222222
3 0.6716953125 0.4099861111111111 0.028054687499999998 0.06444444444444444
3 0.5801171875 0.36954166666666666 0.0168984375 0.047986111111111104
3 0.510921875 0.3545277777777778 0.012507812500000002 0.03152777777777778
3 0.4392421875 0.3513472222222222 0.0110390625 0.029222222222222222
0 0.3617890625 0.44583333333333336 0.030656250000000003 0.06640277777777778
0 0.36096093749999997 0.3922222222222222 0.019039062500000002 0.04377777777777778
0 0.3294296875 0.3755 0.0129609375 0.03688888888888889
3 0.39609375 0.3481388888888889 0.0105703125 0.029736111111111112
0 0.2902734375 0.3755833333333334 0.010562499999999999 0.03191666666666667
0 0.19340625 0.6658888888888889 0.084109375 0.18363888888888888
0 0.23621093750000002 0.3697916666666667 0.007109374999999999 0.021986111111111113
0 0.25280468749999996 0.3628472222222222 0.006453125 0.021986111111111113
3 0.885546875 0.3958333333333333 0.0193203125 0.04861111111111111
3 0.785296875 0.3657361111111111 0.0141328125 0.03934722222222222
3 0.7322421875 0.348375 0.010890625 0.03240277777777777
3 0.7153203125 0.33795833333333336 0.008296874999999999 0.02545833333333333
3 0.7397265625 0.33044444444444443 0.0063359374999999996 0.026625000000000003
3 0.768375 0.3263888888888889 0.0063281249999999995 0.020833333333333332
0 0.89921875 0.3663194444444444 0.010203125 0.028930555555555553
0 0.8585312500000001 0.35531944444444447 0.0095625 0.03240277777777777
0 0.8425859375 0.3431666666666667 0.0076171875 0.024305555555555556
3 0.4565625 0.339125 0.0090078125 0.027777777777777776
0 0.87625 0.33619444444444446 0.00584375 0.02369444444444444
3 0.8047968750000001 0.32475 0.0072421874999999995 0.025333333333333333
3 0.507953125 0.3308888888888889 0.0082265625 0.022875
3 0.5417265625 0.3263888888888889 0.00684375 0.020430555555555556
3 0.8610859375000001 0.32434722222222223 0.0058515625 0.01961111111111111
3 0.7227734375 0.3149444444444444 0.0058828125 0.020430555555555556
0 0.9139296874999999 0.33741666666666664 0.0049140625 0.01961111111111111
3 0.918296875 0.3304722222222222 0.006296875 0.017152777777777777