1 0.03046875 0.28828125 0.0234375 0.0890625
1 0.040625 0.3171875 0.0453125 0.1140625
1 0.1 0.315625 0.0546875 0.1171875
0 0.065625 0.3375 0.0390625 0.071875
3 0.1671875 0.29921875 0.025 0.05
0 0.29921875 0.334375 0.03125 0.059375
0 0.49140625 0.334375 0.025 0.05
0 0.5796875 0.3375 0.0265625 0.0484375
0 0.434375 0.48984375 0.078125 0.1375
0 0.68125 0.34453125 0.0234375 0.0453125
0 0.7125 0.45 0.059375 0.1078125
0 0.715625 0.31875 0.0140625 0.028125
0 0.7234375 0.34453125 0.0171875 0.034375
0 0.7296875 0.340625 0.0140625 0.0296875
0 0.76171875 0.31875 0.015625 0.028125
0 0.84453125 0.3296875 0.0140625 0.0265625
0 0.95 0.3453125 0.0140625 0.028125
0 0.9875 0.440625 0.025 0.08125
3 0.96953125 0.33984375 0.0140625 0.025
0 0.015625 0.61796875 0.03125 0.2828125
3 0.38984375 0.30859375 0.0234375 0.0421875
3 0.52578125 0.31328125 0.0234375 0.040625
3 0.5671875 0.315625 0.0140625 0.0328125
3 0.5640625 0.30859375 0.015625 0.03125
3 0.590625 0.31015625 0.0125 0.028125
3 0.61796875 0.30390625 0.0125 0.025
3 0.8046875 0.3171875 0.0125 0.0234375
3 0.65625 0.30390625 0.0109375 0.021875
3 0.8921875 0.328125 0.0125 0.028125