3 0.56953125 0.51015625 0.05 0.0890625
3 0.225 0.4546875 0.0484375 0.084375
3 0.01640625 0.4171875 0.03125 0.078125
3 0.21953125 0.35 0.01875 0.0390625
3 0.3421875 0.35859375 0.0140625 0.028125
3 0.44375 0.37109375 0.0140625 0.0265625
3 0.50859375 0.37890625 0.0109375 0.0203125
3 0.534375 0.3765625 0.0109375 0.025
0 0.4046875 0.35078125 0.0109375 0.0234375
0 0.396875 0.35546875 0.0109375 0.028125
0 0.378125 0.3421875 0.009375 0.0203125
0 0.309375 0.3453125 0.0140625 0.0296875
0 0.1921875 0.328125 0.0125 0.028125
3 0.05625 0.33125 0.01875 0.0390625