0 0.04430208333333333 0.54675 0.06644791666666666 0.13518518518518519
0 0.10551041666666668 0.4282685185185185 0.032364583333333335 0.06313888888888888
0 0.148234375 0.4544351851851852 0.039734375 0.07893518518518519
3 0.9696302083333334 0.6594814814814814 0.060734375 0.21313888888888888
3 0.6933177083333334 0.4804907407407407 0.050124999999999996 0.11542592592592592
3 0.5868177083333334 0.42764814814814817 0.03500520833333333 0.08087962962962962
3 0.4806354166666667 0.39992592592592596 0.027291666666666665 0.06196296296296296
3 0.36313020833333337 0.390537037037037 0.024874999999999998 0.050499999999999996
3 0.2592760416666667 0.39005555555555554 0.021817708333333335 0.04952777777777778
3 0.1626510416666667 0.39414814814814814 0.023364583333333334 0.0520462962962963
3 0.022088541666666666 0.4033425925925926 0.024609375 0.0531574074074074