3 0.7160859375 0.4518888888888889 0.0243984375 0.07043055555555555
3 0.6485703125 0.38740277777777776 0.0110234375 0.04068055555555555
3 0.62653125 0.3655694444444444 0.008242187500000001 0.03075
3 0.610625 0.3511944444444445 0.0088046875 0.025791666666666668
0 0.34085156250000004 0.4558472222222222 0.023929687499999998 0.06647222222222222
0 0.42621875 0.3918611111111111 0.012750000000000001 0.041666666666666664
0 0.4641640625 0.36508333333333337 0.00828125 0.02976388888888889
0 0.48508593749999995 0.3506944444444444 0.0066015625 0.020833333333333332
3 0.5980703125 0.33829166666666666 0.006015625 0.01984722222222222
3 0.9068671875 0.40123611111111107 0.016242187499999998 0.05555555555555555
3 0.796203125 0.36651388888888886 0.013664062499999999 0.03858333333333334
3 0.7432578125 0.35030555555555554 0.010203125 0.03086111111111111
3 0.7206953125 0.33719444444444446 0.006734374999999999 0.026236111111111113
3 0.71209375 0.33426388888888886 0.006101562499999999 0.024069444444444442
3 0.69334375 0.3287083333333333 0.0050703125 0.016666666666666666
0 0.1358359375 0.40694444444444444 0.00984375 0.03981944444444445
0 0.21291406249999997 0.3875 0.0077421875 0.03240277777777777
0 0.25978124999999996 0.36851388888888886 0.007734375 0.027777777777777776
3 0.0111171875 0.425 0.0103984375 0.03704166666666667
3 0.0848046875 0.40555555555555556 0.009859375 0.035180555555555555
3 0.13089062499999998 0.39166666666666666 0.0103671875 0.03704166666666667
3 0.1525 0.3861111111111111 0.008796875 0.03333333333333333
0 0.26603125 0.3638888888888889 0.007734375 0.024069444444444442
0 0.4985546875 0.3425972222222222 0.00715625 0.022222222222222223
3 0.5850078125 0.3333333333333333 0.0071328125 0.022222222222222223
0 0.8488125 0.35601388888888885 0.006625000000000001 0.02684722222222222
0 0.8141796875 0.345375 0.00715625 0.024069444444444442
0 0.9178124999999999 0.3726805555555555 0.008171875 0.030555555555555555
0 0.7923125 0.3416666666666667 0.00715625 0.027777777777777776