0 0.03203125 0.4765625 0.0609375 0.1078125
0 0.19140625 0.40546875 0.034375 0.0640625
0 0.29453125 0.38671875 0.028125 0.053125
0 0.38671875 0.3796875 0.021875 0.040625
0 0.46640625 0.38203125 0.0203125 0.0328125
0 0.56484375 0.39453125 0.0203125 0.0328125
0 0.66484375 0.41875 0.0171875 0.03125
0 0.76953125 0.44453125 0.0171875 0.03125
0 0.87109375 0.47265625 0.015625 0.028125
3 0.8796875 0.796875 0.1078125 0.1953125
3 0.6390625 0.53671875 0.059375 0.1046875
3 0.64921875 0.4765625 0.0453125 0.0734375
3 0.8015625 0.496875 0.03125 0.053125
3 0.91015625 0.521875 0.0265625 0.046875