0 0.10738020833333332 0.392 0.010239583333333333 0.016398148148148148
0 0.222 0.38492592592592595 0.014750000000000001 0.03344444444444444
3 0.201453125 0.3690277777777778 0.010078125 0.024407407407407405
3 0.305921875 0.36712962962962964 0.009203125000000001 0.02575
0 0.3622708333333333 0.3790462962962963 0.012838541666666667 0.03142592592592593
3 0.4064270833333333 0.36412962962962964 0.009395833333333332 0.02401851851851852
3 0.49947916666666664 0.3619907407407407 0.012994791666666667 0.026166666666666668
3 0.5872864583333333 0.3608703703703704 0.008776041666666668 0.02449074074074074
0 0.5798125 0.37107407407407406 0.010510416666666666 0.03012037037037037
0 0.4830833333333333 0.3726481481481481 0.012411458333333332 0.034138888888888885
0 0.6908697916666667 0.36791666666666667 0.010244791666666668 0.028453703703703703
3 0.6908958333333334 0.3484629629629629 0.004984375 0.0074907407407407405
3 0.7961562499999999 0.35868518518518516 0.006229166666666667 0.025703703703703704
0 0.7901145833333333 0.3655925925925926 0.008244791666666666 0.030111111111111113
0 0.908421875 0.3716111111111111 0.014802083333333334 0.03100925925925926
0 0.9575416666666666 0.41683333333333333 0.028307291666666668 0.06667592592592593
3 0.8884375 0.36037037037037034 0.011114583333333334 0.028888888888888888
0 0.796484375 0.4541481481481482 0.038859375 0.08512962962962962
3 0.07918229166666667 0.37575000000000003 0.009953125 0.015824074074074074
0 0.5177760416666667 0.5138333333333334 0.037359375 0.07772222222222222