0 0.266640625 0.53625 0.04525 0.10395833333333332
0 0.3987265625 0.4351527777777778 0.029171875000000003 0.06909722222222223
0 0.4523671875 0.3858055555555555 0.01634375 0.03993055555555555
0 0.4438046875 0.36313888888888884 0.009867187500000001 0.028430555555555553
0 0.4169609375 0.35518055555555555 0.0095 0.022
3 0.7163984375 0.4237083333333333 0.026234374999999997 0.06430555555555555
3 0.6545390624999999 0.37379166666666663 0.014828125000000001 0.03891666666666667
3 0.6038984375 0.3534861111111111 0.012148437500000001 0.03215277777777777
3 0.555453125 0.34368055555555554 0.0081640625 0.024708333333333332
3 0.5000625000000001 0.3380972222222222 0.0089453125 0.02301388888888889
3 0.46350781249999995 0.33961111111111114 0.0081640625 0.017930555555555557
3 0.8730625 0.5710972222222223 0.050578124999999995 0.13368055555555555
3 0.9265546875 0.3991805555555556 0.0117421875 0.036208333333333335
3 0.8377578124999999 0.3705833333333333 0.0108125 0.029777777777777778
3 0.773046875 0.3507777777777778 0.0093125 0.02876388888888889
3 0.739640625 0.33977777777777773 0.00684375 0.021652777777777778
3 0.7330703125 0.33216666666666667 0.007796875 0.020638888888888887
0 0.94103125 0.3710833333333333 0.00871875 0.026055555555555557
0 0.8799374999999999 0.35518055555555555 0.007593750000000001 0.02334722222222222
0 0.854890625 0.3438472222222222 0.0073906250000000005 0.020305555555555556
3 0.7932187500000001 0.3248888888888889 0.0054921875000000005 0.015569444444444445
0 0.385234375 0.35530555555555554 0.009726562499999999 0.020055555555555556