0 0.08203125 0.69453125 0.0703125 0.203125
0 0.34609375 0.37421875 0.0296875 0.0671875
0 0.28203125 0.321875 0.015625 0.0359375
0 0.2671875 0.29453125 0.0125 0.0265625
0 0.33125 0.27109375 0.009375 0.021875
3 0.72421875 0.34921875 0.025 0.0578125
3 0.646875 0.31640625 0.0203125 0.04375
3 0.5015625 0.28828125 0.0125 0.028125
3 0.46875 0.275 0.0140625 0.0265625
3 0.46875 0.26171875 0.0109375 0.028125
3 0.540625 0.25703125 0.009375 0.021875
3 0.68828125 0.26953125 0.0078125 0.0203125
3 0.609375 0.25703125 0.0078125 0.0203125