0 0.30546875 0.44921875 0.053125 0.103125
0 0.42890625 0.39921875 0.034375 0.0609375
0 0.4875 0.365625 0.021875 0.040625
0 0.45859375 0.33125 0.0125 0.0234375
3 0.80078125 0.584375 0.06875 0.1234375
3 0.7171875 0.45703125 0.034375 0.0625
3 0.68203125 0.4 0.021875 0.0390625
3 0.6390625 0.371875 0.01875 0.03125
3 0.59453125 0.353125 0.015625 0.0265625
3 0.80390625 0.4109375 0.015625 0.028125
3 0.859375 0.44375 0.0125 0.0265625
3 0.934375 0.48671875 0.021875 0.0390625
0 0.9640625 0.46875 0.0140625 0.0265625
0 0.91015625 0.44140625 0.0109375 0.0203125
3 0.77734375 0.390625 0.0109375 0.0203125
3 0.7734375 0.3828125 0.009375 0.01875
0 0.890625 0.4234375 0.009375 0.0171875
3 0.50859375 0.32578125 0.0109375 0.0203125
3 0.54375 0.3359375 0.009375 0.01875