3 0.82734375 0.36328125 0.0296875 0.065625
3 0.7296875 0.29765625 0.0171875 0.0390625
3 0.66875 0.2703125 0.015625 0.0296875
3 0.60546875 0.25859375 0.0109375 0.025
3 0.503125 0.26328125 0.0109375 0.025
3 0.4296875 0.2703125 0.0078125 0.025
3 0.36328125 0.2875 0.009375 0.0234375
3 0.31796875 0.3078125 0.009375 0.0265625
3 0.2703125 0.33203125 0.0109375 0.025
3 0.2 0.36640625 0.0125 0.0328125
3 0.09921875 0.4359375 0.0109375 0.0328125
0 0.096875 0.503125 0.021875 0.0640625
0 0.26796875 0.54296875 0.0453125 0.1078125
0 0.465625 0.35078125 0.021875 0.05625
0 0.53984375 0.29375 0.015625 0.0359375
0 0.47265625 0.28828125 0.0171875 0.0328125
0 0.3828125 0.309375 0.015625 0.0375
0 0.2625 0.3640625 0.01875 0.04375