3 0.0359375 0.45546875 0.015625 0.03125
0 0.04765625 0.4640625 0.015625 0.0375
0 0.140625 0.440625 0.01875 0.040625
0 0.1125 0.54375 0.05 0.0859375
0 0.1953125 0.4890625 0.0359375 0.0625
0 0.18984375 0.43515625 0.021875 0.040625
0 0.20234375 0.453125 0.025 0.046875
3 0.128125 0.43125 0.015625 0.03125
3 0.1953125 0.41484375 0.01875 0.0328125
3 0.26875 0.40234375 0.0171875 0.034375
3 0.34609375 0.39140625 0.0203125 0.0359375
3 0.4015625 0.3890625 0.021875 0.0390625
3 0.440625 0.3921875 0.0296875 0.05
3 0.49453125 0.40234375 0.0328125 0.0578125
3 0.5546875 0.4265625 0.0375 0.06875
3 0.615625 0.46640625 0.05625 0.103125
3 0.8 0.5703125 0.109375 0.1828125