0 0.28815104166666666 0.5098611111111111 0.051765625 0.11441666666666667
0 0.510578125 0.441212962962963 0.033213541666666666 0.07423148148148148
0 0.40117708333333335 0.37060185185185185 0.014723958333333334 0.041305555555555554
0 0.6997447916666667 0.4049351851851852 0.022875 0.06530555555555556
0 0.9243489583333333 0.37395370370370373 0.020619791666666668 0.05581481481481482
0 0.6915677083333333 0.34018518518518515 0.012177083333333333 0.030694444444444444
0 0.6085364583333334 0.34464814814814815 0.014395833333333333 0.03627777777777778
0 0.5388489583333332 0.35275 0.015041666666666667 0.037953703703703705
0 0.7283020833333332 0.3346018518518519 0.00903125 0.02512037037037037
0 0.7352083333333332 0.3276296296296296 0.007291666666666667 0.02790740740740741
0 0.7261041666666667 0.31562962962962965 0.006520833333333333 0.02287962962962963
0 0.7656562499999999 0.31339814814814815 0.008395833333333333 0.02287962962962963
0 0.838640625 0.3080925925925926 0.008687499999999999 0.023444444444444445
0 0.23980208333333333 0.3943240740740741 0.013463541666666667 0.04298148148148148
0 0.027880208333333333 0.42698148148148146 0.020989583333333332 0.05469444444444444
3 0.023328124999999998 0.39349074074074075 0.020052083333333335 0.039074074074074074
3 0.177796875 0.37450925925925926 0.016286458333333333 0.041305555555555554
3 0.2909791666666666 0.3619537037037037 0.014713541666666666 0.03292592592592593
3 0.4559635416666667 0.34102777777777776 0.013151041666666667 0.030138888888888885
3 0.56475 0.3346018518518519 0.010333333333333333 0.02512037037037037
3 0.5981875 0.3293055555555555 0.008765624999999999 0.024555555555555556
3 0.6193802083333334 0.3209351851851852 0.008447916666666666 0.01897222222222222
3 0.6427656249999999 0.3147962962962963 0.008125 0.020092592592592592
3 0.6757239583333334 0.3108888888888889 0.007489583333333333 0.01897222222222222
3 0.733328125 0.3058611111111111 0.007161458333333333 0.020092592592592592
3 0.8067864583333333 0.30362962962962964 0.006515625 0.01897222222222222
3 0.88465625 0.30250925925925926 0.00653125 0.022324074074074073
3 0.9552864583333334 0.30139814814814814 0.007770833333333334 0.023444444444444445
0 0.9329999999999999 0.30976851851851855 0.010286458333333333 0.023444444444444445
1 0.2598958333333333 0.3759074074074074 0.021625000000000002 0.07535185185185185
1 0.22159895833333335 0.38065740740740744 0.021635416666666667 0.07255555555555555
1 0.19397395833333334 0.364462962962963 0.01598958333333333 0.059166666666666666
1 0.161953125 0.3650277777777778 0.017885416666666668 0.0580462962962963