0 0.28515625 0.6328125 0.065625 0.1078125
0 0.4125 0.390625 0.028125 0.046875
0 0.48203125 0.3296875 0.0171875 0.0296875
0 0.52265625 0.2921875 0.0125 0.021875
0 0.36171875 0.36328125 0.0125 0.021875
0 0.2609375 0.42578125 0.015625 0.028125
0 0.16171875 0.496875 0.0171875 0.028125
0 0.0953125 0.54609375 0.015625 0.0265625
0 0.02578125 0.60859375 0.0125 0.0234375
3 0.70390625 0.35625 0.0390625 0.0640625
3 0.65390625 0.28984375 0.0171875 0.0296875
3 0.6421875 0.2671875 0.0125 0.0203125
3 0.64140625 0.25390625 0.009375 0.0171875