3 0.5868697916666666 0.5059537037037036 0.030348958333333335 0.09656481481481483
3 0.32350520833333335 0.4722222222222222 0.040828125 0.09259259259259259
3 0.25171354166666665 0.41864814814814816 0.03266145833333333 0.06481481481481481
3 0.3331822916666667 0.3809537037037037 0.017015625 0.04762037037037037
3 0.363875 0.3576944444444444 0.012718750000000001 0.03819444444444445
1 0.3711041666666667 0.3407962962962963 0.008171875 0.04847222222222222
1 0.3783333333333333 0.3411666666666667 0.0110625 0.046268518518518514
0 0.05426041666666667 0.38266666666666665 0.01403125 0.039657407407407405
0 0.147828125 0.36797222222222226 0.011114583333333334 0.03378703703703704
1 0.18955208333333334 0.34924074074074074 0.015234375 0.04774074074074074
3 0.3939010416666667 0.34675925925925927 0.009442708333333332 0.032407407407407406
3 0.415515625 0.33101851851851855 0.006697916666666666 0.026851851851851852
3 0.43452604166666664 0.31666666666666665 0.007369791666666667 0.024074074074074074
3 0.42436979166666666 0.32037037037037036 0.008776041666666668 0.024074074074074074
3 0.41421354166666663 0.30972222222222223 0.006177083333333333 0.017592592592592594
1 0.2009270833333333 0.3458333333333333 0.013984375 0.05277777777777778
0 0.23842187499999998 0.34953703703703703 0.008765624999999999 0.026851851851851852
0 0.260296875 0.3435185185185185 0.009802083333333333 0.027777777777777776
3 0.37955208333333335 0.30925925925925923 0.0076927083333333335 0.022222222222222223
3 0.33059895833333336 0.30833333333333335 0.005619791666666666 0.022222222222222223
3 0.28711458333333334 0.3111111111111111 0.006151041666666667 0.018518518518518517