0 0.159375 0.459375 0.0640625 0.1390625
0 0.2875 0.39375 0.0484375 0.090625
0 0.3796875 0.353125 0.0375 0.065625
0 0.43515625 0.33125 0.0234375 0.04375
0 0.425 0.3171875 0.021875 0.0421875
3 0.8546875 0.6296875 0.078125 0.153125
3 0.7546875 0.4484375 0.0484375 0.0859375
3 0.70546875 0.38984375 0.034375 0.0625
3 0.69296875 0.36875 0.0265625 0.05
3 0.6671875 0.346875 0.021875 0.0515625
3 0.61796875 0.33046875 0.0234375 0.0390625
3 0.54609375 0.31640625 0.025 0.0375
3 0.459375 0.29375 0.025 0.0375
1 0.871875 0.35 0.0171875 0.0390625
3 0.38515625 0.2875 0.015625 0.0296875
0 0.3484375 0.29453125 0.0203125 0.0375
0 0.2765625 0.27890625 0.0171875 0.034375
0 0.16953125 0.25625 0.01875 0.034375
3 0.24765625 0.265625 0.0171875 0.0359375
3 0.0484375 0.22578125 0.0078125 0.0296875