3 0.779375 0.5506296296296296 0.04913541666666667 0.1219814814814815
3 0.645625 0.4454814814814815 0.0256875 0.07482407407407407
3 0.617984375 0.3979907407407407 0.018015625 0.04334259259259259
3 0.5954114583333333 0.3756666666666667 0.012614583333333334 0.03440740740740741
3 0.5741510416666666 0.35660185185185184 0.008927083333333334 0.024583333333333336
1 0.6826875 0.4680462962962963 0.03234895833333333 0.13318518518518518
1 0.20611979166666666 0.4850555555555556 0.040026041666666665 0.14780555555555555
1 0.23558333333333334 0.47962037037037036 0.03694270833333334 0.12194444444444444
0 0.05456770833333333 0.6095462962962962 0.05190104166666667 0.14369444444444443
0 0.310140625 0.45785185185185184 0.024359375000000003 0.06782407407407408
0 0.34396875 0.4212592592592592 0.019390624999999998 0.05018518518518519
0 0.379359375 0.3953981481481481 0.014130208333333333 0.04396296296296296
0 0.407171875 0.3792314814814815 0.0130625 0.03227777777777778
1 0.6720885416666668 0.45987962962962964 0.02584375 0.11728703703703704
0 0.22769791666666667 0.5046296296296297 0.024395833333333335 0.08025
3 0.5363333333333333 0.3537037037037037 0.008953125000000001 0.024074074074074074
3 0.480609375 0.3537037037037037 0.008942708333333334 0.027777777777777776
3 0.4097864583333333 0.3523148148148148 0.00684375 0.023148148148148147
3 0.3483385416666666 0.35555555555555557 0.007869791666666666 0.024074074074074074
3 0.23324479166666665 0.3611111111111111 0.005760416666666667 0.022222222222222223
0 0.394421875 0.3685185185185185 0.009442708333333332 0.025925925925925925
0 0.3282864583333333 0.36712962962962964 0.00734375 0.025
0 0.26839583333333333 0.36527777777777776 0.008369791666666666 0.025
1 0.7391770833333333 0.32407407407407407 0.008484374999999999 0.027777777777777776