3 0.4984375 0.47265625 0.0625 0.0953125
3 0.4046875 0.45390625 0.0453125 0.075
3 0.340625 0.4421875 0.0328125 0.0609375
3 0.3046875 0.43125 0.03125 0.05625
3 0.259375 0.42890625 0.0203125 0.0390625
3 0.21015625 0.428125 0.0203125 0.0375
3 0.171875 0.43515625 0.0171875 0.0328125
0 0.02734375 0.509375 0.03125 0.0546875
0 0.00703125 0.49453125 0.0140625 0.0453125
3 0.71171875 0.540625 0.090625 0.1921875
3 0.1140625 0.44296875 0.015625 0.03125
3 0.0328125 0.4640625 0.015625 0.0328125
0 0.0046875 0.53828125 0.009375 0.0453125