0 0.040625 0.80546875 0.08125 0.2546875
0 0.14765625 0.403125 0.021875 0.04375
0 0.1140625 0.4359375 0.0265625 0.0546875
0 0.14609375 0.46640625 0.0375 0.0703125
0 0.1796875 0.51015625 0.0546875 0.1015625
0 0.20078125 0.38828125 0.015625 0.034375
0 0.25625 0.37890625 0.0171875 0.034375
0 0.46875 0.37265625 0.0140625 0.0203125
3 0.44921875 0.4 0.0171875 0.0328125
3 0.43671875 0.41484375 0.021875 0.0453125
3 0.51640625 0.43984375 0.040625 0.0703125
3 0.56015625 0.40078125 0.015625 0.028125
3 0.6484375 0.4 0.0203125 0.03125
3 0.703125 0.403125 0.0140625 0.0328125
3 0.69921875 0.51015625 0.046875 0.090625
3 0.771875 0.40546875 0.0140625 0.0234375
3 0.83046875 0.41328125 0.0078125 0.0203125
1 0.81953125 0.40546875 0.015625 0.0359375
1 0.84140625 0.41015625 0.0140625 0.0359375
3 0.88515625 0.41875 0.0125 0.025
3 0.94921875 0.42578125 0.0078125 0.01875
0 0.39296875 0.37109375 0.0125 0.025