0 0.276296875 0.5030833333333333 0.0485 0.09568055555555556
0 0.3604921875 0.41126388888888893 0.020710937500000002 0.050930555555555555
0 0.3815 0.3786527777777778 0.0085859375 0.03216666666666667
0 0.3769765625 0.3640416666666667 0.0085859375 0.021930555555555554
3 0.747203125 0.48391666666666666 0.0393359375 0.08626388888888889
3 0.6008359375000001 0.3925416666666667 0.0188125 0.04240277777777778
3 0.54225 0.36550000000000005 0.0126640625 0.03216666666666667
3 0.4980546875 0.35306944444444444 0.0065078125 0.02338888888888889
3 0.4626953125 0.346125 0.0056875 0.016819444444444442
3 0.7691953125000001 0.3611111111111111 0.010140625 0.027777777777777776
3 0.7065 0.3475833333333333 0.006453125 0.02266666666666667
3 0.8240390625 0.3830138888888889 0.015437500000000002 0.041666666666666664
3 0.6434765625 0.3370694444444444 0.007671875 0.022430555555555554
3 0.590296875 0.3328055555555556 0.007078125 0.020305555555555556
0 0.879921875 0.3653888888888889 0.0094140625 0.02563888888888889
0 0.7973046874999999 0.34775 0.0100390625 0.026708333333333334
3 0.41753906250000006 0.34294444444444444 0.0053203124999999995 0.01923611111111111