0 0.253125 0.559375 0.071875 0.125
0 0.33203125 0.4265625 0.0328125 0.0609375
0 0.31875 0.384375 0.028125 0.046875
0 0.28359375 0.3796875 0.0171875 0.0390625
0 0.24453125 0.38671875 0.01875 0.0296875
3 0.340625 0.3421875 0.0171875 0.0296875
3 0.38046875 0.334375 0.0140625 0.0265625
3 0.39609375 0.321875 0.0109375 0.0203125
3 0.44921875 0.32265625 0.0203125 0.034375
3 0.51484375 0.32265625 0.0203125 0.0375
3 0.59375 0.3375 0.0296875 0.05625
3 0.75078125 0.41171875 0.071875 0.1296875
3 0.80390625 0.28515625 0.0265625 0.05
3 0.7109375 0.27890625 0.01875 0.0359375
3 0.66171875 0.27109375 0.015625 0.028125
3 0.64609375 0.2640625 0.0140625 0.03125
3 0.7046875 0.23984375 0.015625 0.0265625
0 0.90703125 0.26796875 0.009375 0.0171875
0 0.828125 0.25390625 0.0125 0.025
0 0.790625 0.24765625 0.0109375 0.0203125
0 0.7765625 0.23984375 0.0140625 0.0265625
0 0.79375 0.23125 0.0109375 0.021875
0 0.81328125 0.22734375 0.0109375 0.021875
0 0.20234375 0.3953125 0.0140625 0.025