3 0.03828125 0.3875 0.01875 0.0421875
3 0.04609375 0.3765625 0.0140625 0.0359375
3 0.0875 0.36796875 0.0140625 0.028125
3 0.1296875 0.359375 0.0125 0.025
3 0.1828125 0.35546875 0.0140625 0.0296875
3 0.2640625 0.34921875 0.0109375 0.025
3 0.36171875 0.34765625 0.0109375 0.0265625
3 0.4546875 0.34765625 0.0125 0.028125
3 0.53125 0.3515625 0.0109375 0.0265625
3 0.6125 0.35390625 0.0109375 0.028125
3 0.70859375 0.36015625 0.0125 0.03125
3 0.80234375 0.36328125 0.0140625 0.0296875
3 0.90546875 0.3640625 0.0140625 0.028125
0 0.98828125 0.378125 0.0171875 0.0375
0 0.97890625 0.4796875 0.0421875 0.090625
0 0.859375 0.37734375 0.015625 0.0328125
0 0.73125 0.37109375 0.0140625 0.03125
0 0.6390625 0.36796875 0.0140625 0.028125
0 0.68046875 0.51484375 0.059375 0.1125
0 0.51640625 0.36171875 0.0125 0.0265625
0 0.40703125 0.35859375 0.0125 0.028125
0 0.31328125 0.36171875 0.0109375 0.025
0 0.25859375 0.36796875 0.0109375 0.028125
0 0.26640625 0.40078125 0.015625 0.040625
0 0.27265625 0.390625 0.0171875 0.0375
0 0.27109375 0.3765625 0.009375 0.0328125
0 0.20078125 0.40859375 0.0234375 0.0609375
0 0.021875 0.43046875 0.0359375 0.0734375
0 0.18515625 0.7859375 0.103125 0.2828125