3 0.030052083333333333 0.40016666666666667 0.021125 0.05201851851851852
0 0.15226562500000002 0.422537037037037 0.023286458333333333 0.06123148148148148
3 0.21496875000000001 0.38342592592592595 0.016161458333333333 0.04223148148148148
0 0.27471875 0.40287962962962964 0.014942708333333334 0.04947222222222222
3 0.264640625 0.3701388888888889 0.009916666666666666 0.03180555555555556
3 0.32721875 0.3557592592592593 0.007119791666666667 0.016712962962962964
3 0.2957604166666667 0.36542592592592593 0.008895833333333332 0.015277777777777777
3 0.3675364583333333 0.3484351851851852 0.007932291666666667 0.01936111111111111
0 0.3974322916666667 0.39162037037037034 0.022265625 0.04727777777777778
0 0.42940625000000004 0.3598240740740741 0.006989583333333333 0.021611111111111112
0 0.44069270833333335 0.3653888888888889 0.006442708333333333 0.02512037037037037
0 0.44783333333333336 0.3742314814814815 0.00809375 0.030490740740740742
0 0.444125 0.3841481481481481 0.010479166666666668 0.035777777777777776
0 0.47355729166666666 0.3511666666666667 0.010307291666666666 0.025768518518518517
3 0.4325 0.3446944444444444 0.007369791666666667 0.022925925925925926
3 0.511859375 0.34249999999999997 0.008645833333333333 0.021055555555555553
0 0.5515572916666667 0.3501944444444444 0.009213541666666667 0.02175925925925926
3 0.5917395833333334 0.34163888888888894 0.009453125 0.01991666666666667
3 0.6590468749999999 0.34185185185185185 0.008703125 0.019925925925925927
0 0.6466145833333333 0.3513425925925926 0.008911458333333334 0.02262962962962963
0 0.759984375 0.35375 0.011114583333333334 0.02362037037037037
3 0.73565625 0.34462037037037035 0.008442708333333333 0.02050925925925926
3 0.8279270833333333 0.3455 0.010182291666666668 0.023203703703703702
0 0.847390625 0.35600000000000004 0.01425 0.02937962962962963
3 0.9199010416666666 0.3496296296296296 0.011541666666666667 0.024787037037037038
0 0.9716041666666667 0.35898148148148146 0.017125 0.03099074074074074
0 0.7783958333333333 0.46243518518518517 0.045994791666666666 0.09050925925925926
0 0.450484375 0.5344351851851853 0.02059895833333333 0.051138888888888887