0 0.08915625 0.6514537037037037 0.08254166666666667 0.17327777777777775
0 0.28296354166666665 0.4861111111111111 0.040093750000000004 0.09126851851851851
0 0.440046875 0.4233148148148148 0.024484375 0.06412037037037037
0 0.5717656249999999 0.3940462962962963 0.022359375 0.05575925925925926
0 0.7076666666666667 0.3684907407407408 0.019192708333333332 0.051111111111111114
3 0.944015625 0.5324537037037037 0.060140624999999996 0.13587962962962963
3 0.8880312499999999 0.4400277777777778 0.04060416666666666 0.08689814814814814
3 0.9697864583333333 0.39183333333333337 0.029916666666666664 0.06951851851851852
0 0.8895572916666666 0.3484074074074074 0.021697916666666664 0.04586111111111111
0 0.216046875 0.3894074074074074 0.015010416666666667 0.04218518518518519
0 0.36302083333333335 0.37037037037037035 0.0115 0.037037037037037035
0 0.483375 0.3549351851851852 0.010317708333333333 0.03498148148148148
0 0.5930260416666666 0.3395092592592593 0.012026041666666666 0.037037037037037035
0 0.6514687499999999 0.3297314814814815 0.008541666666666666 0.03188888888888889
0 0.723796875 0.3256203703703704 0.009682291666666667 0.03188888888888889
0 0.8713489583333334 0.29989814814814814 0.008489583333333333 0.02160185185185185
0 0.803359375 0.30092592592592593 0.006765625 0.01749074074074074
1 0.3780625 0.35287962962962965 0.015119791666666667 0.05761111111111111
1 0.3508645833333333 0.3600833333333333 0.018447916666666668 0.05555555555555555
1 0.3164375 0.34979629629629627 0.012088541666666668 0.047324074074074074
1 0.2932916666666667 0.35185185185185186 0.013255208333333332 0.04321296296296297
3 0.19116666666666668 0.3698518518518519 0.011541666666666667 0.03395370370370371
3 0.30370833333333336 0.3595648148148148 0.012093749999999999 0.03188888888888889
3 0.39108333333333334 0.34774074074074074 0.012072916666666666 0.03086111111111111
3 0.5244583333333334 0.3323055555555555 0.010307291666666666 0.03086111111111111
3 0.61559375 0.3230462962962963 0.007390625 0.028805555555555556
3 0.6462604166666667 0.31892592592592595 0.005067708333333334 0.028805555555555556
3 0.6679583333333333 0.3132685185185185 0.007958333333333333 0.023666666666666666
3 0.6905260416666666 0.30607407407407405 0.009109375 0.027777777777777776
3 0.7220624999999999 0.3065833333333333 0.008520833333333333 0.024694444444444446
3 0.7744270833333334 0.2962962962962963 0.005619791666666666 0.018518518518518517
3 0.8432864583333333 0.2937222222222223 0.005598958333333333 0.01749074074074074
3 0.9170833333333334 0.2921851851851852 0.008520833333333333 0.02262962962962963
3 0.98246875 0.2921851851851852 0.008505208333333332 0.024694444444444446
0 0.9567239583333333 0.2978425925925926 0.0079375 0.027777777777777776
0 0.759390625 0.3207685185185185 0.0073593750000000005 0.026453703703703705
0 0.7681354166666666 0.31778703703703703 0.0064062500000000005 0.025796296296296296
0 0.7666458333333334 0.31150925925925926 0.006984375 0.023805555555555555
0 0.054614583333333334 0.3991388888888889 0.017447916666666667 0.046953703703703706