0 0.01953125 0.45234375 0.0390625 0.0859375
0 0.04453125 0.365625 0.01875 0.0390625
0 0.10546875 0.41875 0.034375 0.065625
0 0.1171875 0.384375 0.025 0.0515625
0 0.0984375 0.3671875 0.0203125 0.0421875
3 0.10703125 0.34921875 0.015625 0.0359375
3 0.0328125 0.353125 0.0140625 0.034375
3 0.18828125 0.34921875 0.0171875 0.0375
3 0.271875 0.35078125 0.015625 0.040625
3 0.33203125 0.35859375 0.0171875 0.0421875
3 0.37109375 0.36875 0.025 0.046875
3 0.421875 0.38984375 0.025 0.0609375
3 0.47421875 0.4171875 0.040625 0.0703125
3 0.51875 0.46328125 0.0484375 0.0984375
3 0.634375 0.5765625 0.08125 0.20625
3 0.9828125 0.75625 0.0140625 0.1140625