3 0.20625 0.43359375 0.015625 0.0296875
3 0.30859375 0.403125 0.0125 0.025
0 0.1578125 0.46484375 0.0203125 0.034375
0 0.2953125 0.42109375 0.0203125 0.0328125
0 0.4015625 0.39140625 0.01875 0.0359375
0 0.51328125 0.3609375 0.0140625 0.0265625
0 0.60859375 0.3328125 0.0171875 0.03125
0 0.7203125 0.309375 0.0171875 0.03125
0 0.81953125 0.28984375 0.021875 0.0375
0 0.92109375 0.275 0.025 0.040625
0 0.90390625 0.296875 0.03125 0.0484375
0 0.79921875 0.34140625 0.0375 0.059375
0 0.66328125 0.42265625 0.0515625 0.0875
0 0.3875 0.6328125 0.1 0.1625