0 0.1796875 0.50703125 0.0625 0.109375
0 0.20546875 0.43828125 0.0359375 0.0609375
0 0.1859375 0.39921875 0.0265625 0.0484375
0 0.12890625 0.3875 0.021875 0.0390625
0 0.071875 0.3859375 0.0171875 0.0328125
3 0.2375 0.3625 0.0171875 0.0328125
3 0.31484375 0.365625 0.01875 0.034375
3 0.38828125 0.38125 0.025 0.04375
3 0.16171875 0.36328125 0.0140625 0.0234375
3 0.4875 0.4203125 0.03125 0.0546875
3 0.6484375 0.503125 0.053125 0.0859375
3 0.95546875 0.51015625 0.03125 0.0515625
3 0.74296875 0.42890625 0.01875 0.034375
3 0.665625 0.39609375 0.0171875 0.034375
3 0.6015625 0.38046875 0.0140625 0.0265625
3 0.5546875 0.36953125 0.0140625 0.025
1 0.7359375 0.39765625 0.015625 0.0328125
1 0.76328125 0.40703125 0.01875 0.0375
1 0.6828125 0.39765625 0.021875 0.046875
1 0.65078125 0.38671875 0.01875 0.0421875
0 0.82734375 0.434375 0.0171875 0.028125
0 0.74765625 0.40234375 0.015625 0.028125
0 0.640625 0.3765625 0.0140625 0.028125
3 0.0203125 0.36875 0.0140625 0.03125
3 0.0859375 0.36953125 0.0140625 0.0265625
3 0.5234375 0.3609375 0.0125 0.0203125