0 0.29921875 0.46875 0.053125 0.1140625
0 0.471875 0.375 0.03125 0.06875
0 0.45859375 0.328125 0.025 0.0578125
0 0.38515625 0.2828125 0.01875 0.0390625
0 0.34921875 0.25859375 0.0125 0.0296875
0 0.30703125 0.23125 0.0125 0.025
3 0.89140625 0.41015625 0.0390625 0.0609375
3 0.7171875 0.33671875 0.01875 0.0453125
3 0.58359375 0.290625 0.015625 0.03125
3 0.490625 0.2703125 0.0109375 0.025
1 0.33203125 0.2359375 0.0109375 0.034375
1 0.328125 0.234375 0.009375 0.034375
0 0.2953125 0.22578125 0.009375 0.0203125
1 0.44453125 0.24921875 0.0140625 0.034375
1 0.4375 0.2453125 0.009375 0.0328125