3 0.89765625 0.32890625 0.0421875 0.078125
3 0.7921875 0.32421875 0.0296875 0.0546875
3 0.68828125 0.32421875 0.0265625 0.05
3 0.54375 0.340625 0.0203125 0.040625
3 0.3734375 0.3515625 0.021875 0.0375
3 0.2296875 0.37890625 0.0265625 0.04375
3 0.08984375 0.40078125 0.0265625 0.0421875
0 0.06484375 0.42265625 0.0296875 0.05
0 0.34296875 0.54609375 0.075 0.1546875
0 0.253125 0.39375 0.025 0.0515625
0 0.39609375 0.38046875 0.0296875 0.0546875
0 0.528125 0.4171875 0.04375 0.084375
0 0.5375 0.37578125 0.034375 0.0609375