3 0.10703125 0.26875 0.0171875 0.03125
3 0.20703125 0.28515625 0.0171875 0.03125
3 0.28046875 0.29921875 0.0171875 0.03125
3 0.35859375 0.3125 0.01875 0.0328125
3 0.4375 0.3359375 0.01875 0.034375
3 0.49453125 0.3578125 0.021875 0.0375
3 0.53203125 0.37734375 0.025 0.04375
3 0.58203125 0.4125 0.0359375 0.05625
3 0.6328125 0.46953125 0.0453125 0.075
3 0.6828125 0.5578125 0.0734375 0.11875
3 0.86953125 0.8546875 0.16875 0.2859375
0 0.21015625 0.296875 0.0203125 0.0359375
0 0.25859375 0.3125 0.0234375 0.040625
0 0.25859375 0.33671875 0.0328125 0.0515625
0 0.225 0.36875 0.0421875 0.06875
0 0.090625 0.39609375 0.0640625 0.096875