0 0.1005 0.7086666666666667 0.09928125 0.20876851851851852
0 0.5504166666666667 0.4834629629629629 0.04375 0.09656481481481483
0 0.7085052083333333 0.42327777777777775 0.0310625 0.0661388888888889
0 0.8197291666666667 0.39814814814814814 0.018390625 0.05026851851851852
3 0.9750052083333334 0.37113888888888885 0.015354166666666667 0.041666666666666664
3 0.8578333333333333 0.36419444444444443 0.012390624999999999 0.037037037037037035
3 0.7245989583333333 0.3611111111111111 0.011494791666666667 0.04012037037037037
3 0.6230520833333333 0.3595648148148148 0.01146875 0.03086111111111111
3 0.5349531249999999 0.3603425925925926 0.010578124999999999 0.032407407407407406
3 0.42949479166666665 0.36342592592592593 0.011421875 0.032407407407407406
3 0.31319270833333335 0.36265740740740743 0.011395833333333332 0.03086111111111111
0 0.8374322916666667 0.38349074074074074 0.014520833333333334 0.03858333333333334
0 0.7415260416666667 0.3742314814814815 0.014098958333333333 0.03858333333333334
0 0.6434479166666667 0.3719166666666667 0.012343749999999999 0.037037037037037035
0 0.5306093749999999 0.37113888888888885 0.011989583333333333 0.03549074074074074
0 0.43036458333333333 0.37113888888888885 0.013156250000000001 0.03549074074074074
0 0.30147395833333335 0.37886111111111115 0.013994791666666668 0.03858333333333334
0 0.17648958333333334 0.38425925925925924 0.015703125 0.04012037037037037
0 0.007536458333333333 0.39737962962962964 0.015067708333333334 0.041666666666666664
3 0.20295833333333332 0.36960185185185185 0.013104166666666667 0.03549074074074074
3 0.080578125 0.3780833333333333 0.011338541666666667 0.04012037037037037