3 0.56875 0.51875 0.05625 0.146875
3 0.4828125 0.42265625 0.0390625 0.08125
3 0.5796875 0.3734375 0.025 0.05625
3 0.6109375 0.35 0.0171875 0.0453125
3 0.64296875 0.33125 0.0140625 0.0375
3 0.671875 0.31484375 0.0109375 0.028125
3 0.68046875 0.3015625 0.009375 0.028125
3 0.6921875 0.2953125 0.009375 0.0234375
3 0.66875 0.28828125 0.009375 0.021875
3 0.6265625 0.2875 0.0078125 0.021875
3 0.57265625 0.28671875 0.00625 0.0171875
3 0.52734375 0.28828125 0.0078125 0.0203125
3 0.4453125 0.290625 0.00625 0.0203125
3 0.37734375 0.2890625 0.00625 0.015625
3 0.00625 0.328125 0.00625 0.025
0 0.05859375 0.40546875 0.0296875 0.0671875
0 0.20546875 0.37109375 0.025 0.0578125
0 0.2828125 0.36015625 0.0171875 0.046875
0 0.37734375 0.3453125 0.0140625 0.0390625
0 0.15078125 0.3359375 0.009375 0.0265625
0 0.1859375 0.32421875 0.009375 0.0265625
0 0.065625 0.3453125 0.0140625 0.0421875
0 0.046875 0.30703125 0.0046875 0.021875
0 0.07890625 0.3046875 0.0078125 0.021875
0 0.33828125 0.2953125 0.00625 0.01875
0 0.43125 0.3359375 0.0125 0.0359375
0 0.47421875 0.33203125 0.0125 0.028125
0 0.4984375 0.32109375 0.009375 0.021875
0 0.52578125 0.30859375 0.0078125 0.01875
0 0.553125 0.303125 0.0078125 0.0171875
0 0.55078125 0.29296875 0.0078125 0.0203125
0 0.50703125 0.29375 0.0078125 0.015625
0 0.46796875 0.2921875 0.009375 0.021875
1 0.4234375 0.328125 0.015625 0.05625
1 0.4375 0.328125 0.0171875 0.0546875
1 0.61953125 0.33046875 0.0140625 0.053125
1 0.628125 0.328125 0.015625 0.0546875