0 0.36953125 0.48984375 0.0515625 0.1078125
0 0.61171875 0.39140625 0.0234375 0.0546875
0 0.73125 0.3546875 0.015625 0.034375
0 0.78515625 0.346875 0.0125 0.0296875
0 0.82265625 0.34296875 0.0078125 0.0203125
3 0.99140625 0.64765625 0.0109375 0.134375
3 0.93359375 0.453125 0.03125 0.071875
3 0.93125 0.4015625 0.0171875 0.0375
3 0.93515625 0.37890625 0.0109375 0.025
3 0.9390625 0.36796875 0.0109375 0.028125
3 0.95625 0.3625 0.0078125 0.021875
3 0.9796875 0.36328125 0.0078125 0.0171875
0 0.86328125 0.34296875 0.0078125 0.015625
3 0.99765625 0.3640625 0.0046875 0.01875
0 0.89921875 0.34453125 0.0046875 0.015625