1 0.9 0.30234375 0.009375 0.0375
1 0.87890625 0.30859375 0.00625 0.0375
1 0.8546875 0.30078125 0.0125 0.0203125
3 0.8890625 0.3125 0.00625 0.0265625
3 0.83046875 0.31875 0.009375 0.03125
3 0.7609375 0.32109375 0.009375 0.03125
3 0.703125 0.3296875 0.009375 0.03125
3 0.61171875 0.340625 0.0125 0.0328125
3 0.5796875 0.40546875 0.0296875 0.071875
3 0.80625 0.4578125 0.04375 0.109375
3 0.9453125 0.3125 0.0078125 0.021875
3 0.49453125 0.359375 0.0125 0.0421875
3 0.48359375 0.3765625 0.01875 0.0515625
0 0.5078125 0.33125 0.0125 0.0203125
0 0.2 0.55078125 0.0375 0.1046875
0 0.16953125 0.490625 0.0296875 0.0828125
0 0.13828125 0.4546875 0.025 0.0640625
0 0.17890625 0.415625 0.0171875 0.0421875
0 0.2359375 0.38671875 0.015625 0.0359375
0 0.2921875 0.36875 0.0125 0.0328125
0 0.3515625 0.35234375 0.009375 0.0296875
0 0.4328125 0.3390625 0.0125 0.021875