0 0.19162500000000002 0.6116944444444444 0.04041666666666666 0.1099537037037037
0 0.435734375 0.3923611111111111 0.016817708333333334 0.05092592592592592
0 0.511578125 0.33623148148148146 0.011192708333333332 0.03819444444444445
3 0.7267239583333333 0.45949074074074076 0.0288125 0.07175925925925926
3 0.6786614583333334 0.35964814814814816 0.012609375 0.03485185185185185
3 0.6929583333333333 0.33023148148148146 0.008432291666666668 0.01713888888888889
0 0.56715625 0.31708333333333333 0.008729166666666668 0.02171296296296296
0 0.6073229166666666 0.30737037037037035 0.004880208333333333 0.016
0 0.4749322916666667 0.31880555555555556 0.005427083333333333 0.01485185185185185
0 0.390578125 0.3373703703703704 0.006411458333333333 0.015425925925925926
0 0.5316458333333334 0.30680555555555555 0.007114583333333333 0.018287037037037036
0 0.6224270833333333 0.30194444444444446 0.004239583333333334 0.014287037037037037
3 0.39941666666666664 0.32708333333333334 0.005442708333333333 0.014287037037037037
3 0.45838020833333337 0.31251851851851853 0.005109375 0.012564814814814815
3 0.5008020833333333 0.3033796296296296 0.005182291666666667 0.013712962962962963
3 0.7027604166666667 0.3150833333333333 0.00746875 0.01771296296296296