3 0.9750572916666667 0.7471111111111111 0.04988541666666667 0.15393518518518517
3 0.7745677083333333 0.4218796296296296 0.025208333333333333 0.059027777777777776
3 0.686890625 0.3578703703703704 0.015098958333333332 0.036083333333333335
3 0.6312864583333333 0.3311851851851852 0.012994791666666667 0.026314814814814815
3 0.5735625 0.31839814814814815 0.009197916666666667 0.02330555555555556
3 0.4796875 0.3191481481481482 0.008374999999999999 0.02330555555555556
3 0.4111875 0.32366666666666666 0.006697916666666666 0.02330555555555556
3 0.34986979166666665 0.33719444444444446 0.007552083333333333 0.021805555555555557
3 0.3075833333333333 0.3541111111111111 0.0075625 0.024055555555555556
3 0.26276041666666666 0.375537037037037 0.008416666666666666 0.02330555555555556
3 0.19658333333333333 0.40448148148148144 0.010546875 0.030074074074074073
3 0.10144270833333334 0.46537962962962964 0.00971875 0.030074074074074073
0 0.097 0.5266574074074074 0.017755208333333335 0.05788888888888889
0 0.25345833333333334 0.5695092592592593 0.03802083333333333 0.09849074074074074
0 0.44205208333333335 0.3988425925925926 0.01768229166666667 0.05187962962962963
0 0.5116145833333333 0.34847222222222224 0.013020833333333334 0.03232407407407407
0 0.4498802083333333 0.3413333333333333 0.014723958333333334 0.030074074074074073
0 0.367421875 0.35825 0.013046875000000001 0.03383333333333333
0 0.25409375 0.4041111111111111 0.016453125 0.039842592592592596