3 0.9011927083333333 0.5595277777777777 0.069703125 0.14021296296296296
3 0.7163177083333333 0.46825 0.03924479166666666 0.08465740740740742
3 0.569015625 0.432537037037037 0.027375 0.06878703703703705
3 0.4183645833333333 0.4206388888888889 0.02518229166666667 0.0582037037037037
3 0.245390625 0.41732407407407407 0.025963541666666666 0.06216666666666667
0 0.026296875 0.5509259259259259 0.050567708333333336 0.11508333333333334
3 0.08795833333333333 0.42592592592592593 0.01915625 0.05555555555555555
1 0.8799635416666667 0.3472222222222222 0.012770833333333334 0.04937962962962963
3 0.7180885416666667 0.32484259259259257 0.010208333333333335 0.029324074074074075
3 0.7403333333333334 0.33487962962962964 0.011609375 0.027777777777777776
3 0.7553072916666667 0.3298611111111111 0.009661458333333334 0.03009259259259259