3 0.7484375 0.2921875 0.053125 0.11875
3 0.65078125 0.18671875 0.0328125 0.071875
3 0.6140625 0.14140625 0.028125 0.053125
3 0.58671875 0.11484375 0.025 0.0390625
0 0.1625 0.25390625 0.0421875 0.090625
0 0.2859375 0.159375 0.021875 0.0515625
0 0.3671875 0.11484375 0.015625 0.040625
0 0.39765625 0.096875 0.0125 0.0265625
0 0.4390625 0.08046875 0.0125 0.021875
0 0.4140625 0.075 0.009375 0.021875
0 0.375 0.07578125 0.009375 0.01875
0 0.03203125 0.17734375 0.0125 0.028125
0 0.08203125 0.14609375 0.009375 0.025
0 0.13125 0.12421875 0.009375 0.021875
0 0.18515625 0.10625 0.009375 0.01875
0 0.3328125 0.07421875 0.0078125 0.01875
3 0.03046875 0.15 0.009375 0.021875
3 0.1015625 0.12421875 0.0125 0.021875
3 0.56640625 0.1 0.0140625 0.03125
3 0.56015625 0.0859375 0.0125 0.021875
3 0.5546875 0.075 0.009375 0.01875
3 0.1625 0.10390625 0.009375 0.01875
3 0.2265625 0.08671875 0.009375 0.025
0 0.27421875 0.0859375 0.009375 0.025