0 0.08359375 0.79375 0.090625 0.2015625
0 0.1046875 0.61953125 0.0546875 0.1078125
0 0.11171875 0.53515625 0.0328125 0.06875
0 0.18203125 0.4734375 0.021875 0.05
0 0.24765625 0.4359375 0.015625 0.0390625
0 0.3125 0.4125 0.0140625 0.0296875
0 0.37578125 0.39453125 0.0125 0.0296875
0 0.46015625 0.371875 0.0109375 0.028125
3 0.65234375 0.47734375 0.0421875 0.0984375
3 0.51875 0.4296875 0.028125 0.0609375
3 0.53203125 0.40078125 0.0203125 0.046875
3 0.65703125 0.37578125 0.01875 0.040625
0 0.5390625 0.359375 0.015625 0.0203125
3 0.7578125 0.3609375 0.0171875 0.0390625
3 0.8140625 0.3515625 0.0140625 0.03125
3 0.884375 0.3421875 0.009375 0.0265625
1 0.93125 0.3328125 0.0140625 0.0359375
1 0.89921875 0.325 0.021875 0.0265625
0 0.8546875 0.3265625 0.0109375 0.015625
3 0.9421875 0.33828125 0.0109375 0.025