3 0.9703125 0.7109375 0.040625 0.1125
3 0.7375 0.56328125 0.053125 0.10625
3 0.53359375 0.4734375 0.0375 0.071875
3 0.39921875 0.41328125 0.0234375 0.053125
3 0.303125 0.39375 0.0171875 0.04375
0 0.009375 0.69453125 0.01875 0.1078125
0 0.1015625 0.4890625 0.021875 0.05625
0 0.0796875 0.446875 0.0125 0.0390625
0 0.06171875 0.43359375 0.0109375 0.025
0 0.07578125 0.41171875 0.00625 0.01875
3 0.2203125 0.3859375 0.0125 0.0234375
3 0.1828125 0.38125 0.0078125 0.0171875
3 0.17109375 0.37890625 0.0078125 0.01875