3 0.8627760416666667 0.5231481481481481 0.046671875 0.1087962962962963
3 0.5034375 0.4664351851851852 0.024614583333333332 0.0763888888888889
3 0.20073437500000002 0.4756944444444444 0.028583333333333336 0.06944444444444445
3 0.009088541666666667 0.4806944444444444 0.018171875 0.05703703703703704
3 0.021177083333333332 0.40166666666666667 0.014718750000000001 0.029712962962962965
3 0.17289583333333333 0.3891851851851852 0.013989583333333333 0.030898148148148147
3 0.2856875 0.3799814814814815 0.009625 0.027925925925925927
3 0.376921875 0.3734444444444444 0.011609375 0.02436111111111111
3 0.43707812500000004 0.36987962962962967 0.008921875 0.020796296296296295
3 0.44443229166666665 0.3612592592592593 0.007786458333333333 0.017824074074074076
3 0.458296875 0.3633425925925926 0.009255208333333332 0.020796296296296295
3 0.40984375 0.35532407407407407 0.006109375 0.01425925925925926
0 0.3328125 0.3675 0.009098958333333332 0.023175925925925926
0 0.339328125 0.3612592592592593 0.008765624999999999 0.017824074074074076
0 0.31392708333333336 0.3591851851851852 0.007427083333333333 0.01723148148148148
0 0.25310416666666663 0.3722592592592593 0.012760416666666666 0.023175925925925926
0 0.267640625 0.35621296296296295 0.007083333333333333 0.01485185185185185
0 0.21183333333333335 0.35739814814814813 0.009078125 0.01723148148148148
0 0.1428229166666667 0.37819444444444444 0.010734374999999999 0.023175925925925926
0 0.009802083333333333 0.39037962962962963 0.0120625 0.022583333333333334
0 0.011807291666666667 0.3660185185185185 0.010729166666666668 0.02138888888888889