3 0.84609375 0.62109375 0.0734375 0.1203125
3 0.50234375 0.475 0.04375 0.08125
3 0.1984375 0.40859375 0.0453125 0.0765625
3 0.040625 0.290625 0.015625 0.03125
3 0.1921875 0.31640625 0.021875 0.034375
3 0.30703125 0.334375 0.0171875 0.03125
3 0.39921875 0.35078125 0.0171875 0.0265625
3 0.46015625 0.36171875 0.0140625 0.0234375
3 0.46953125 0.35546875 0.0125 0.01875
3 0.4828125 0.3609375 0.0140625 0.0234375
3 0.43671875 0.340625 0.009375 0.015625
0 0.35703125 0.33359375 0.0140625 0.025
0 0.36484375 0.3296875 0.0140625 0.0203125
0 0.33984375 0.32109375 0.0125 0.01875
0 0.2765625 0.31875 0.01875 0.0265625
0 0.29453125 0.30625 0.0109375 0.0171875
0 0.2390625 0.29375 0.0140625 0.0203125
0 0.16484375 0.29765625 0.015625 0.025