3 0.83984375 0.5015625 0.0890625 0.1546875
1 0.696875 0.43203125 0.065625 0.1375
1 0.6765625 0.41484375 0.046875 0.1203125
1 0.1875 0.5609375 0.06875 0.1546875
1 0.23046875 0.54375 0.0546875 0.125
0 0.06015625 0.7515625 0.0640625 0.1578125
0 0.21875 0.5796875 0.0375 0.0828125
0 0.30078125 0.50546875 0.040625 0.06875
0 0.32734375 0.45859375 0.0359375 0.05625
0 0.35859375 0.4203125 0.0265625 0.05
3 0.646875 0.4125 0.0421875 0.071875
3 0.60234375 0.36796875 0.028125 0.05
3 0.57421875 0.3515625 0.0203125 0.0375
3 0.5625 0.34140625 0.015625 0.0296875
3 0.54609375 0.33828125 0.0171875 0.028125
3 0.50546875 0.34375 0.0140625 0.025
3 0.45 0.35625 0.0125 0.0203125
0 0.38359375 0.4 0.0171875 0.03125
0 0.36640625 0.38984375 0.0171875 0.03125
3 0.37890625 0.371875 0.0125 0.0265625
3 0.31875 0.38828125 0.0125 0.0234375
0 0.30078125 0.40234375 0.0125 0.025
3 0.690625 0.43828125 0.0390625 0.0765625
0 0.240625 0.42109375 0.015625 0.03125
1 0.7015625 0.26484375 0.0140625 0.03125
3 0.20546875 0.41875 0.0125 0.025
3 0.10546875 0.44453125 0.0125 0.0265625
3 0.02734375 0.46796875 0.0125 0.0265625
0 0.153125 0.440625 0.0125 0.025
0 0.0390625 0.47109375 0.015625 0.0296875