3 0.88125 0.65078125 0.0828125 0.1625
3 0.56875 0.48046875 0.0421875 0.078125
3 0.4375 0.42734375 0.0265625 0.053125
3 0.35234375 0.41484375 0.0171875 0.040625
3 0.2671875 0.41875 0.0140625 0.0359375
3 0.89453125 0.43984375 0.0265625 0.0484375
3 0.78359375 0.4109375 0.01875 0.0359375
3 0.696875 0.39609375 0.015625 0.034375
3 0.63671875 0.38359375 0.0140625 0.025
3 0.596875 0.378125 0.0109375 0.028125
1 0.80703125 0.40390625 0.025 0.0640625
1 0.7640625 0.39765625 0.01875 0.053125
1 0.86015625 0.3953125 0.015625 0.05
1 0.8953125 0.4015625 0.0171875 0.05
0 0.8734375 0.4078125 0.0140625 0.0328125
0 0.9796875 0.43125 0.015625 0.0375
0 0.73515625 0.37890625 0.0109375 0.025
0 0.79921875 0.3859375 0.0125 0.0328125
0 0.68046875 0.37109375 0.0109375 0.0234375
0 0.64765625 0.36484375 0.0078125 0.021875
0 0.17109375 0.5578125 0.04375 0.090625
0 0.18046875 0.47890625 0.0296875 0.0609375
0 0.13046875 0.465625 0.021875 0.0453125
0 0.078125 0.4640625 0.015625 0.040625
3 0.184375 0.42421875 0.0125 0.028125
3 0.10625 0.43671875 0.0125 0.028125
3 0.1828125 0.40625 0.009375 0.021875
3 0.4109375 0.375 0.0109375 0.0234375
3 0.5171875 0.36796875 0.0078125 0.0203125
0 0.0453125 0.76875 0.090625 0.190625
0 0.0078125 0.471875 0.0140625 0.034375