1 0.86484375 0.56796875 0.0734375 0.240625
1 0.72421875 0.490625 0.05625 0.165625
1 0.15078125 0.57890625 0.075 0.2203125
3 0.778125 0.55703125 0.05625 0.1296875
3 0.60859375 0.43671875 0.028125 0.0671875
3 0.496875 0.378125 0.015625 0.0375
3 0.44921875 0.3546875 0.009375 0.0234375
0 0.22890625 0.484375 0.0296875 0.078125
0 0.2921875 0.40078125 0.015625 0.0390625
0 0.3078125 0.36875 0.0125 0.0296875
3 0.91171875 0.4171875 0.01875 0.046875
3 0.7703125 0.375 0.0140625 0.040625
3 0.70390625 0.353125 0.0109375 0.0296875
3 0.6921875 0.34296875 0.0078125 0.025
0 0.890625 0.38125 0.0109375 0.034375
0 0.828125 0.36328125 0.009375 0.0296875
0 0.328125 0.34921875 0.009375 0.0203125
3 0.4328125 0.340625 0.0109375 0.028125
3 0.44375 0.33671875 0.009375 0.0296875
0 0.79609375 0.353125 0.009375 0.028125
3 0.46953125 0.32890625 0.0078125 0.0234375
0 0.97109375 0.40234375 0.0140625 0.040625