0 0.1765625 0.79453125 0.084375 0.15625
0 0.3609375 0.4984375 0.0390625 0.078125
0 0.55390625 0.38515625 0.0234375 0.0515625
0 0.66640625 0.34296875 0.0203125 0.0421875
3 0.93671875 0.60859375 0.0734375 0.159375
3 0.85703125 0.43125 0.0390625 0.084375
3 0.9796875 0.3828125 0.0234375 0.053125
3 0.96328125 0.2953125 0.0109375 0.0234375
0 0.94453125 0.30859375 0.0140625 0.028125
0 0.89609375 0.3125 0.015625 0.0375
0 0.784375 0.315625 0.01875 0.040625
0 0.72421875 0.2921875 0.015625 0.0296875
0 0.54765625 0.3234375 0.0140625 0.028125
0 0.40078125 0.36484375 0.0125 0.0296875
0 0.2859375 0.4015625 0.0125 0.025
0 0.20703125 0.4328125 0.0109375 0.021875
0 0.7921875 0.2875 0.009375 0.028125
1 0.65234375 0.3 0.0171875 0.0421875
1 0.6625 0.3 0.015625 0.0375
3 0.6828125 0.2859375 0.009375 0.025
3 0.80859375 0.27890625 0.0109375 0.0203125
3 0.75703125 0.278125 0.009375 0.0203125
3 0.575 0.3046875 0.0140625 0.028125
3 0.47578125 0.328125 0.01875 0.0296875
3 0.38203125 0.35703125 0.0078125 0.021875
3 0.296875 0.38515625 0.0109375 0.0203125
1 0.61953125 0.2953125 0.0140625 0.0328125
1 0.6296875 0.2921875 0.0140625 0.03125
0 0.865625 0.2890625 0.0109375 0.025
0 0.9140625 0.2953125 0.0109375 0.0234375
3 0.86015625 0.27734375 0.009375 0.0203125
3 0.91328125 0.2828125 0.0078125 0.0171875