0 0.08160416666666667 0.8258148148148148 0.066359375 0.1909722222222222
0 0.026598958333333332 0.5723425925925926 0.017552083333333336 0.056712962962962965
0 0.20952083333333332 0.4409722222222222 0.016213541666666668 0.046296296296296294
0 0.40611458333333333 0.4184074074074074 0.02528645833333333 0.05439814814814815
3 0.9454479166666666 0.7129629629629629 0.058374999999999996 0.14583333333333334
3 0.7036145833333334 0.3896203703703704 0.021447916666666667 0.04758333333333333
3 0.6473125 0.33090740740740743 0.011729166666666667 0.025333333333333333
3 0.6546093749999999 0.3102129629629629 0.008947916666666667 0.02100925925925926
3 0.6420989583333333 0.3000185185185185 0.008255208333333333 0.016685185185185185
0 0.45667187499999995 0.34883333333333333 0.012114583333333335 0.032749999999999994
0 0.5009895833333333 0.31978703703703704 0.009671875 0.024101851851851853
0 0.5359166666666667 0.3040277777777778 0.006536458333333333 0.016064814814814816
0 0.5616354166666666 0.29568518518518516 0.007229166666666667 0.017916666666666668
0 0.3692604166666667 0.3506851851851852 0.013177083333333334 0.030277777777777782
0 0.4106197916666667 0.32535185185185184 0.009692708333333333 0.022861111111111113
0 0.4425989583333333 0.3083611111111111 0.00690625 0.017305555555555557
3 0.284109375 0.3615 0.009020833333333334 0.024722222222222222
3 0.33971875 0.33431481481481484 0.009010416666666667 0.02100925925925926
3 0.3842083333333333 0.3157685185185185 0.008307291666666666 0.017305555555555557
3 0.2150885416666667 0.3988888888888889 0.009328125 0.026574074074074073
3 0.11499479166666667 0.45944444444444443 0.009348958333333332 0.031518518518518515
3 0.003890625 0.5360740740740741 0.007776041666666666 0.033990740740740745