0 0.04191145833333333 0.3774351851851852 0.012276041666666666 0.03648148148148148
0 0.17980208333333333 0.37519444444444444 0.014166666666666666 0.03286111111111111
3 0.19957291666666668 0.36562962962962964 0.009828125 0.01887962962962963
3 0.2923489583333333 0.3653703703703704 0.010651041666666666 0.02076851851851852
0 0.3196145833333333 0.37681481481481477 0.012161458333333335 0.027490740740740743
3 0.392765625 0.36460185185185184 0.009276041666666667 0.025861111111111112
0 0.41294270833333335 0.37725925925925924 0.01175 0.029944444444444447
3 0.481171875 0.36492592592592593 0.010255208333333333 0.025046296296296296
3 0.5699114583333333 0.36438888888888893 0.009119791666666667 0.020796296296296295
3 0.6564635416666668 0.36271296296296296 0.0069791666666666665 0.02573148148148148
3 0.7446510416666666 0.36079629629629634 0.009619791666666665 0.02150925925925926
0 0.7363385416666667 0.37197222222222226 0.009630208333333333 0.02798148148148148
0 0.6409479166666666 0.37282407407407403 0.010687499999999999 0.028925925925925924
0 0.53209375 0.3738240740740741 0.013505208333333333 0.03163888888888889
0 0.92659375 0.44628703703703704 0.034380208333333336 0.07422222222222222
0 0.9528229166666667 0.3723148148148148 0.011776041666666666 0.02902777777777778
3 0.96340625 0.3657777777777778 0.011244791666666667 0.029416666666666667
3 0.8536927083333333 0.3622962962962963 0.006494791666666667 0.023453703703703702
0 0.8492864583333334 0.3742962962962963 0.009020833333333334 0.027648148148148147
0 0.665734375 0.4853611111111112 0.039578125 0.09175925925925925
0 0.32936979166666663 0.6014537037037038 0.07898958333333334 0.16608333333333333