0 0.029744791666666666 0.9189814814814815 0.05948958333333333 0.16203703703703703
3 0.8875885416666667 0.5284537037037037 0.031390625 0.09798148148148147
3 0.6369166666666667 0.41000925925925924 0.02127604166666667 0.057074074074074076
3 0.5255520833333333 0.37126851851851855 0.019411458333333336 0.049055555555555554
3 0.5386354166666667 0.3425092592592593 0.013411458333333333 0.03721296296296296
3 0.6451822916666666 0.3310925925925926 0.0134375 0.02790740740740741
3 0.7170052083333334 0.32475000000000004 0.009645833333333333 0.023675925925925927
3 0.7588645833333333 0.3209444444444444 0.008421875 0.01437962962962963
3 0.7595781250000001 0.3078333333333333 0.007276041666666667 0.0202962962962963
0 0.23444791666666667 0.5459074074074074 0.04230208333333333 0.08541666666666667
0 0.2765208333333333 0.4257314814814815 0.02003125 0.04575
0 0.31294791666666666 0.3826574074074074 0.013338541666666667 0.03446296296296296
0 0.294734375 0.34759259259259256 0.0076614583333333335 0.01900925925925926
0 0.39866666666666667 0.347 0.007067708333333334 0.026148148148148146
0 0.3951614583333333 0.32234259259259257 0.008067708333333333 0.020796296296296295
0 0.46450520833333336 0.3297685185185185 0.008291666666666666 0.026148148148148146
0 0.542203125 0.3116481481481481 0.007276041666666667 0.020796296296296295
0 0.6234114583333333 0.306 0.008114583333333333 0.020203703703703703
3 0.412703125 0.3119444444444444 0.006302083333333333 0.015444444444444445
3 0.34152083333333333 0.3267962962962963 0.007651041666666666 0.01900925925925926
3 0.27033854166666665 0.3452222222222222 0.006328125 0.017824074074074076
1 0.44461979166666665 0.3062962962962963 0.006625000000000001 0.01961111111111111
1 0.45096875000000003 0.3042222222222222 0.0054062500000000005 0.02138888888888889
1 0.4650052083333333 0.3095648148148148 0.007411458333333333 0.022583333333333334
1 0.47285937499999997 0.306 0.008416666666666666 0.02376851851851852
3 0.49190625000000004 0.3015462962962963 0.006416666666666667 0.01723148148148148
0 0.51546875 0.30333333333333334 0.006088541666666667 0.018416666666666668
3 0.7397291666666667 0.30095370370370367 0.004760416666666667 0.018416666666666668
3 0.7094843750000001 0.2962037037037037 0.0057552083333333335 0.01485185185185185
0 0.6720572916666666 0.30333333333333334 0.006953125 0.020796296296296295