2 0.008979166666666667 0.6441203703703704 0.017958333333333333 0.13847222222222225
1 0.06019270833333333 0.5608888888888889 0.06383854166666666 0.19897222222222222
0 0.029520833333333333 0.6143796296296296 0.0444375 0.13939814814814816
0 0.00809375 0.36257407407407405 0.008682291666666668 0.024324074074074074
3 0.007067708333333334 0.35033333333333333 0.008885416666666666 0.02499074074074074
3 0.09323958333333333 0.3507037037037037 0.009916666666666666 0.02325925925925926
0 0.13520312499999998 0.36066666666666664 0.010994791666666667 0.030250000000000003
0 0.22822395833333334 0.5001296296296296 0.041625 0.08873148148148148
0 0.294078125 0.4346759259259259 0.030875 0.06326851851851852
0 0.349109375 0.39532407407407405 0.021770833333333333 0.05452777777777778
0 0.37499479166666666 0.35904629629629625 0.013911458333333333 0.03581481481481481
0 0.38872395833333334 0.37475 0.01727604166666667 0.03763888888888889
3 0.39755729166666665 0.33975 0.011890624999999998 0.027731481481481482
3 0.32953125 0.3444074074074074 0.0083125 0.028101851851851854
0 0.303078125 0.3557592592592593 0.010598958333333333 0.03127777777777778
0 0.23459895833333333 0.35456481481481483 0.008703125 0.034574074074074077
3 0.201875 0.34617592592592594 0.008687499999999999 0.027675925925925927
3 0.4769791666666666 0.34025000000000005 0.011791666666666667 0.027046296296296297
3 0.5395677083333333 0.34147222222222223 0.0115 0.03509259259259259
3 0.5836875 0.34810185185185183 0.012614583333333334 0.030546296296296297
3 0.6058854166666666 0.3581388888888889 0.013703125 0.034555555555555555
3 0.6172291666666666 0.3723425925925926 0.016916666666666667 0.04667592592592592
3 0.6521614583333334 0.40370370370370373 0.02285416666666667 0.058750000000000004
3 0.7159479166666666 0.48669444444444443 0.042890624999999995 0.09842592592592592
1 0.7940104166666667 0.5234351851851852 0.04830208333333333 0.2237777777777778
1 0.8361770833333334 0.5720185185185185 0.06819791666666666 0.2510648148148148
3 0.8068072916666666 0.5896851851851852 0.03872395833333333 0.15782407407407406
3 0.8310729166666667 0.3201851851851852 0.007317708333333334 0.020712962962962964
3 0.8021718750000001 0.31854629629629627 0.007442708333333333 0.017370370370370373
1 0.764328125 0.3088148148148148 0.008223958333333333 0.03212962962962963
3 0.8778333333333334 0.3217685185185185 0.006625000000000001 0.020305555555555556
3 0.8977968749999999 0.3097962962962963 0.00678125 0.01626851851851852
3 0.9204427083333333 0.3270462962962963 0.007531250000000001 0.018601851851851852
3 0.918734375 0.31957407407407407 0.0060625 0.01751851851851852
3 0.96234375 0.32375 0.007979166666666667 0.019537037037037037
3 0.9406979166666667 0.32032407407407404 0.009713541666666665 0.020009259259259258
3 0.658859375 0.2935185185185185 0.007119791666666667 0.01725925925925926
3 0.672921875 0.29924074074074075 0.0053437499999999995 0.011870370370370371
3 0.682609375 0.2949537037037037 0.005776041666666666 0.013925925925925925