1 0.58125 0.31875 0.0140625 0.05625
1 0.571875 0.31875 0.0125 0.0578125
3 0.56484375 0.3375 0.015625 0.0421875
3 0.59609375 0.32265625 0.0140625 0.0375
1 0.38125 0.31953125 0.0140625 0.059375
1 0.3953125 0.31875 0.0140625 0.0453125
0 0.3890625 0.33125 0.00625 0.0328125
0 0.3359375 0.33984375 0.015625 0.040625
0 0.3671875 0.2890625 0.0078125 0.015625
0 0.43125 0.32265625 0.0109375 0.0328125
0 0.42421875 0.2875 0.009375 0.021875
0 0.45390625 0.31328125 0.0109375 0.028125
0 0.4625 0.2890625 0.0078125 0.0171875
0 0.4828125 0.30234375 0.0109375 0.025
3 0.4828125 0.2796875 0.0078125 0.01875
0 0.50859375 0.2953125 0.00625 0.01875
0 0.50546875 0.290625 0.00625 0.01875
3 0.52734375 0.28046875 0.00625 0.01875
3 0.53046875 0.3640625 0.025 0.059375
3 0.58046875 0.28125 0.0078125 0.0171875
3 0.61953125 0.28203125 0.0078125 0.021875
3 0.62109375 0.3046875 0.0109375 0.0296875
3 0.63203125 0.29453125 0.0109375 0.0265625
3 0.64296875 0.28671875 0.0109375 0.025
3 0.43515625 0.4078125 0.0359375 0.0875
3 0.51796875 0.48125 0.0421875 0.1078125
0 0.2421875 0.34921875 0.021875 0.05625
0 0.16640625 0.3640625 0.028125 0.059375
0 0.1390625 0.3234375 0.0171875 0.0296875
0 0.0171875 0.4015625 0.0328125 0.075
0 0.10546875 0.3296875 0.0125 0.03125
0 0.09921875 0.3125 0.0078125 0.0296875
0 0.021875 0.33828125 0.0140625 0.0390625
3 0.33515625 0.28203125 0.0078125 0.01875
3 0.40234375 0.2828125 0.009375 0.021875
3 0.96640625 0.26875 0.00625 0.0171875
3 0.97734375 0.27265625 0.00625 0.01875
3 0.98671875 0.27734375 0.0078125 0.0171875
3 0.91640625 0.61171875 0.1078125 0.215625