0 0.31953125 0.4734375 0.06875 0.1234375
0 0.41171875 0.38515625 0.0265625 0.0515625
0 0.42421875 0.36015625 0.01875 0.0390625
3 0.8078125 0.52109375 0.0515625 0.0953125
3 0.6671875 0.40625 0.025 0.046875
3 0.59453125 0.365625 0.015625 0.034375
3 0.53984375 0.34375 0.0125 0.028125
3 0.86484375 0.4359375 0.0203125 0.0421875
3 0.78359375 0.39375 0.0125 0.0296875
0 0.89765625 0.41015625 0.0171875 0.0359375
0 0.9875 0.453125 0.015625 0.0328125
3 0.49296875 0.32890625 0.0078125 0.0171875
0 0.4140625 0.33828125 0.0109375 0.0234375
3 0.46015625 0.32265625 0.00625 0.01875
3 0.44609375 0.31953125 0.00625 0.01875
3 0.46484375 0.31875 0.0046875 0.0125