0 0.31484375 0.559375 0.0640625 0.11875
0 0.32421875 0.4453125 0.0375 0.065625
0 0.2828125 0.41953125 0.01875 0.040625
0 0.23828125 0.42421875 0.015625 0.0390625
0 0.19140625 0.43671875 0.0203125 0.0359375
0 0.18125 0.421875 0.015625 0.028125
0 0.20234375 0.41015625 0.015625 0.0328125
0 0.2296875 0.396875 0.0171875 0.028125
3 0.775 0.40234375 0.053125 0.0890625
3 0.61015625 0.36015625 0.0296875 0.053125
3 0.51015625 0.35 0.021875 0.0421875
3 0.4203125 0.3578125 0.021875 0.040625
3 0.3671875 0.36640625 0.0125 0.028125
3 0.371875 0.3578125 0.0078125 0.021875
3 0.43828125 0.334375 0.0125 0.0265625
3 0.496875 0.31953125 0.0140625 0.025
3 0.53515625 0.3078125 0.015625 0.028125
3 0.85625 0.30625 0.0234375 0.04375
3 0.7765625 0.29296875 0.01875 0.03125
3 0.746875 0.2859375 0.015625 0.0265625
3 0.76640625 0.27109375 0.0125 0.01875
3 0.79609375 0.2625 0.009375 0.0234375
3 0.83203125 0.25 0.0109375 0.0203125
3 0.7328125 0.25625 0.0109375 0.01875
3 0.7734375 0.2453125 0.0078125 0.0140625
3 0.6765625 0.26640625 0.009375 0.0203125
0 0.91953125 0.275 0.0125 0.0265625
0 0.89140625 0.2640625 0.0109375 0.0234375
0 0.9015625 0.25703125 0.0109375 0.021875
0 0.9171875 0.24921875 0.0125 0.0203125