3 0.85546875 0.5265625 0.0640625 0.1109375
3 0.71484375 0.4515625 0.034375 0.078125
3 0.73125 0.40859375 0.0234375 0.059375
3 0.81328125 0.390625 0.0234375 0.0453125
3 0.984375 0.390625 0.021875 0.0484375
0 0.12109375 0.57109375 0.078125 0.15
0 0.24453125 0.46328125 0.0484375 0.09375
0 0.315625 0.41328125 0.0265625 0.0640625
0 0.4171875 0.3875 0.0203125 0.0578125
0 0.52109375 0.37734375 0.021875 0.0421875
0 0.63203125 0.36640625 0.0203125 0.0390625
0 0.7875 0.35859375 0.01875 0.040625
0 0.95390625 0.3640625 0.0171875 0.0421875
3 0.0140625 0.33984375 0.00625 0.034375
3 0.1953125 0.33984375 0.0125 0.0328125
3 0.3703125 0.3359375 0.0109375 0.0265625
3 0.29453125 0.3359375 0.0125 0.0265625
3 0.48828125 0.32734375 0.0109375 0.021875
3 0.57265625 0.3265625 0.009375 0.0203125
1 0.284375 0.32890625 0.0140625 0.0453125
1 0.3046875 0.328125 0.0140625 0.0375
1 0.3375 0.3375 0.0171875 0.05
1 0.3609375 0.33828125 0.0171875 0.0484375
0 0.34921875 0.35 0.0109375 0.0234375
0 0.4515625 0.34375 0.0109375 0.028125
0 0.54765625 0.33359375 0.0125 0.028125
0 0.6 0.3359375 0.0109375 0.0265625
0 0.66640625 0.33359375 0.0109375 0.028125
0 0.22421875 0.35703125 0.0125 0.0328125