1 0.1015625 0.58984375 0.1109375 0.221875
1 0.1734375 0.515625 0.075 0.184375
1 0.85 0.50234375 0.109375 0.24375
1 0.7734375 0.4515625 0.0875 0.1921875
3 0.79375 0.503125 0.071875 0.1375
0 0.1484375 0.5765625 0.065625 0.121875
0 0.26875 0.3953125 0.034375 0.0671875
0 0.30234375 0.35390625 0.0234375 0.0421875
0 0.31015625 0.32265625 0.0203125 0.0375
0 0.26484375 0.3109375 0.0171875 0.034375
0 0.1578125 0.3234375 0.015625 0.0328125
0 0.03671875 0.3484375 0.0171875 0.0328125
3 0.0859375 0.3296875 0.015625 0.028125
3 0.634375 0.34765625 0.0359375 0.065625
3 0.553125 0.3015625 0.01875 0.040625
3 0.5140625 0.2796875 0.0234375 0.0328125
3 0.4328125 0.2796875 0.0109375 0.0234375
3 0.32578125 0.28828125 0.0125 0.021875
3 0.2171875 0.29921875 0.009375 0.01875