3 0.034375 0.5015625 0.01875 0.0328125
0 0.04609375 0.51015625 0.01875 0.0375
0 0.13671875 0.47734375 0.0234375 0.040625
0 0.11875 0.58203125 0.0578125 0.0890625
0 0.1953125 0.51875 0.040625 0.0640625
0 0.18515625 0.46640625 0.025 0.0421875
0 0.19921875 0.48203125 0.0296875 0.0484375
3 0.12265625 0.46953125 0.01875 0.0328125
3 0.18828125 0.44453125 0.021875 0.034375
3 0.26015625 0.425 0.0203125 0.034375
3 0.3359375 0.40625 0.0234375 0.0359375
3 0.390625 0.3984375 0.025 0.040625
3 0.43046875 0.39765625 0.034375 0.0515625
3 0.484375 0.40078125 0.0375 0.059375
3 0.54609375 0.4203125 0.04375 0.0703125
3 0.6125 0.45234375 0.065625 0.1046875
3 0.80625 0.5375 0.125 0.1875