0 0.27265625 0.49921875 0.046875 0.09375
0 0.30078125 0.41875 0.0234375 0.053125
0 0.26953125 0.39140625 0.0171875 0.0375
0 0.2328125 0.37890625 0.0125 0.0328125
0 0.1890625 0.36953125 0.0109375 0.025
3 0.70859375 0.49453125 0.05 0.0890625
3 0.5359375 0.40703125 0.021875 0.0453125
3 0.43984375 0.38125 0.0140625 0.0328125
3 0.3640625 0.365625 0.0109375 0.0265625
3 0.8578125 0.421875 0.0171875 0.0359375
3 0.759375 0.39140625 0.009375 0.025
3 0.69765625 0.3734375 0.0125 0.0296875
3 0.646875 0.36796875 0.0109375 0.0265625
3 0.5984375 0.36171875 0.009375 0.0234375
3 0.49140625 0.35546875 0.009375 0.021875
3 0.3953125 0.35 0.009375 0.0234375
3 0.28671875 0.36015625 0.0109375 0.025
3 0.21796875 0.36015625 0.009375 0.0234375
3 0.1515625 0.3578125 0.0109375 0.028125
0 0.1421875 0.37421875 0.0125 0.028125
0 0.9578125 0.4328125 0.015625 0.03125
0 0.84453125 0.4 0.0109375 0.028125
0 0.08203125 0.37421875 0.0109375 0.025
0 0.0203125 0.38203125 0.009375 0.021875