3 0.20625 0.31015625 0.0203125 0.0359375
3 0.0984375 0.29375 0.01875 0.0375
3 0.2828125 0.3234375 0.0203125 0.034375
3 0.36640625 0.3375 0.0234375 0.0375
3 0.4515625 0.359375 0.021875 0.0375
3 0.51640625 0.3828125 0.025 0.0484375
3 0.56328125 0.409375 0.0328125 0.05625
3 0.63125 0.45625 0.0421875 0.075
3 0.72421875 0.553125 0.0625 0.109375
3 0.89453125 0.796875 0.1203125 0.2296875
0 0.0921875 0.30703125 0.0234375 0.0421875
0 0.1984375 0.325 0.021875 0.040625
0 0.2484375 0.3421875 0.028125 0.05
0 0.2375 0.3703125 0.034375 0.0640625
0 0.1703125 0.41875 0.05625 0.0921875