0 0.27421875 0.53203125 0.05 0.1140625
0 0.43359375 0.41328125 0.028125 0.06875
0 0.4140625 0.36796875 0.0234375 0.0578125
0 0.33359375 0.33359375 0.0171875 0.0390625
0 0.29453125 0.31328125 0.0109375 0.0296875
0 0.24921875 0.2921875 0.0125 0.0234375
3 0.85859375 0.38984375 0.0375 0.0609375
3 0.675 0.340625 0.0171875 0.0453125
3 0.534375 0.3125 0.0140625 0.03125
3 0.4375 0.30546875 0.009375 0.025
1 0.27421875 0.29453125 0.009375 0.034375
1 0.2703125 0.2921875 0.009375 0.034375
0 0.23515625 0.28828125 0.0078125 0.0203125
1 0.3890625 0.29140625 0.0125 0.034375
1 0.38125 0.2890625 0.009375 0.034375