3 0.86875 0.4625 0.0765625 0.1328125
3 0.7015625 0.409375 0.0484375 0.084375
3 0.559375 0.39375 0.0390625 0.0671875
3 0.4109375 0.3984375 0.0359375 0.0640625
3 0.2375 0.41171875 0.0296875 0.0640625
3 0.08671875 0.440625 0.028125 0.053125
0 0.06484375 0.54921875 0.0625 0.11875
1 0.8703125 0.2765625 0.01875 0.05625
3 0.7015625 0.26796875 0.0109375 0.0234375
3 0.725 0.27734375 0.0125 0.0328125
3 0.7390625 0.2734375 0.0109375 0.03125
3 0.92421875 0.27890625 0.0125 0.03125
3 0.9421875 0.27890625 0.0125 0.0328125
3 0.9578125 0.28046875 0.0125 0.0359375
3 0.96953125 0.26953125 0.0140625 0.03125
3 0.8765625 0.26171875 0.0125 0.034375