0 0.2596458333333333 0.5682870370370371 0.04223958333333333 0.09722222222222222
0 0.071515625 0.5248888888888888 0.01884375 0.052083333333333336
0 0.2371875 0.42535185185185187 0.01816145833333333 0.04976851851851852
0 0.3530625 0.3871574074074074 0.01553125 0.04282407407407408
0 0.4292239583333333 0.4027777777777778 0.022026041666666666 0.05092592592592592
3 0.9379635416666667 0.6273148148148148 0.04991145833333333 0.1111111111111111
3 0.7135260416666667 0.41500925925925924 0.026921874999999998 0.061648148148148146
3 0.6118281250000001 0.3623796296296296 0.016369791666666668 0.037592592592592594
3 0.5283125 0.3360648148148148 0.011734375 0.030074074074074073
3 0.410125 0.34170370370370373 0.011338541666666667 0.027814814814814813
3 0.329359375 0.3529814814814815 0.008817708333333334 0.024814814814814814
3 0.25281770833333334 0.37628703703703703 0.008833333333333334 0.024814814814814814
3 0.19847916666666665 0.4026018518518519 0.008421875 0.026314814814814815
3 0.14181770833333335 0.43455555555555553 0.010125 0.028574074074074075
3 0.059359375 0.4879351851851852 0.010984375 0.036083333333333335