3 0.0546875 0.41796875 0.0203125 0.040625
3 0.059375 0.40703125 0.015625 0.034375
3 0.0984375 0.3953125 0.0140625 0.0265625
3 0.13671875 0.38359375 0.0140625 0.0234375
3 0.18671875 0.37734375 0.0140625 0.028125
3 0.26171875 0.3640625 0.0109375 0.0234375
3 0.353125 0.3546875 0.0125 0.025
3 0.4390625 0.346875 0.0125 0.0265625
3 0.51171875 0.34375 0.0125 0.025
3 0.5875 0.340625 0.0109375 0.025
3 0.678125 0.3375 0.0125 0.0296875
3 0.765625 0.3328125 0.0140625 0.0296875
3 0.86171875 0.32578125 0.0140625 0.0265625
3 0.96015625 0.32109375 0.015625 0.0296875
0 0.93984375 0.33125 0.01875 0.0359375
0 0.94296875 0.42734375 0.05 0.0875
0 0.81953125 0.34140625 0.015625 0.03125
0 0.69921875 0.346875 0.0140625 0.0296875
0 0.61328125 0.35078125 0.015625 0.0265625
0 0.66328125 0.484375 0.0609375 0.1078125
0 0.4984375 0.35546875 0.0140625 0.025
0 0.39609375 0.3609375 0.0140625 0.0265625
0 0.30859375 0.371875 0.0125 0.0234375
0 0.2578125 0.38125 0.0125 0.0265625
0 0.26796875 0.4109375 0.0171875 0.0390625
0 0.2734375 0.4015625 0.01875 0.0359375
0 0.26953125 0.3890625 0.0109375 0.0296875
0 0.20703125 0.425 0.025 0.0578125
0 0.04296875 0.46015625 0.0375 0.0703125
0 0.2234375 0.778125 0.109375 0.26875