1 0.865625 0.33046875 0.028125 0.0734375
1 0.84921875 0.33125 0.0328125 0.078125
0 0.8609375 0.34375 0.01875 0.0453125
0 0.8 0.3609375 0.03125 0.0578125
0 0.78828125 0.2921875 0.009375 0.0203125
0 0.6859375 0.3875 0.040625 0.0734375
0 0.59375 0.415625 0.0421875 0.0828125
0 0.52265625 0.3609375 0.0203125 0.034375
0 0.5578125 0.34921875 0.015625 0.028125
0 0.553125 0.340625 0.0109375 0.0265625
0 0.51875 0.340625 0.0125 0.0296875
0 0.484375 0.33671875 0.0125 0.0234375
0 0.45859375 0.33203125 0.0109375 0.021875
0 0.43984375 0.375 0.021875 0.04375
0 0.40625 0.48203125 0.0625 0.1015625
0 0.25703125 0.40703125 0.0234375 0.0484375
0 0.19375 0.60859375 0.1046875 0.159375
0 0.0328125 0.44453125 0.028125 0.0484375
3 0.04140625 0.4234375 0.0171875 0.028125
3 0.16796875 0.40546875 0.0234375 0.0421875
3 0.30703125 0.384375 0.0203125 0.0390625
3 0.375 0.36953125 0.015625 0.028125
3 0.3671875 0.3578125 0.0125 0.025
3 0.3890625 0.3609375 0.0171875 0.0296875
3 0.33359375 0.35703125 0.0140625 0.0265625
3 0.32265625 0.34296875 0.009375 0.01875
3 0.31328125 0.35625 0.0125 0.01875
3 0.284375 0.3546875 0.0109375 0.0234375
3 0.93203125 0.27265625 0.015625 0.0296875
0 0.95859375 0.2984375 0.0171875 0.0328125
0 0.97265625 0.28125 0.0109375 0.0296875
0 0.9296875 0.3125 0.0234375 0.0375
0 0.90625 0.33203125 0.021875 0.0375
0 0.9140625 0.2796875 0.015625 0.025
0 0.8609375 0.2859375 0.0125 0.025