0 0.30625 0.4234375 0.0359375 0.0828125
0 0.39296875 0.34921875 0.025 0.0515625
0 0.43359375 0.31953125 0.0140625 0.0390625
0 0.453125 0.30234375 0.0125 0.0265625
0 0.06953125 0.38671875 0.0125 0.034375
0 0.153125 0.3609375 0.009375 0.03125
0 0.21171875 0.32890625 0.009375 0.028125
0 0.2046875 0.34453125 0.0125 0.0296875
0 0.93203125 0.29296875 0.0140625 0.0375
0 0.85546875 0.2765625 0.0140625 0.0296875
3 0.721875 0.39609375 0.040625 0.0875
3 0.63984375 0.32890625 0.0203125 0.0484375
3 0.61328125 0.3046875 0.0171875 0.0328125
3 0.5921875 0.29296875 0.015625 0.0296875
3 0.92421875 0.32421875 0.0234375 0.0453125
3 0.8 0.29375 0.0140625 0.03125
3 0.73828125 0.2796875 0.0109375 0.03125
3 0.7125 0.2703125 0.009375 0.025
3 0.70078125 0.26484375 0.0109375 0.025
3 0.5765625 0.278125 0.009375 0.0234375
3 0.56171875 0.2734375 0.0078125 0.01875
3 0.68046875 0.259375 0.0078125 0.01875
3 0.0140625 0.390625 0.0140625 0.0296875
3 0.06171875 0.37265625 0.0109375 0.028125
3 0.08671875 0.3625 0.0109375 0.025