0 0.26796875 0.43359375 0.0625 0.103125
0 0.3015625 0.37734375 0.0421875 0.071875
0 0.17265625 0.33046875 0.0375 0.0609375
0 0.05078125 0.29921875 0.0390625 0.0609375
3 0.0625 0.26875 0.0265625 0.04375
3 0.27734375 0.3125 0.0328125 0.0578125
3 0.3953125 0.33828125 0.0265625 0.046875
3 0.52890625 0.37109375 0.0296875 0.05
3 0.64375 0.40390625 0.0328125 0.05625
3 0.7453125 0.44609375 0.0359375 0.0640625
3 0.825 0.5 0.05625 0.0953125
3 0.9515625 0.6234375 0.09375 0.153125
3 0.99609375 0.43671875 0.0078125 0.0265625
3 0.8078125 0.35625 0.0140625 0.0234375
3 0.82578125 0.371875 0.0125 0.021875
3 0.8390625 0.36796875 0.009375 0.01875
3 0.9625 0.40234375 0.0109375 0.021875
1 0.95078125 0.41796875 0.025 0.0484375