3 0.975953125 0.7969537037037038 0.048093750000000005 0.18386111111111111
3 0.740125 0.3984814814814815 0.018338541666666666 0.04990740740740741
3 0.6975989583333334 0.3411666666666667 0.009932291666666667 0.02287962962962963
3 0.6840677083333334 0.3165277777777778 0.006463541666666667 0.020722222222222222
0 0.2523020833333333 0.5617777777777778 0.03563541666666667 0.09391666666666668
0 0.4549166666666667 0.3968981481481481 0.021166666666666667 0.04742592592592593
0 0.534296875 0.3378425925925926 0.009697916666666667 0.026833333333333334
0 0.5527552083333334 0.3155555555555556 0.007604166666666666 0.021046296296296296
0 0.4908854166666667 0.3149351851851852 0.006458333333333333 0.020638888888888887
0 0.402671875 0.34568518518518515 0.009265625 0.02352777777777778
0 0.29271874999999997 0.3908888888888889 0.012723958333333334 0.031370370370370375
0 0.136234375 0.46187962962962964 0.011796875 0.03632407407407407
0 0.013427083333333334 0.5316388888888889 0.010432291666666668 0.03467592592592593