1 0.015625 0.4015625 0.028125 0.1125
1 0.0703125 0.396875 0.046875 0.115625
0 0.0375 0.4203125 0.034375 0.0703125
3 0.1359375 0.37578125 0.021875 0.05
0 0.271875 0.4015625 0.028125 0.0578125
0 0.46484375 0.3890625 0.0234375 0.05
0 0.553125 0.38515625 0.0234375 0.0484375
0 0.41796875 0.5484375 0.0703125 0.1359375
0 0.65625 0.3859375 0.0203125 0.0453125
0 0.69453125 0.48828125 0.0515625 0.1046875
0 0.6875 0.35703125 0.0125 0.0265625
0 0.69765625 0.38203125 0.0140625 0.034375
0 0.7046875 0.378125 0.0125 0.0296875
0 0.734375 0.35390625 0.0140625 0.028125
0 0.81796875 0.359375 0.0125 0.025
0 0.925 0.3671875 0.0125 0.0265625
0 0.9796875 0.459375 0.040625 0.08125
3 0.94453125 0.36015625 0.0125 0.025
0 0.00625 0.70703125 0.0125 0.2828125
3 0.36015625 0.36875 0.021875 0.040625
3 0.496875 0.36484375 0.0203125 0.040625
3 0.53828125 0.36328125 0.0125 0.0328125
3 0.53515625 0.3578125 0.0125 0.0296875
3 0.5625 0.35703125 0.0109375 0.0265625
3 0.58984375 0.34921875 0.0125 0.025
3 0.778125 0.34921875 0.0109375 0.0234375
3 0.62734375 0.346875 0.009375 0.0203125
3 0.865625 0.35390625 0.0109375 0.0265625