0 0.1508828125 0.5841111111111111 0.03725 0.10956944444444444
0 0.17084375000000002 0.49227777777777776 0.0198828125 0.06481944444444444
0 0.141765625 0.4629583333333333 0.012078125 0.05555555555555555
0 0.0870859375 0.4621944444444444 0.013828125 0.04475
3 0.6699140625 0.4907361111111111 0.0440703125 0.10184722222222221
3 0.511515625 0.41512499999999997 0.02240625 0.05555555555555555
3 0.4043203125 0.40123611111111107 0.016359375000000002 0.04938888888888889
0 0.041523437499999996 0.46681944444444445 0.011234375000000001 0.041666666666666664
0 0.00578125 0.4699027777777778 0.011554687499999999 0.03858333333333334
3 0.30878125 0.4027777777777778 0.0125546875 0.04059722222222222
3 0.228859375 0.40705555555555556 0.012578125 0.036319444444444446
3 0.16996875 0.4145277777777778 0.008984375 0.04059722222222222
3 0.10387500000000001 0.4246805555555555 0.009 0.033125
3 0.41693749999999996 0.3675277777777778 0.011328125 0.029916666666666664
3 0.5196875000000001 0.3556805555555555 0.0076953125 0.023500000000000004
3 0.5926953125 0.3440138888888889 0.009484375 0.029916666666666664
3 0.6569921875 0.3434861111111111 0.008265625 0.024569444444444446
3 0.7227890625 0.34615277777777775 0.007648437499999999 0.021361111111111112
3 0.7870859375 0.35683333333333334 0.0088359375 0.029916666666666664
3 0.8420703125 0.3685833333333333 0.01303125 0.034194444444444444
3 0.9081640625 0.3830138888888889 0.0166171875 0.041666666666666664
0 0.93534375 0.3634305555555556 0.009546875 0.03240277777777777
0 0.8839218750000001 0.35358333333333336 0.006953125 0.028930555555555553
0 0.8474609375 0.3454861111111111 0.008265625 0.024305555555555556