0 0.0453125 0.7109375 0.0484375 0.121875
0 0.0484375 0.49765625 0.028125 0.05625
0 0.1640625 0.47421875 0.03125 0.0546875
0 0.17890625 0.5375 0.0546875 0.0890625
0 0.2421875 0.48359375 0.0375 0.06875
3 0.090625 0.47265625 0.025 0.0359375
3 0.23125 0.43046875 0.0265625 0.0421875
3 0.346875 0.40625 0.025 0.0421875
3 0.44296875 0.38671875 0.025 0.0421875
3 0.5 0.3890625 0.028125 0.053125
3 0.55 0.39609375 0.0421875 0.06875
3 0.640625 0.4171875 0.059375 0.090625
3 0.77734375 0.478125 0.1015625 0.15625