0 0.01015625 0.4 0.015625 0.0421875
0 0.2375 0.39453125 0.0171875 0.0453125
0 0.428125 0.3890625 0.0140625 0.0390625
0 0.51484375 0.38671875 0.0109375 0.0328125
0 0.5515625 0.378125 0.0125 0.0296875
0 0.97265625 0.3828125 0.0109375 0.0296875
0 0.9375 0.39296875 0.0125 0.0328125
0 0.91015625 0.4078125 0.0125 0.0375
0 0.79609375 0.42421875 0.021875 0.0515625
0 0.67734375 0.4359375 0.0265625 0.059375
0 0.57890625 0.44921875 0.034375 0.06875
0 0.3875 0.4859375 0.046875 0.0953125
0 0.175 0.5734375 0.071875 0.1421875
3 0.14765625 0.3796875 0.015625 0.034375
3 0.29140625 0.378125 0.0125 0.0328125
3 0.3625 0.3734375 0.0109375 0.0296875
3 0.37734375 0.3671875 0.0109375 0.028125
1 0.865625 0.40390625 0.021875 0.0671875
1 0.85078125 0.40234375 0.0234375 0.0734375