0 0.2041484375 0.5481111111111111 0.036234375 0.10019444444444445
0 0.51046875 0.41616666666666663 0.0194296875 0.05654166666666667
0 0.66778125 0.3762638888888889 0.0111953125 0.037875
0 0.773953125 0.3579583333333334 0.0090390625 0.029041666666666667
0 0.8325390625000001 0.3554305555555555 0.0068984375 0.02398611111111111
3 0.9669453125 0.6861111111111111 0.0630234375 0.18333333333333332
3 0.8685234375 0.48333333333333334 0.028671875000000003 0.08611111111111111
3 0.8970390625 0.41805555555555557 0.016953125 0.05277777777777778
3 0.936875 0.39305555555555555 0.0138125 0.03888888888888889
3 0.961546875 0.38348611111111114 0.012757812499999998 0.0355
3 0.9785 0.3798055555555555 0.0106484375 0.03098611111111111
0 0.8742421874999999 0.35683333333333334 0.007671875 0.021361111111111112