0 0.14446354166666667 0.4840648148148148 0.01653125 0.046648148148148154
0 0.3554114583333333 0.4697777777777778 0.0271875 0.07139814814814814
0 0.430015625 0.3665555555555556 0.014291666666666668 0.03388888888888889
0 0.33470833333333333 0.3716111111111111 0.011640625 0.02735185185185185
0 0.3858489583333334 0.33744444444444444 0.007515625 0.021064814814814814
0 0.4843125 0.3316851851851852 0.008953125000000001 0.0225
3 0.7246406249999999 0.42662037037037037 0.023260416666666665 0.05453703703703704
3 0.6473229166666666 0.34225925925925926 0.009864583333333335 0.02783333333333333
3 0.6514739583333333 0.3203888888888889 0.007307291666666666 0.020453703703703703
3 0.6362447916666666 0.3081203703703704 0.0049947916666666665 0.015722222222222224
3 0.174859375 0.4196944444444444 0.008083333333333333 0.023425925925925926
3 0.06611458333333334 0.4898148148148148 0.009000000000000001 0.029231481481481483