0 0.03457291666666666 0.5555555555555556 0.04942708333333334 0.11728703703703704
0 0.049765625 0.41126851851851853 0.015572916666666665 0.041666666666666664
0 0.16650520833333332 0.4104907407407407 0.014677083333333334 0.046296296296296294
0 0.23897916666666666 0.4297870370370371 0.019 0.05400925925925926
0 0.17822395833333332 0.46064814814814814 0.029432291666666666 0.0663611111111111
3 0.09099479166666667 0.3912037037037037 0.014697916666666666 0.032407407407407406
3 0.23116666666666666 0.38502777777777775 0.013796874999999998 0.029324074074074075
3 0.34660416666666666 0.38425925925925924 0.01203125 0.03086111111111111
3 0.43991145833333334 0.38425925925925924 0.011140625 0.03395370370370371
3 0.4919895833333333 0.39275 0.016338541666666668 0.04475
3 0.5332135416666667 0.4058611111111111 0.022401041666666666 0.04937962962962963
3 0.6048229166666667 0.4398148148148148 0.028463541666666665 0.06789814814814815
3 0.6968229166666667 0.5046296296296297 0.042328125 0.10185185185185185