3 0.7606666666666667 0.5215740740740741 0.05338020833333333 0.13971296296296296
3 0.6370625000000001 0.4272222222222222 0.038322916666666665 0.08858333333333333
3 0.55153125 0.3926574074074074 0.02499479166666667 0.061759259259259264
3 0.5002239583333333 0.381037037037037 0.023567708333333333 0.05970370370370371
3 0.4326302083333333 0.3704444444444444 0.022312500000000002 0.0490925925925926
3 0.34269791666666666 0.3599907407407408 0.022505208333333335 0.044055555555555556
3 0.26144270833333333 0.3691111111111111 0.022203125 0.046435185185185184
0 0.143046875 0.5023888888888889 0.04284895833333333 0.09869444444444445
0 0.20982291666666666 0.43106481481481485 0.029083333333333336 0.06450925925925927
0 0.17348958333333334 0.3807407407407407 0.01891666666666667 0.048518518518518516
0 0.22284375 0.39579629629629626 0.025364583333333336 0.04952777777777778