3 0.84609375 0.55625 0.1 0.1796875
3 0.6203125 0.43984375 0.05 0.0859375
3 0.48828125 0.4203125 0.034375 0.059375
3 0.36171875 0.4328125 0.028125 0.04375
3 0.27890625 0.45390625 0.025 0.040625
3 0.14375 0.49765625 0.021875 0.040625
3 0.0484375 0.534375 0.015625 0.03125
3 0.8640625 0.3375 0.0265625 0.0484375
3 0.7640625 0.32109375 0.025 0.04375
3 0.7140625 0.31875 0.0171875 0.03125
0 0.90703125 0.3 0.01875 0.0359375
0 0.803125 0.29375 0.0171875 0.0296875
0 0.08671875 0.8515625 0.0890625 0.1953125
0 0.2109375 0.59375 0.0515625 0.1015625
0 0.22421875 0.540625 0.040625 0.075
0 0.14453125 0.5390625 0.0328125 0.0515625
0 0.028125 0.57578125 0.021875 0.05