0 0.2339765625 0.522625 0.042171875 0.08819444444444445
0 0.2682890625 0.45084722222222223 0.020109375 0.05723611111111111
0 0.301 0.4212916666666666 0.0158984375 0.03752777777777778
0 0.37092187499999996 0.39126388888888886 0.013273437499999999 0.030027777777777778
3 0.6319140625 0.4494444444444445 0.028414062499999997 0.06380555555555555
3 0.5253203125 0.4081527777777778 0.015890625 0.04879166666666667
3 0.495234375 0.38891666666666663 0.016835937500000002 0.03847222222222222
3 0.5395625 0.3785972222222222 0.01378125 0.042222222222222223
3 0.619515625 0.37062500000000004 0.010109375 0.028152777777777777
3 0.6923359375 0.3664027777777778 0.012234375 0.034722222222222224
3 0.7749296875 0.3725 0.013843749999999998 0.03565277777777778
3 0.864109375 0.3856388888888889 0.0138671875 0.03940277777777778