0 0.14921875 0.7546875 0.090625 0.1546875
0 0.19609375 0.5734375 0.0453125 0.06875
0 0.171875 0.53671875 0.0296875 0.0515625
0 0.13046875 0.5390625 0.025 0.040625
0 0.075 0.55234375 0.0203125 0.0328125
0 0.0140625 0.58125 0.0171875 0.03125
3 0.18515625 0.48515625 0.01875 0.0296875
3 0.26328125 0.4640625 0.01875 0.028125
3 0.35546875 0.43984375 0.0265625 0.04375
3 0.48671875 0.4375 0.0390625 0.0625
3 0.75859375 0.496875 0.090625 0.1359375
3 0.70625 0.32578125 0.0234375 0.034375
3 0.5375 0.36015625 0.01875 0.0296875