0 0.19064062499999998 0.5549814814814815 0.051369791666666664 0.1261574074074074
0 0.23360937499999998 0.4664351851851852 0.03443229166666666 0.07175925925925926
0 0.10080729166666667 0.4461851851851852 0.027953125000000002 0.06828703703703703
3 0.219609375 0.3998888888888889 0.020765625 0.04513888888888889
3 0.3439479166666667 0.39525925925925925 0.0194375 0.04976851851851852
3 0.8182135416666667 0.4616203703703704 0.042609375 0.0842037037037037
3 0.7154583333333334 0.42177777777777775 0.02825 0.058638888888888886
3 0.605515625 0.4033611111111111 0.022354166666666668 0.04736111111111111
3 0.48246354166666666 0.396212962962963 0.01984375 0.04360185185185186
3 0.748 0.3157962962962963 0.011380208333333334 0.036148148148148145
3 0.76853125 0.3229074074074074 0.010906250000000001 0.021805555555555557
3 0.7826979166666667 0.32102777777777775 0.007093749999999999 0.021055555555555553
1 0.8968697916666667 0.33870370370370373 0.01553125 0.04736111111111111
3 0.9748958333333333 0.3556111111111111 0.012572916666666666 0.028574074074074075
3 0.9888489583333333 0.343212962962963 0.011723958333333334 0.024814814814814814
3 0.9622083333333333 0.34997222222222224 0.012572916666666666 0.026314814814814815
3 0.948890625 0.34772222222222227 0.009614583333333334 0.024814814814814814
3 0.90596875 0.32478703703703704 0.01025 0.024055555555555556