0 0.3265625 0.5578125 0.065625 0.128125
0 0.49921875 0.4171875 0.0265625 0.059375
0 0.57734375 0.38671875 0.0171875 0.040625
0 0.64921875 0.37265625 0.0140625 0.0328125
0 0.73125 0.3671875 0.0109375 0.025
0 0.7703125 0.36640625 0.009375 0.021875
0 0.80546875 0.3640625 0.0078125 0.01875
3 0.94296875 0.58984375 0.0609375 0.1375
3 0.78359375 0.440625 0.0265625 0.05625
3 0.77265625 0.40625 0.01875 0.040625
3 0.8 0.390625 0.015625 0.034375
3 0.84453125 0.3859375 0.0125 0.028125
3 0.87578125 0.38359375 0.0109375 0.028125
3 0.9046875 0.38203125 0.0046875 0.015625