0 0.136203125 0.6534722222222222 0.0718125 0.15416666666666667
0 0.393203125 0.4027777777777778 0.0251171875 0.05
0 0.46713281249999994 0.3643472222222222 0.010796875000000001 0.03123611111111111
0 0.569109375 0.3413611111111111 0.013750000000000002 0.028624999999999998
0 0.6620546875 0.33355555555555555 0.0123125 0.025152777777777777
0 0.7515859375 0.33268055555555553 0.010875 0.025152777777777777
3 0.87771875 0.6111527777777778 0.0676875 0.1622222222222222
3 0.6540234375 0.40468055555555554 0.0213984375 0.05465277777777778
3 0.664515625 0.3743194444444444 0.016171875 0.03730555555555556
3 0.700375 0.3569722222222222 0.013578125 0.03730555555555556
3 0.7718515625 0.35394444444444445 0.012296875 0.03123611111111111
3 0.8435703125 0.35350000000000004 0.009390625 0.025152777777777777
3 0.8962265625000001 0.3532777777777778 0.0069140625 0.023125
0 0.8092812500000001 0.33487500000000003 0.0059765625 0.014555555555555556