0 0.08671875 0.8328125 0.0703125 0.1921875
0 0.028125 0.58125 0.01875 0.0578125
0 0.20859375 0.44609375 0.0171875 0.046875
0 0.4046875 0.4203125 0.0265625 0.0546875
3 0.94921875 0.70546875 0.0609375 0.146875
3 0.7015625 0.3859375 0.021875 0.0484375
3 0.64453125 0.32890625 0.0125 0.025
3 0.6515625 0.3078125 0.009375 0.021875
3 0.6390625 0.29765625 0.009375 0.0171875
0 0.4546875 0.35 0.0125 0.0328125
0 0.49765625 0.31953125 0.009375 0.025
0 0.5328125 0.303125 0.00625 0.0171875
0 0.5578125 0.29453125 0.0078125 0.01875
0 0.3671875 0.353125 0.0140625 0.03125
0 0.4078125 0.3265625 0.009375 0.0234375
0 0.43984375 0.309375 0.0078125 0.0171875
3 0.28203125 0.365625 0.009375 0.025
3 0.33671875 0.3375 0.009375 0.021875
3 0.38125 0.31796875 0.009375 0.0171875
3 0.21328125 0.40390625 0.009375 0.0265625
3 0.1140625 0.46640625 0.009375 0.03125
3 0.0046875 0.54453125 0.0078125 0.034375