3 0.952203125 0.7237685185185185 0.08052604166666667 0.24383333333333332
3 0.6012604166666667 0.517962962962963 0.04271354166666667 0.11925
3 0.49526041666666665 0.4625370370370371 0.036234375 0.08612037037037037
3 0.3987864583333333 0.4060648148148148 0.021177083333333332 0.05074074074074074
3 0.4340885416666667 0.4274907407407407 0.026786458333333332 0.06313888888888888
3 0.36043749999999997 0.3919259259259259 0.021921875 0.04437037037037037
3 0.31614583333333335 0.38057407407407406 0.014302083333333333 0.035222222222222224
3 0.2824427083333333 0.3781666666666667 0.0131875 0.032490740740740744
3 0.22944270833333333 0.37519444444444444 0.012791666666666666 0.03177777777777778
3 0.15599479166666666 0.37873148148148145 0.013744791666666667 0.0305
3 0.016411458333333333 0.38975925925925925 0.012666666666666666 0.033777777777777775
3 0.08219791666666666 0.3837777777777778 0.010052083333333333 0.025472222222222222
0 0.038760416666666665 0.3965925925925926 0.015541666666666667 0.03164814814814815
0 0.07305729166666668 0.44758333333333333 0.026807291666666667 0.05974074074074074
0 0.09157812500000001 0.3960370370370371 0.013390625 0.03174074074074074
0 0.11221875 0.40475925925925926 0.016026041666666668 0.035916666666666666
0 0.12061979166666667 0.4251759259259259 0.022979166666666665 0.04661111111111112
0 0.010213541666666666 0.4967314814814815 0.020432291666666665 0.07658333333333332