0 0.3581875 0.5453888888888889 0.058171875 0.12272222222222222
0 0.55734375 0.3963194444444445 0.022382812499999998 0.051819444444444446
0 0.614546875 0.3665555555555556 0.0125546875 0.035111111111111114
0 0.6456171875 0.3511388888888889 0.007671875 0.022263888888888892
3 0.9863671875 0.6018611111111111 0.0272578125 0.11604166666666667
3 0.8356484375000001 0.419875 0.021609375 0.057805555555555554
3 0.7941015625000001 0.3804722222222222 0.011859375 0.035541666666666666
3 0.7768828125 0.3627083333333333 0.0081328125 0.02826388888888889
0 0.681140625 0.34279166666666666 0.00646875 0.016694444444444442
3 0.9739140624999999 0.3841111111111111 0.0081328125 0.022263888888888892
3 0.93634375 0.36784722222222227 0.00621875 0.018847222222222224
0 0.7147734375 0.33929166666666666 0.0063671875000000005 0.015486111111111112
0 0.7389218750000001 0.33894444444444444 0.0055078125 0.013375000000000001
0 0.7588125 0.3378888888888889 0.0045078125 0.011263888888888888
3 0.7830625 0.35250000000000004 0.008367187500000001 0.020055555555555556
3 0.7988984375 0.34756944444444443 0.005093749999999999 0.01725