0 0.0140625 0.55546875 0.028125 0.2078125
0 0.22109375 0.42109375 0.084375 0.1296875
0 0.3484375 0.37109375 0.0546875 0.08125
0 0.42265625 0.34921875 0.034375 0.059375
0 0.4171875 0.3265625 0.028125 0.0484375
0 0.3328125 0.2953125 0.025 0.04375
0 0.25078125 0.2796875 0.028125 0.04375
0 0.1328125 0.25078125 0.0234375 0.0390625
3 0.103125 0.23046875 0.0234375 0.040625
3 0.375 0.28984375 0.0203125 0.034375
3 0.4546875 0.31015625 0.0234375 0.0390625
3 0.5484375 0.334375 0.021875 0.0359375
3 0.62578125 0.35625 0.0265625 0.0484375
3 0.68515625 0.37734375 0.0328125 0.05
3 0.715625 0.4 0.0328125 0.0515625
3 0.734375 0.42890625 0.0421875 0.071875
3 0.80859375 0.5140625 0.0734375 0.10625
1 0.89375 0.3828125 0.025 0.0484375