0 0.0234375 0.5828125 0.046875 0.203125
0 0.371875 0.27421875 0.053125 0.109375
0 0.4671875 0.18828125 0.0359375 0.08125
0 0.5 0.1390625 0.025 0.0578125
0 0.52265625 0.11171875 0.01875 0.0453125
0 0.57109375 0.10546875 0.015625 0.040625
0 0.46875 0.0953125 0.015625 0.0390625
0 0.36953125 0.1125 0.0140625 0.0328125
0 0.28671875 0.12265625 0.015625 0.034375
0 0.20234375 0.1578125 0.0171875 0.0390625
0 0.08671875 0.2140625 0.0234375 0.05
3 0.05 0.203125 0.015625 0.0328125
3 0.1484375 0.15625 0.0140625 0.0328125
3 0.21953125 0.1328125 0.015625 0.0359375
3 0.8796875 0.2125 0.0421875 0.0953125
3 0.828125 0.15078125 0.025 0.0625
3 0.77890625 0.11171875 0.0203125 0.0421875
3 0.75625 0.09375 0.0171875 0.0390625
3 0.715625 0.078125 0.0171875 0.040625
3 0.621875 0.065625 0.0171875 0.0328125
3 0.5234375 0.06875 0.0140625 0.03125
3 0.42578125 0.075 0.0171875 0.0390625
3 0.31796875 0.10703125 0.015625 0.0359375