0 0.04296875 0.4671875 0.0578125 0.15
0 0.1734375 0.275 0.0328125 0.08125
0 0.2109375 0.2078125 0.0203125 0.0484375
0 0.2453125 0.16875 0.015625 0.0390625
3 0.753125 0.334375 0.05625 0.1265625
3 0.58671875 0.2203125 0.034375 0.078125
3 0.525 0.1609375 0.0234375 0.0609375
3 0.47578125 0.14375 0.0140625 0.0390625
3 0.44296875 0.134375 0.0140625 0.0296875
3 0.4890625 0.115625 0.009375 0.028125
0 0.278125 0.14375 0.0125 0.0265625
0 0.03203125 0.2171875 0.015625 0.0359375
0 0.0859375 0.1921875 0.0109375 0.03125
0 0.13828125 0.1671875 0.0109375 0.025
3 0.01640625 0.209375 0.0109375 0.0265625
3 0.06640625 0.1875 0.0109375 0.025
3 0.11640625 0.1671875 0.0109375 0.0265625