3 0.9815781250000001 0.4774351851851852 0.03428125 0.09375
3 0.8686354166666667 0.4270833333333333 0.030140624999999997 0.06712962962962964
3 0.7745677083333333 0.41087962962962965 0.021661458333333335 0.046296296296296294
3 0.6818072916666666 0.3998888888888889 0.018385416666666664 0.04282407407407408
3 0.55078125 0.39842592592592596 0.014942708333333334 0.03518518518518519
3 0.39717708333333335 0.3900740740740741 0.01540625 0.032546296296296295
3 0.26559375 0.39842592592592596 0.019338541666666667 0.036944444444444446
3 0.138703125 0.40238888888888885 0.019807291666666667 0.03606481481481482
0 0.11372395833333333 0.41910185185185184 0.02128645833333333 0.04309259259259259
0 0.34844791666666663 0.5598240740740741 0.05138541666666666 0.13456481481481483
0 0.28562499999999996 0.4142592592592592 0.016770833333333336 0.043972222222222225
0 0.414984375 0.4182222222222222 0.021197916666666667 0.04661111111111112
0 0.5287604166666667 0.4648333333333333 0.030078125 0.07300000000000001
0 0.541625 0.42921296296296296 0.024338541666666665 0.05276851851851852