0 0.012838541666666667 0.4018148148148148 0.014015625 0.035166666666666666
3 0.08112499999999999 0.387712962962963 0.009661458333333334 0.02524074074074074
0 0.09931770833333334 0.3933148148148148 0.014067708333333335 0.032490740740740744
0 0.15029166666666666 0.3929537037037037 0.011463541666666667 0.029518518518518517
0 0.127046875 0.45105555555555554 0.030015625 0.06573148148148147
0 0.03763541666666667 0.5008333333333334 0.04261979166666666 0.08593518518518518
0 0.168390625 0.4033148148148148 0.013916666666666666 0.03573148148148148
0 0.17654687500000002 0.4242037037037037 0.021166666666666667 0.04587037037037037
3 0.14476562499999998 0.37963888888888886 0.00821875 0.02564814814814815
3 0.214859375 0.3738796296296297 0.012380208333333333 0.027407407407407408
3 0.288375 0.37322222222222223 0.014739583333333334 0.029944444444444447
3 0.34026562499999996 0.37522222222222223 0.014703125000000001 0.03425925925925926
3 0.3747552083333333 0.3816388888888889 0.015192708333333334 0.035388888888888886
3 0.4189583333333333 0.39125925925925925 0.018520833333333334 0.042444444444444444
3 0.4596354166666667 0.4104537037037037 0.018880208333333332 0.05084259259259259
3 0.49293750000000003 0.4336851851851852 0.027687499999999997 0.06646296296296296
3 0.5641666666666667 0.4753055555555556 0.04064583333333334 0.09040740740740741
3 0.7079687499999999 0.5630925925925926 0.060000000000000005 0.14205555555555555