3 0.36796875 0.30390625 0.01875 0.03125
3 0.45625 0.3171875 0.01875 0.0328125
3 0.55703125 0.3390625 0.0171875 0.0328125
3 0.64140625 0.3609375 0.0203125 0.0375
3 0.7078125 0.384375 0.0234375 0.04375
3 0.7453125 0.40625 0.0296875 0.05
3 0.77734375 0.4421875 0.0421875 0.06875
3 0.89921875 0.5625 0.0796875 0.1203125
3 0.2078125 0.2734375 0.01875 0.034375
0 0.22734375 0.29140625 0.0265625 0.0421875
0 0.096875 0.2640625 0.0234375 0.040625
0 0.3171875 0.3078125 0.021875 0.040625
0 0.41015625 0.3375 0.0265625 0.0453125
0 0.4140625 0.36484375 0.0359375 0.059375
0 0.31484375 0.39921875 0.0546875 0.0890625
0 0.1109375 0.48203125 0.1015625 0.15
1 0.91484375 0.371875 0.01875 0.040625