0 0.058171875 0.8090277777777778 0.048203125 0.16203703703703703
0 0.2534635416666667 0.49537037037037035 0.023505208333333336 0.0763888888888889
0 0.162 0.42939814814814814 0.007213541666666667 0.037037037037037035
0 0.0870625 0.4875 0.011859375 0.03822222222222222
0 0.18471354166666665 0.4078055555555556 0.005895833333333334 0.025212962962962965
0 0.17396354166666667 0.3996759259259259 0.005536458333333333 0.021953703703703704
3 0.070140625 0.47164814814814815 0.007291666666666667 0.022768518518518518
3 0.656484375 0.4610740740740741 0.026677083333333334 0.07806481481481482
3 0.5526614583333332 0.3634907407407407 0.012932291666666667 0.035777777777777776
3 0.5318541666666666 0.3297407407407407 0.007895833333333333 0.026833333333333334
3 0.5286510416666667 0.3147037037037037 0.007651041666666666 0.022768518518518518
1 0.3079739583333333 0.41025 0.019286458333333333 0.07075
1 0.317578125 0.40455555555555556 0.014713541666666666 0.074
1 0.5817083333333334 0.37527777777777777 0.019802083333333335 0.074
1 0.5739322916666667 0.36796296296296294 0.015875 0.07237037037037036
0 0.3614947916666667 0.3682314814814815 0.010239583333333333 0.028444444444444442
0 0.386203125 0.34055555555555556 0.006520833333333333 0.019805555555555555
0 0.4241979166666667 0.3220185185185185 0.005369791666666667 0.021333333333333333