3 0.021875 0.36640625 0.028125 0.0484375
0 0.02421875 0.4 0.0296875 0.0578125
1 0.16875 0.346875 0.025 0.065625
1 0.2015625 0.346875 0.021875 0.0609375
1 0.22890625 0.36796875 0.0296875 0.0828125
1 0.27109375 0.36171875 0.028125 0.084375
0 0.24921875 0.38046875 0.0234375 0.0515625
3 0.184375 0.35703125 0.0171875 0.0421875
3 0.30390625 0.35 0.0171875 0.0390625
0 0.4171875 0.3640625 0.021875 0.04375
3 0.478125 0.3390625 0.0171875 0.0328125
0 0.5625 0.3546875 0.0171875 0.0375
3 0.5890625 0.3359375 0.0171875 0.0328125
3 0.62421875 0.328125 0.009375 0.0234375