1 0.8913281249999999 0.3464907407407407 0.012489583333333333 0.055212962962962964
3 0.8997916666666667 0.32864814814814813 0.009463541666666667 0.029898148148148146
3 0.9473541666666667 0.3535 0.011828125 0.031564814814814816
3 0.9675052083333333 0.3554814814814815 0.015135416666666667 0.030537037037037033
3 0.9865416666666668 0.36153703703703705 0.011875 0.03780555555555555
3 0.7444114583333333 0.3266296296296296 0.0093125 0.02697222222222222
3 0.7595208333333333 0.32525925925925925 0.009708333333333334 0.022194444444444444
3 0.7214427083333333 0.31599999999999995 0.010614583333333334 0.025416666666666667
3 0.7428020833333334 0.48821296296296296 0.047447916666666666 0.09815740740740742
3 0.9784427083333332 0.6209351851851852 0.042708333333333334 0.17451851851851852
3 0.56828125 0.44480555555555557 0.036812500000000005 0.07663888888888888
3 0.40243229166666666 0.4293240740740741 0.030421874999999998 0.061101851851851845
3 0.21436458333333333 0.42595370370370367 0.024833333333333332 0.05740740740740741
3 0.041692708333333335 0.4331203703703704 0.033213541666666666 0.06237962962962963