3 0.5523281250000001 0.32228703703703704 0.009307291666666667 0.02425
3 0.6181249999999999 0.33899074074074076 0.011609375 0.02661111111111111
0 0.4812083333333333 0.35991666666666666 0.012395833333333333 0.032388888888888884
0 0.41478645833333333 0.3506851851851852 0.011677083333333334 0.02987037037037037
3 0.45163020833333334 0.32443518518518516 0.007505208333333333 0.020990740740740744
0 0.32147395833333337 0.37513888888888886 0.012854166666666667 0.03096296296296296
0 0.3909322916666667 0.4287685185185185 0.02577604166666667 0.060194444444444446
0 0.11168229166666667 0.7321481481481482 0.05049479166666667 0.11920370370370371
0 0.191953125 0.43725 0.015088541666666667 0.04036111111111111
0 0.008151041666666668 0.5977962962962963 0.016307291666666664 0.0708425925925926
3 0.04233854166666667 0.5006574074074075 0.011677083333333334 0.03496296296296296
3 0.145765625 0.4283148148148148 0.010026041666666667 0.024925925925925928
3 0.21663020833333332 0.3899074074074074 0.007093749999999999 0.021055555555555553
3 0.26571875 0.3650462962962963 0.008177083333333333 0.019342592592592592
3 0.31107291666666664 0.34814814814814815 0.008161458333333333 0.01987037037037037
3 0.37797395833333336 0.33305555555555555 0.006364583333333334 0.020564814814814817
3 0.6863697916666667 0.3711481481481481 0.020447916666666666 0.04098148148148148
3 0.803546875 0.4633148148148148 0.030416666666666665 0.06852777777777778