1 0.8807916666666666 0.38046296296296295 0.01959375 0.07026851851851852
1 0.8642760416666667 0.37880555555555556 0.0233125 0.07501851851851851
0 0.8748385416666667 0.3933425925925926 0.013890625 0.04390740740740741
0 0.8126302083333333 0.40227777777777773 0.023640625000000002 0.05371296296296296
0 0.8093072916666666 0.3333055555555556 0.007500000000000001 0.01925925925925926
0 0.6974531249999999 0.4143888888888889 0.03233333333333333 0.06839814814814815
0 0.603296875 0.4308518518518518 0.031671875 0.07772222222222222
0 0.5398385416666667 0.369287037037037 0.015994791666666668 0.03189814814814815
0 0.5758385416666666 0.3617777777777778 0.012531249999999999 0.027018518518518518
0 0.5720885416666667 0.3529074074074074 0.00765625 0.025666666666666664
0 0.5388177083333333 0.34826851851851853 0.008687499999999999 0.02808333333333333
0 0.5060625 0.34017592592592594 0.008994791666666667 0.021249999999999998
0 0.48101041666666666 0.33313888888888893 0.008463541666666666 0.020444444444444442
0 0.45722395833333335 0.37288888888888894 0.017046875 0.04145370370370371
0 0.4111197916666667 0.47455555555555556 0.05003125 0.09580555555555556
0 0.27347916666666666 0.3823148148148148 0.01796354166666667 0.04538888888888889
0 0.18683333333333335 0.5725370370370371 0.08600520833333333 0.1486759259259259
0 0.04913541666666667 0.3919722222222222 0.022010416666666664 0.04646296296296296
3 0.05927604166666667 0.371962962962963 0.0134375 0.02726851851851852
3 0.18675 0.3700555555555556 0.018734375 0.039064814814814816
3 0.325234375 0.36571296296296296 0.016432291666666668 0.037064814814814814
3 0.394046875 0.3598611111111111 0.011828125 0.02600925925925926
3 0.38734375000000004 0.3476666666666667 0.0096875 0.02401851851851852
3 0.40884895833333335 0.3531388888888889 0.013375 0.028962962962962965
3 0.35465104166666667 0.3421851851851852 0.011078125 0.02487037037037037
3 0.34552083333333333 0.3275740740740741 0.006776041666666666 0.018166666666666668
3 0.33509375 0.33916666666666667 0.009734375 0.017675925925925925
3 0.30721875 0.3345185185185185 0.008098958333333333 0.023268518518518518
3 0.9525416666666667 0.3321944444444444 0.011229166666666667 0.02763888888888889
0 0.976078125 0.3601481481481481 0.014260416666666666 0.03140740740740741
0 0.9940520833333333 0.3456018518518518 0.011895833333333333 0.028916666666666667
0 0.9453697916666666 0.3708796296296296 0.018744791666666667 0.03537962962962963
0 0.9203489583333333 0.38669444444444445 0.017458333333333336 0.03513888888888889
0 0.9338541666666667 0.33699999999999997 0.012546875 0.023703703703703706
0 0.8814010416666667 0.3359537037037037 0.009291666666666667 0.023370370370370368