0 0.24140625 0.65078125 0.0625 0.11875
0 0.046875 0.62109375 0.021875 0.0609375
0 0.271875 0.42109375 0.01875 0.04375
0 0.37890625 0.4046875 0.0265625 0.05
3 0.11328125 0.496875 0.0140625 0.0375
3 0.19765625 0.42734375 0.0140625 0.0296875
3 0.80390625 0.47265625 0.0515625 0.1
3 0.26953125 0.37578125 0.0125 0.0234375
3 0.64765625 0.33359375 0.01875 0.0359375
3 0.64140625 0.30546875 0.015625 0.028125
3 0.61953125 0.29140625 0.0109375 0.0203125
3 0.321875 0.346875 0.009375 0.021875
0 0.3390625 0.3625 0.0140625 0.0265625
0 0.44921875 0.34375 0.0140625 0.028125
0 0.49296875 0.31484375 0.009375 0.0234375
0 0.52265625 0.296875 0.009375 0.0203125
0 0.43828125 0.31015625 0.009375 0.0171875
0 0.38359375 0.33125 0.009375 0.0203125