3 0.5154322916666667 0.36969444444444444 0.011958333333333333 0.032259259259259265
0 0.5003697916666667 0.3538148148148148 0.010203125 0.029249999999999998
0 0.4668177083333333 0.3276481481481482 0.006848958333333334 0.014870370370370369
0 0.5318333333333334 0.32714814814814813 0.0060625 0.012842592592592591
0 0.5781302083333333 0.3268240740740741 0.006380208333333333 0.013111111111111112
0 0.3803854166666667 0.36089814814814813 0.010286458333333333 0.032018518518518516
0 0.407078125 0.328537037037037 0.0057239583333333335 0.012314814814814815
0 0.2511145833333333 0.3784814814814815 0.013770833333333335 0.033574074074074076
0 0.21873958333333335 0.3577592592592593 0.011848958333333333 0.021416666666666667
0 0.16868229166666668 0.36269444444444443 0.010505208333333333 0.028962962962962965
0 0.14973958333333334 0.3989351851851852 0.016671875 0.0404537037037037
0 0.06672395833333335 0.3829166666666667 0.01040625 0.024009259259259258
0 0.050557291666666664 0.42038888888888887 0.022307291666666666 0.04309259259259259
0 0.9788854166666667 0.3221574074074074 0.0074375 0.021620370370370373
0 0.9146197916666666 0.3171574074074074 0.008265625 0.018574074074074073
0 0.8988541666666666 0.3377685185185185 0.011041666666666667 0.03336111111111111
0 0.8453020833333333 0.31813888888888886 0.007682291666666666 0.018574074074074073
0 0.767140625 0.3373425925925926 0.011192708333333332 0.027018518518518518
0 0.7688645833333333 0.3181111111111111 0.006765625 0.01801851851851852
0 0.7073125 0.3198611111111111 0.007171874999999999 0.017833333333333336
0 0.6433802083333333 0.32523148148148145 0.006072916666666667 0.012268518518518519
0 0.633296875 0.34294444444444444 0.00725 0.029722222222222223
3 0.5913489583333333 0.31774074074074077 0.00565625 0.013768518518518518
3 0.5366666666666667 0.31903703703703706 0.006682291666666667 0.01586111111111111
3 0.6388593749999999 0.36270370370370375 0.012791666666666666 0.03112962962962963
3 0.643609375 0.3140833333333333 0.0054062500000000005 0.011944444444444445
3 0.70125 0.3142407407407407 0.006239583333333334 0.016935185185185185
3 0.7595520833333332 0.3110925925925926 0.007192708333333334 0.01911111111111111
3 0.823734375 0.30996296296296294 0.006958333333333333 0.016703703703703703
3 0.8036302083333333 0.3562314814814815 0.01815625 0.03533333333333333
3 0.9006770833333333 0.31062962962962964 0.007192708333333334 0.01902777777777778
3 0.94965625 0.3493796296296296 0.017520833333333333 0.039101851851851846
3 0.9802864583333334 0.30749074074074073 0.006276041666666667 0.01487962962962963
3 0.869078125 0.5364722222222222 0.06990104166666668 0.13333333333333333
3 0.5818281249999999 0.47626851851851854 0.041817708333333335 0.09762037037037037
3 0.405078125 0.45269444444444445 0.03515104166666667 0.07542592592592592
3 0.33263541666666663 0.4049351851851852 0.021854166666666668 0.052287037037037035
3 0.32097916666666665 0.4295 0.02664583333333333 0.053175925925925925
3 0.19015625 0.3485462962962963 0.008390625 0.02299074074074074
3 0.39777083333333335 0.38108333333333333 0.01669270833333333 0.035277777777777776
3 0.10407812500000001 0.36321296296296296 0.011593750000000002 0.02051851851851852