0 0.3421875 0.53046875 0.0484375 0.109375
0 0.3875 0.42265625 0.021875 0.05
0 0.38046875 0.38984375 0.0125 0.0296875
0 0.35546875 0.37734375 0.0109375 0.025
3 0.828125 0.47109375 0.0375 0.084375
3 0.653125 0.38828125 0.01875 0.053125
3 0.55859375 0.3625 0.0109375 0.03125
3 0.4921875 0.3546875 0.0109375 0.0296875
3 0.91875 0.37890625 0.0140625 0.04375
3 0.8078125 0.35234375 0.0125 0.0328125
3 0.73828125 0.3375 0.009375 0.034375
0 0.32734375 0.37109375 0.00625 0.0234375
3 0.45 0.35234375 0.0046875 0.01875