3 0.88203125 0.57890625 0.1015625 0.1890625
3 0.40546875 0.4890625 0.0578125 0.10625
3 0.15546875 0.48671875 0.046875 0.09375
3 0.06953125 0.44921875 0.03125 0.071875
3 0.14765625 0.4046875 0.025 0.0515625
1 0.17890625 0.365625 0.0140625 0.0546875
1 0.1859375 0.3640625 0.0171875 0.05625
3 0.1734375 0.3828125 0.0140625 0.0296875
3 0.203125 0.3671875 0.0140625 0.0359375
3 0.22578125 0.3484375 0.009375 0.025
3 0.23203125 0.33984375 0.009375 0.025
3 0.24453125 0.33203125 0.0109375 0.0234375
3 0.2203125 0.32734375 0.0109375 0.0234375
3 0.18125 0.33515625 0.0125 0.025
0 0.0296875 0.38984375 0.0140625 0.0328125