0 0.1921875 0.59140625 0.059375 0.1203125
3 0.8421875 0.528125 0.0578125 0.1375
3 0.6453125 0.34765625 0.0296875 0.059375
3 0.54453125 0.27265625 0.0140625 0.025
3 0.53203125 0.25546875 0.009375 0.01875
3 0.540625 0.24765625 0.0078125 0.01875
0 0.3484375 0.36953125 0.028125 0.053125
0 0.4109375 0.28359375 0.0125 0.0296875
0 0.43203125 0.2625 0.0078125 0.0203125
0 0.4421875 0.253125 0.00625 0.01875
1 0.39609375 0.29609375 0.0171875 0.0484375
1 0.4 0.2921875 0.0125 0.0515625
1 0.571875 0.2796875 0.0171875 0.053125
1 0.56171875 0.2765625 0.0140625 0.05