1 0.4546875 0.33125 0.021875 0.059375
1 0.4625 0.32890625 0.0203125 0.05625
1 0.25625 0.35234375 0.0234375 0.0609375
1 0.26953125 0.35 0.01875 0.0546875
0 0.2671875 0.365625 0.009375 0.0265625
0 0.2109375 0.3828125 0.0171875 0.0359375
0 0.11015625 0.4046875 0.0265625 0.05625
0 0.028125 0.42578125 0.0296875 0.0625
0 0.31015625 0.35078125 0.015625 0.0296875
0 0.33359375 0.3359375 0.0125 0.0359375
0 0.36328125 0.3234375 0.0109375 0.0203125
0 0.3890625 0.31328125 0.009375 0.01875
0 0.384375 0.3078125 0.0078125 0.01875
3 0.36015625 0.30078125 0.009375 0.01875
3 0.4078125 0.29453125 0.009375 0.0203125
3 0.46015625 0.29140625 0.0078125 0.01875
3 0.4984375 0.28671875 0.0140625 0.0203125
3 0.50234375 0.3125 0.015625 0.028125
3 0.52265625 0.29375 0.0125 0.028125
3 0.5125 0.3 0.0125 0.025
3 0.48046875 0.33203125 0.0171875 0.0390625
3 0.44765625 0.35 0.01875 0.04375
3 0.415625 0.37734375 0.0296875 0.05625
3 0.325 0.42890625 0.0515625 0.090625
3 0.409375 0.4953125 0.071875 0.11875
3 0.75234375 0.54296875 0.1 0.1859375