0 0.2609375 0.4390625 0.08125 0.134375
0 0.5140625 0.415625 0.0515625 0.0875
0 0.41328125 0.315625 0.025 0.0484375
0 0.725 0.4203125 0.0390625 0.075
0 0.971875 0.4375 0.034375 0.0640625
0 0.73046875 0.3484375 0.0203125 0.0359375
0 0.640625 0.334375 0.0234375 0.0421875
0 0.56484375 0.32734375 0.025 0.04375
0 0.7703125 0.35078125 0.015625 0.028125
0 0.7796875 0.3453125 0.0140625 0.03125
0 0.77265625 0.33046875 0.0125 0.0265625
0 0.815625 0.33671875 0.0140625 0.0265625
0 0.8953125 0.34765625 0.0140625 0.0265625
0 0.2359375 0.30390625 0.025 0.0484375
3 0.1734375 0.26875 0.0265625 0.0484375
3 0.29765625 0.28125 0.0234375 0.0390625
3 0.47890625 0.29609375 0.0203125 0.034375
3 0.59609375 0.31328125 0.015625 0.0296875
3 0.63359375 0.315625 0.0140625 0.028125
3 0.6578125 0.31171875 0.0140625 0.021875
3 0.684375 0.3109375 0.0125 0.0234375
3 0.7203125 0.31328125 0.0125 0.021875
3 0.7828125 0.32109375 0.0125 0.0234375
3 0.86171875 0.3359375 0.0109375 0.021875
3 0.9453125 0.3515625 0.0125 0.025
0 0.99375 0.3703125 0.0125 0.028125
1 0.26171875 0.2890625 0.040625 0.084375
1 0.21875 0.28515625 0.0390625 0.0828125
1 0.19375 0.26171875 0.0296875 0.0671875
1 0.159375 0.2546875 0.0328125 0.065625