1 0.7765625 0.45078125 0.0359375 0.0984375
1 0.44296875 0.40703125 0.0296875 0.096875
1 0.46328125 0.40859375 0.028125 0.0890625
0 0.17734375 0.50234375 0.0546875 0.115625
0 0.378125 0.45 0.040625 0.0859375
0 0.49765625 0.41484375 0.021875 0.0453125
0 0.52109375 0.3921875 0.0171875 0.0421875
0 0.546875 0.378125 0.0140625 0.0328125
3 0.8234375 0.49921875 0.0453125 0.0875
3 0.76171875 0.4453125 0.0234375 0.0515625
3 0.75 0.41015625 0.0203125 0.04375
3 0.73515625 0.39375 0.0140625 0.03125
3 0.71953125 0.37578125 0.009375 0.0234375
0 0.453125 0.42578125 0.0234375 0.0609375
3 0.684375 0.365625 0.0109375 0.0265625
3 0.63203125 0.3578125 0.009375 0.025
0 0.56875 0.36953125 0.0140625 0.0328125
0 0.03671875 0.353125 0.0203125 0.046875
0 0.04375 0.340625 0.015625 0.0390625
3 0.56796875 0.3484375 0.0109375 0.0234375
3 0.51484375 0.34296875 0.0109375 0.0234375
3 0.415625 0.33046875 0.0109375 0.021875
3 0.33125 0.31875 0.0109375 0.021875
0 0.55546875 0.359375 0.0125 0.028125
0 0.49921875 0.3484375 0.0109375 0.0265625
0 0.4484375 0.340625 0.0140625 0.0265625
0 0.37265625 0.33125 0.0125 0.0265625
3 0.7328125 0.38359375 0.0140625 0.03125
3 0.82109375 0.34921875 0.0078125 0.015625
3 0.8109375 0.35078125 0.0078125 0.0140625
3 0.8 0.340625 0.009375 0.01875
1 0.8921875 0.37109375 0.0125 0.0296875