3 0.91640625 0.590625 0.0796875 0.1421875
3 0.50390625 0.4703125 0.0609375 0.09375
3 0.30859375 0.41171875 0.05 0.0859375
3 0.14921875 0.3703125 0.04375 0.0703125
3 0.05703125 0.33515625 0.0359375 0.059375
3 0.065625 0.3109375 0.028125 0.0515625
3 0.13671875 0.30546875 0.0234375 0.0484375
3 0.2625 0.31328125 0.0234375 0.0421875
3 0.38125 0.33125 0.021875 0.0390625
3 0.521875 0.35546875 0.0203125 0.0375
3 0.63359375 0.371875 0.0203125 0.0328125
3 0.73359375 0.39375 0.01875 0.0328125
3 0.8015625 0.40234375 0.0171875 0.03125
3 0.83046875 0.40625 0.01875 0.0328125
3 0.8140625 0.39765625 0.0171875 0.0328125
0 0.11953125 0.28125 0.0203125 0.034375
0 0.25 0.2984375 0.01875 0.034375
0 0.49921875 0.33984375 0.0171875 0.0328125
0 0.603125 0.35859375 0.0171875 0.0328125
0 0.684375 0.37578125 0.0171875 0.0328125