0 0.04765625 0.6015625 0.0953125 0.20625
0 0.25859375 0.47734375 0.071875 0.125
0 0.4125 0.43984375 0.0453125 0.09375
0 0.278125 0.35625 0.025 0.0453125
0 0.44921875 0.3734375 0.0203125 0.0390625
0 0.446875 0.33203125 0.0109375 0.01875
0 0.45390625 0.33515625 0.0078125 0.015625
0 0.47265625 0.33984375 0.0109375 0.01875
0 0.48984375 0.33515625 0.0078125 0.0171875
0 0.49609375 0.346875 0.0109375 0.0234375
0 0.52890625 0.35859375 0.015625 0.028125
0 0.5421875 0.33984375 0.0078125 0.0140625
0 0.52734375 0.378125 0.0171875 0.0359375
0 0.5609375 0.36484375 0.009375 0.0234375
0 0.56171875 0.37421875 0.0125 0.03125
0 0.571875 0.42890625 0.0375 0.06875
0 0.71640625 0.365625 0.0109375 0.021875
0 0.65546875 0.42890625 0.03125 0.0609375
0 0.7640625 0.434375 0.025 0.0484375
0 0.79609375 0.378125 0.0125 0.0203125
1 0.81796875 0.41953125 0.028125 0.071875
1 0.83515625 0.4234375 0.0234375 0.0609375
0 0.82578125 0.43828125 0.0125 0.0390625
0 0.8640625 0.3890625 0.009375 0.01875
0 0.875 0.4375 0.01875 0.0375
0 0.9125 0.39609375 0.0109375 0.021875
0 0.90546875 0.4265625 0.0171875 0.0328125
0 0.940625 0.4203125 0.0140625 0.028125
3 0.93515625 0.39296875 0.0109375 0.021875
3 0.99375 0.403125 0.0125 0.0234375
3 0.928125 0.58125 0.0921875 0.1546875
3 0.76171875 0.3671875 0.0109375 0.0203125
3 0.8375 0.3796875 0.0109375 0.01875
3 0.7046875 0.35859375 0.0109375 0.0203125
3 0.64609375 0.34921875 0.0078125 0.0171875
3 0.6015625 0.34375 0.0109375 0.0203125
3 0.559375 0.33671875 0.0109375 0.01875
3 0.5078125 0.33046875 0.009375 0.01875
3 0.3796875 0.340625 0.0125 0.025
3 0.38671875 0.3515625 0.0140625 0.03125
3 0.4015625 0.346875 0.0140625 0.028125
3 0.40546875 0.31796875 0.0125 0.021875
3 0.346875 0.33125 0.0140625 0.021875
3 0.32578125 0.32734375 0.0140625 0.021875
3 0.3203125 0.353125 0.015625 0.0265625
3 0.29765625 0.3109375 0.0140625 0.025
3 0.18828125 0.334375 0.0203125 0.0390625
3 0.0625 0.3171875 0.0203125 0.04375
0 0.06953125 0.33671875 0.021875 0.0515625
0 0.971875 0.41640625 0.0140625 0.025
0 0.9671875 0.409375 0.0109375 0.0203125