0 0.40416145833333333 0.5283611111111111 0.05913541666666667 0.11226851851851852
0 0.15763541666666667 0.4055648148148148 0.017640625 0.04103703703703704
0 0.3186145833333333 0.40287962962962964 0.01603125 0.03996296296296296
0 0.44377083333333334 0.40537962962962965 0.01583333333333333 0.042111111111111106
0 0.5551666666666667 0.44999074074074075 0.024645833333333332 0.0656574074074074
0 0.563296875 0.41626851851851854 0.018421874999999997 0.047462962962962964
3 0.9824895833333334 0.4610462962962963 0.03502604166666667 0.08492592592592592
3 0.8787447916666667 0.42179629629629634 0.027864583333333335 0.05637962962962963
3 0.7888177083333333 0.4018148148148148 0.01903125 0.04282407407407408
3 0.696484375 0.3923611111111111 0.017828124999999997 0.04103703703703704
3 0.5716354166666666 0.3871851851851852 0.011416666666666667 0.03425925925925926
3 0.4243020833333333 0.3821851851851852 0.01221875 0.03140740740740741
3 0.29653645833333336 0.3846851851851852 0.013619791666666665 0.03283333333333333
3 0.17399479166666668 0.38843518518518516 0.014223958333333333 0.03389814814814815
3 0.0095 0.39717592592592593 0.016874999999999998 0.038537037037037036