3 0.9598177083333332 0.3549351851851852 0.02022916666666667 0.04321296296296297
3 0.7962083333333333 0.36265740740740743 0.017583333333333333 0.04012037037037037
3 0.6569010416666666 0.3757685185185185 0.018421874999999997 0.03858333333333334
3 0.5848593750000001 0.40123148148148147 0.021875 0.046296296296296294
3 0.5753125 0.43287037037037035 0.025343749999999998 0.06018518518518518
3 0.6781666666666666 0.4722222222222222 0.03665104166666667 0.08025
3 0.9472239583333334 0.5370370370370371 0.05528645833333334 0.11728703703703704
3 0.18169791666666668 0.3726851851851852 0.010494791666666666 0.02623148148148148
3 0.08535416666666666 0.38734259259259257 0.012093749999999999 0.024694444444444446
0 0.11920312500000001 0.4027777777777778 0.013953125 0.027777777777777776
0 0.23767708333333332 0.37962962962962965 0.009453125 0.03086111111111111
0 0.334890625 0.36342592592592593 0.0076927083333333335 0.029324074074074075
0 0.42558854166666665 0.35108333333333336 0.008541666666666666 0.02623148148148148
0 0.4737604166666667 0.3449074074074074 0.009395833333333332 0.029324074074074075
0 0.946359375 0.33719444444444446 0.01015625 0.029324074074074075
0 0.7758072916666666 0.3425925925925926 0.0110625 0.03086111111111111
0 0.6356354166666667 0.35108333333333336 0.010229166666666668 0.032407407407407406
0 0.5028385416666666 0.3719166666666667 0.011994791666666667 0.03395370370370371
0 0.40432291666666664 0.3881203703703704 0.014619791666666666 0.041666666666666664
0 0.3110208333333333 0.4097222222222222 0.015510416666666667 0.04475
0 0.2211875 0.4375 0.019874999999999997 0.05400925925925926
0 0.17041145833333332 0.4830277777777777 0.029432291666666666 0.07407407407407407
0 0.099234375 0.5694444444444444 0.052015625 0.11728703703703704
1 0.17128125 0.36650925925925926 0.012072916666666666 0.04475
1 0.19080729166666668 0.3672870370370371 0.014838541666666667 0.04012037037037037
1 0.22552604166666665 0.37113888888888885 0.012927083333333334 0.05092592592592592
1 0.24939583333333332 0.36960185185185185 0.013984375 0.05092592592592592