1 0.98828125 0.5109375 0.0234375 0.096875
1 0.67421875 0.4609375 0.0328125 0.084375
1 0.66015625 0.459375 0.0328125 0.0875
3 0.01953125 0.34921875 0.0140625 0.034375
3 0.05 0.359375 0.0171875 0.0359375
3 0.0171875 0.36953125 0.0140625 0.0453125
3 0.96640625 0.45625 0.0171875 0.034375
3 0.97890625 0.47734375 0.01875 0.0375
3 0.98671875 0.50859375 0.0265625 0.0484375
0 0.76171875 0.43359375 0.0140625 0.03125
0 0.7328125 0.44765625 0.01875 0.0359375
0 0.7125 0.46484375 0.021875 0.040625
0 0.60546875 0.4890625 0.034375 0.06875
0 0.453125 0.51640625 0.0515625 0.1
0 0.25234375 0.36953125 0.015625 0.03125
0 0.2984375 0.3984375 0.0171875 0.034375
0 0.240625 0.4046875 0.025 0.0421875
0 0.09921875 0.40625 0.028125 0.059375
0 0.2890625 0.54921875 0.08125 0.1359375