0 0.01171875 0.5359375 0.0234375 0.125
0 0.0859375 0.3359375 0.0265625 0.0578125
0 0.20546875 0.35859375 0.0296875 0.0546875
0 0.1953125 0.4234375 0.053125 0.090625
0 0.2765625 0.396875 0.0359375 0.06875
3 0.13671875 0.32890625 0.0234375 0.0375
3 0.2859375 0.3421875 0.025 0.04375
3 0.4046875 0.3640625 0.0234375 0.0421875
3 0.503125 0.38203125 0.0234375 0.0421875
3 0.55703125 0.40625 0.0265625 0.053125
3 0.6 0.43125 0.040625 0.0703125
3 0.67890625 0.4859375 0.0578125 0.0921875
3 0.784375 0.59609375 0.1 0.1578125