1 0.696875 0.43203125 0.0609375 0.1453125
1 0.71328125 0.44453125 0.071875 0.1609375
1 0.19140625 0.55234375 0.06875 0.1421875
1 0.1546875 0.5703125 0.0765625 0.1765625
0 0.18203125 0.5921875 0.0546875 0.103125
0 0.01640625 0.453125 0.0171875 0.0296875
0 0.1359375 0.42578125 0.0140625 0.025
0 0.2296875 0.4078125 0.0109375 0.021875
0 0.2921875 0.39296875 0.0140625 0.0296875
0 0.36015625 0.3828125 0.01875 0.0328125
0 0.37578125 0.39140625 0.0203125 0.0359375
0 0.3484375 0.4140625 0.021875 0.0421875
0 0.31328125 0.45234375 0.0265625 0.053125
0 0.28125 0.50390625 0.034375 0.0625
3 0.3109375 0.375 0.0125 0.0265625
3 0.375 0.3625 0.0125 0.0265625
3 0.44765625 0.34765625 0.0125 0.025
3 0.50546875 0.33984375 0.015625 0.028125
3 0.546875 0.3359375 0.015625 0.0265625
3 0.56484375 0.33984375 0.0171875 0.0328125
3 0.575 0.3515625 0.0203125 0.0375
3 0.60546875 0.37109375 0.025 0.046875
3 0.653125 0.4203125 0.0375 0.071875
3 0.88203125 0.5390625 0.0921875 0.1640625