0 0.10252083333333334 0.4335648148148148 0.009177083333333334 0.02348148148148148
0 0.11835416666666668 0.41229629629629627 0.005473958333333333 0.0162962962962963
0 0.11833333333333333 0.4522037037037037 0.014265625 0.031907407407407405
0 0.131875 0.5042777777777778 0.020203125 0.05164814814814815
0 0.012338541666666668 0.7530648148148148 0.024671875 0.1076388888888889
0 0.04089583333333333 0.4696296296296296 0.0074531250000000005 0.023138888888888886
0 0.007109375 0.5161296296296296 0.008203125 0.03047222222222222
3 0.21410416666666665 0.3782314814814815 0.0050416666666666665 0.014796296296296297
3 0.2255625 0.383 0.006953125 0.019592592592592592
3 0.26289583333333333 0.38525925925925925 0.008265625 0.021138888888888888
3 0.34666145833333334 0.3918240740740741 0.015020833333333334 0.033574074074074076
3 0.4483125 0.4194722222222222 0.022671875 0.051037037037037034
3 0.6074895833333334 0.493462962962963 0.028286458333333334 0.07751851851851851
3 0.842171875 0.6269351851851852 0.048567708333333334 0.12791666666666668
3 0.8903385416666667 0.7470648148148149 0.000609375 0.001101851851851852