0 0.11484375 0.8109375 0.06875 0.18125
0 0.2203125 0.52890625 0.03125 0.075
0 0.21875 0.4515625 0.01875 0.0515625
0 0.23828125 0.41171875 0.015625 0.0421875
3 0.98828125 0.609375 0.0234375 0.115625
3 0.7359375 0.425 0.0328125 0.071875
3 0.52578125 0.38046875 0.025 0.0515625
3 0.43046875 0.37109375 0.0171875 0.040625
3 0.43671875 0.3484375 0.015625 0.034375
3 0.5328125 0.31953125 0.0109375 0.0265625
3 0.60234375 0.303125 0.0125 0.025
3 0.64375 0.29375 0.0078125 0.015625
3 0.6453125 0.2828125 0.0078125 0.0171875
0 0.4375 0.31875 0.009375 0.0203125
0 0.36640625 0.3453125 0.0078125 0.0203125
0 0.31015625 0.36953125 0.0078125 0.021875
0 0.21015625 0.38828125 0.00625 0.0171875
3 0.18359375 0.3921875 0.00625 0.015625
3 0.2484375 0.3640625 0.0078125 0.01875
3 0.315625 0.33984375 0.00625 0.0171875
0 0.30078125 0.34765625 0.0078125 0.0171875
1 0.34453125 0.32734375 0.0078125 0.0203125
1 0.35 0.32578125 0.0078125 0.0234375
1 0.36484375 0.32734375 0.009375 0.025
1 0.371875 0.325 0.009375 0.0234375
3 0.38828125 0.31484375 0.00625 0.015625
0 0.41171875 0.3140625 0.00625 0.015625
0 0.45859375 0.3015625 0.00625 0.0171875
3 0.43984375 0.30078125 0.0078125 0.0140625