0 0.2671875 0.60546875 0.059375 0.109375
0 0.4203125 0.3671875 0.025 0.046875
0 0.496875 0.3109375 0.015625 0.0296875
0 0.5421875 0.2765625 0.0109375 0.0234375
0 0.3703125 0.33515625 0.0109375 0.0234375
0 0.2609375 0.38984375 0.0140625 0.028125
0 0.15234375 0.45390625 0.015625 0.028125
0 0.0796875 0.4984375 0.0140625 0.028125
0 0.00390625 0.55625 0.0078125 0.0234375
3 0.72265625 0.35859375 0.0359375 0.065625
3 0.67734375 0.28515625 0.0171875 0.03125
3 0.6671875 0.2609375 0.0125 0.0203125
3 0.6671875 0.246875 0.009375 0.0171875