3 0.10155208333333333 0.40797222222222224 0.016734375000000003 0.044620370370370366
0 0.10963541666666667 0.4408888888888889 0.025151041666666665 0.054379629629629625
3 0.2704791666666667 0.40412037037037035 0.01623958333333333 0.04037037037037037
0 0.2836979166666667 0.4393796296296296 0.023171875 0.05892592592592592
0 0.026473958333333332 0.8487962962962964 0.05294270833333334 0.2719722222222222
0 0.44143229166666664 0.4587777777777778 0.03214583333333333 0.06916666666666667
0 0.41770833333333335 0.5354629629629629 0.050984375 0.10946296296296296
3 0.45575520833333333 0.4038425925925926 0.02020833333333333 0.04961111111111111
3 0.6090989583333334 0.4111388888888889 0.021041666666666667 0.05590740740740741
3 0.726140625 0.42908333333333337 0.027020833333333334 0.06024999999999999
3 0.8621197916666666 0.4592685185185185 0.037859375 0.08697222222222223