0 0.89453125 0.43203125 0.0140625 0.0234375
0 0.91328125 0.45 0.015625 0.0265625
0 0.2265625 0.33125 0.0125 0.025
0 0.23203125 0.34296875 0.015625 0.0296875
0 0.2765625 0.3515625 0.0203125 0.0359375
0 0.31796875 0.3625 0.0203125 0.0390625
0 0.3453125 0.39140625 0.03125 0.0546875
0 0.30390625 0.48203125 0.0546875 0.103125
3 0.78515625 0.3953125 0.0125 0.025
3 0.76171875 0.39921875 0.0140625 0.0265625
3 0.78125 0.42109375 0.0171875 0.0296875
3 0.8453125 0.4546875 0.021875 0.04375
3 0.4765625 0.34140625 0.0125 0.0234375
3 0.40625 0.34453125 0.0125 0.0265625
3 0.45390625 0.35546875 0.015625 0.0328125
3 0.5328125 0.37578125 0.0203125 0.0390625
3 0.61484375 0.41796875 0.021875 0.046875
3 0.734375 0.503125 0.040625 0.075