3 0.9921875 0.54765625 0.015625 0.1421875
3 0.55390625 0.45625 0.0359375 0.084375
3 0.20078125 0.46171875 0.0359375 0.0796875
3 0.17734375 0.35859375 0.0125 0.0375
3 0.30078125 0.34609375 0.009375 0.0265625
3 0.40390625 0.340625 0.009375 0.025
3 0.46953125 0.33671875 0.00625 0.01875
3 0.4953125 0.33046875 0.00625 0.025
0 0.36171875 0.32734375 0.00625 0.021875
0 0.3546875 0.33359375 0.00625 0.0265625
0 0.3328125 0.3234375 0.00625 0.01875
0 0.26484375 0.3375 0.009375 0.028125
0 0.14609375 0.3421875 0.0078125 0.0265625
3 0.01015625 0.36875 0.0125 0.0375