3 0.76015625 0.48828125 0.0328125 0.078125
3 0.69375 0.41171875 0.015625 0.0453125
3 0.671875 0.38671875 0.0109375 0.034375
3 0.65546875 0.36953125 0.0125 0.028125
0 0.35390625 0.45703125 0.03125 0.075
0 0.45234375 0.39609375 0.0171875 0.046875
0 0.49609375 0.3703125 0.0109375 0.0328125
0 0.5203125 0.35703125 0.009375 0.0234375
3 0.64375 0.35390625 0.0078125 0.021875
3 0.97109375 0.4515625 0.0234375 0.0609375
3 0.85546875 0.403125 0.01875 0.04375
3 0.79921875 0.38125 0.0140625 0.034375
3 0.77578125 0.36484375 0.009375 0.0296875
3 0.7671875 0.36015625 0.0078125 0.0265625
3 0.74765625 0.353125 0.00625 0.01875
0 0.1375 0.38515625 0.0140625 0.04375
0 0.22265625 0.37109375 0.0109375 0.0359375
0 0.275 0.3546875 0.0109375 0.03125
3 0.08203125 0.37890625 0.0140625 0.0390625
3 0.13359375 0.3671875 0.0140625 0.0421875
3 0.15703125 0.3640625 0.0125 0.0359375
0 0.2828125 0.35078125 0.0109375 0.0265625
0 0.53515625 0.34921875 0.009375 0.025
3 0.6296875 0.34765625 0.009375 0.025
0 0.9125 0.39765625 0.009375 0.0296875
0 0.8765625 0.38203125 0.009375 0.0265625
0 0.98515625 0.421875 0.0109375 0.034375
0 0.853125 0.3765625 0.0109375 0.03125