0 0.31171875 0.45078125 0.0640625 0.109375
3 0.93046875 0.5765625 0.05625 0.103125
3 0.8625 0.71875 0.1171875 0.1953125
0 0.990625 0.48125 0.01875 0.04375
0 0.85234375 0.45078125 0.025 0.04375
0 0.7203125 0.4328125 0.0265625 0.05
0 0.6375 0.39609375 0.0375 0.0453125
0 0.56640625 0.4140625 0.0421875 0.0703125
0 0.27265625 0.309375 0.01875 0.0328125
0 0.1375 0.325 0.025 0.046875
3 0.2265625 0.2921875 0.015625 0.0265625
3 0.17109375 0.29609375 0.0171875 0.028125
3 0.05 0.309375 0.015625 0.0296875
3 0.08671875 0.28125 0.009375 0.01875
3 0.05390625 0.290625 0.015625 0.021875
0 0.3328125 0.30234375 0.0109375 0.0203125