3 0.81328125 0.34140625 0.0984375 0.1671875
3 0.79609375 0.1828125 0.040625 0.0796875
3 0.78359375 0.12421875 0.0265625 0.05625
3 0.7953125 0.10546875 0.0203125 0.0421875
3 0.7875 0.0953125 0.021875 0.0484375
3 0.76796875 0.07578125 0.015625 0.0328125
0 0.190625 0.32890625 0.0546875 0.0984375
0 0.39921875 0.19765625 0.0375 0.0640625
0 0.521875 0.14609375 0.0296875 0.0546875
0 0.56953125 0.1265625 0.025 0.046875
0 0.59140625 0.10625 0.0171875 0.034375
0 0.61015625 0.096875 0.0171875 0.0328125
0 0.64453125 0.09140625 0.015625 0.028125
0 0.64765625 0.0796875 0.0140625 0.0296875
0 0.00546875 0.33515625 0.0109375 0.0546875
0 0.1375 0.23984375 0.021875 0.040625
0 0.23671875 0.1828125 0.0203125 0.0359375
0 0.32421875 0.14609375 0.0234375 0.0390625
0 0.39140625 0.12109375 0.0140625 0.028125
3 0.0578125 0.26796875 0.0234375 0.04375
3 0.13828125 0.21796875 0.01875 0.034375
3 0.2078125 0.184375 0.0171875 0.0375
3 0.2734375 0.15703125 0.015625 0.034375
3 0.33828125 0.13046875 0.0171875 0.0359375