3 0.72578125 0.46015625 0.0328125 0.078125
3 0.646875 0.39609375 0.015625 0.0453125
3 0.62109375 0.37421875 0.0109375 0.034375
3 0.60234375 0.36015625 0.0125 0.028125
0 0.3203125 0.49921875 0.03125 0.075
0 0.40703125 0.421875 0.0171875 0.046875
0 0.4453125 0.38984375 0.0109375 0.0328125
0 0.4671875 0.371875 0.009375 0.0234375
3 0.5875 0.346875 0.0078125 0.021875
3 0.9265625 0.38671875 0.0234375 0.0609375
3 0.8046875 0.359375 0.01875 0.04375
3 0.7453125 0.346875 0.0140625 0.034375
3 0.7203125 0.33515625 0.009375 0.0296875
3 0.71015625 0.3328125 0.0078125 0.0265625
3 0.68984375 0.328125 0.00625 0.01875
0 0.09453125 0.465625 0.0140625 0.04375
0 0.17578125 0.4375 0.0109375 0.0359375
0 0.225 0.4125 0.0109375 0.03125
3 0.0390625 0.46875 0.0140625 0.0390625
3 0.0875 0.45 0.0140625 0.0421875
3 0.1109375 0.44140625 0.0125 0.0359375
0 0.23125 0.40703125 0.0109375 0.0265625
0 0.4796875 0.36171875 0.009375 0.025
3 0.57265625 0.34375 0.009375 0.025
0 0.86015625 0.34296875 0.009375 0.0296875
0 0.821875 0.334375 0.009375 0.0265625
0 0.93671875 0.3546875 0.0109375 0.034375
0 0.79765625 0.3328125 0.0109375 0.03125