3 0.90625 0.59609375 0.0734375 0.1234375
3 0.88359375 0.5109375 0.05 0.090625
3 0.97890625 0.48671875 0.0421875 0.0703125
0 0.1609375 0.52734375 0.0921875 0.1515625
0 0.31484375 0.43203125 0.05 0.0875
0 0.46015625 0.4125 0.040625 0.065625
0 0.59296875 0.41015625 0.034375 0.059375
0 0.73046875 0.41484375 0.03125 0.0546875
0 0.91875 0.43359375 0.0265625 0.04375
0 0.509375 0.353125 0.01875 0.0359375
0 0.6234375 0.3625 0.0171875 0.0359375
0 0.684375 0.36484375 0.0171875 0.0328125
0 0.76015625 0.37421875 0.0171875 0.034375
0 0.796875 0.3796875 0.0171875 0.0328125
0 0.39140625 0.34609375 0.0203125 0.040625
0 0.24609375 0.33671875 0.0234375 0.04375
1 0.409375 0.33515625 0.0265625 0.059375
1 0.37890625 0.3328125 0.0265625 0.0578125
1 0.34921875 0.31484375 0.021875 0.05
3 0.325 0.31171875 0.0234375 0.0484375
3 0.42265625 0.3296875 0.0171875 0.0296875
3 0.33671875 0.32265625 0.01875 0.0359375
3 0.2234375 0.31328125 0.0203125 0.0375
0 0.0953125 0.315625 0.028125 0.046875
3 0.55546875 0.340625 0.0171875 0.0296875