0 0.22109375 0.4796875 0.065625 0.1140625
0 0.45546875 0.384375 0.0265625 0.0453125
0 0.54140625 0.37421875 0.0203125 0.0328125
3 0.78046875 0.609375 0.06875 0.1203125
3 0.71015625 0.45546875 0.0265625 0.0515625
3 0.72421875 0.43359375 0.0234375 0.0421875
3 0.75078125 0.43125 0.0203125 0.0390625
3 0.79921875 0.4375 0.0203125 0.034375
3 0.8890625 0.4625 0.021875 0.0375
0 0.63046875 0.38046875 0.0140625 0.03125
0 0.7015625 0.3921875 0.0171875 0.0296875
3 0.9828125 0.5015625 0.028125 0.0453125
0 0.11640625 0.3078125 0.0171875 0.03125
0 0.25234375 0.31015625 0.0125 0.028125
0 0.37734375 0.31796875 0.015625 0.028125
3 0.13203125 0.29609375 0.0140625 0.028125
3 0.0984375 0.284375 0.0125 0.021875