0 0.1703125 0.93828125 0.103125 0.1234375
0 0.35625 0.4875 0.040625 0.0703125
0 0.2015625 0.54765625 0.025 0.046875
3 0.13828125 0.56015625 0.0171875 0.0328125
3 0.94375 0.49765625 0.065625 0.1078125
3 0.67421875 0.34609375 0.0296875 0.05
3 0.61015625 0.3171875 0.01875 0.0296875
3 0.59296875 0.2953125 0.01875 0.028125
3 0.6 0.28203125 0.015625 0.0234375
3 0.6203125 0.26796875 0.0125 0.021875
0 0.39140625 0.39609375 0.0203125 0.0375
0 0.30546875 0.43515625 0.01875 0.034375
0 0.34296875 0.3921875 0.0125 0.0234375
0 0.37421875 0.35703125 0.0109375 0.01875
0 0.4453125 0.3421875 0.0125 0.0234375
0 0.47578125 0.31953125 0.0125 0.021875
0 0.5046875 0.29765625 0.0109375 0.01875
3 0.23515625 0.45625 0.0140625 0.028125
3 0.2890625 0.40859375 0.0109375 0.01875