1 0.9120729166666667 0.5941388888888889 0.07526041666666666 0.26851851851851855
1 0.9615312500000001 0.6520092592592592 0.07694270833333333 0.3287037037037037
3 0.9359427083333334 0.6558611111111111 0.062234374999999995 0.16049074074074074
3 0.34617187499999996 0.33564814814814814 0.0076927083333333335 0.023148148148148147
3 0.415609375 0.3333333333333333 0.0076770833333333335 0.02160185185185185
3 0.4976302083333334 0.3341018518518518 0.010260416666666666 0.02623148148148148
3 0.5631614583333333 0.33564814814814814 0.011114583333333334 0.02623148148148148
3 0.611765625 0.3418240740740741 0.011098958333333332 0.029324074074074075
3 0.6343333333333334 0.35108333333333336 0.011093750000000001 0.032407407407407406
3 0.6473489583333334 0.3680555555555556 0.016302083333333335 0.041666666666666664
3 0.69075 0.4058611111111111 0.026703125 0.058638888888888886
3 0.776671875 0.5069444444444444 0.04578125 0.10339814814814816
0 0.144375 0.35185185185185186 0.012078125 0.027777777777777776
0 0.24679166666666666 0.3472222222222222 0.010317708333333333 0.027777777777777776
0 0.315359375 0.3472222222222222 0.008567708333333333 0.027777777777777776
0 0.3908697916666667 0.35262037037037036 0.013755208333333333 0.032407407407407406
0 0.4034583333333333 0.3680555555555556 0.012885416666666667 0.03549074074074074
0 0.3600572916666666 0.3912037037037037 0.018104166666666664 0.047842592592592596
0 0.2971302083333333 0.4367314814814815 0.027666666666666666 0.061731481481481484
0 0.21467708333333332 0.5115740740740741 0.045046875 0.09104629629629629