0 0.260953125 0.6348425925925926 0.08144270833333334 0.16782407407407407
0 0.6258177083333333 0.4988425925925926 0.04281770833333333 0.09722222222222222
0 0.8875104166666666 0.44734259259259257 0.028442708333333334 0.061342592592592594
0 0.9080208333333334 0.3715277777777778 0.010859375000000001 0.032407407407407406
0 0.8058541666666666 0.37121296296296297 0.013307291666666667 0.028194444444444442
0 0.6928177083333333 0.37121296296296297 0.014145833333333333 0.029638888888888888
0 0.5997083333333334 0.37519444444444444 0.011723958333333334 0.03180555555555556
0 0.4893177083333333 0.3780833333333333 0.010531249999999999 0.027472222222222224
0 0.36508333333333337 0.37952777777777774 0.013364583333333334 0.033249999999999995
0 0.268109375 0.37880555555555556 0.012979166666666668 0.028916666666666667
3 0.14409895833333333 0.36796296296296294 0.0073124999999999996 0.024583333333333336
3 0.24107291666666666 0.3654351851851852 0.010947916666666667 0.02675
3 0.3457708333333333 0.3654351851851852 0.011333333333333334 0.02675
3 0.43745833333333334 0.3654351851851852 0.012536458333333333 0.02675
3 0.5299583333333333 0.36289814814814814 0.008859375000000001 0.018796296296296297
3 0.615140625 0.3618148148148148 0.0100625 0.025305555555555553
3 0.7015416666666667 0.36000925925925925 0.008010416666666667 0.02312962962962963
3 0.9158489583333334 0.36253703703703705 0.008020833333333333 0.028194444444444442
3 0.8095260416666666 0.36000925925925925 0.0094375 0.026027777777777778