0 0.24609375 0.50703125 0.0359375 0.08125
0 0.27421875 0.43203125 0.021875 0.046875
0 0.24609375 0.40703125 0.0109375 0.03125
0 0.209375 0.396875 0.0109375 0.028125
0 0.1671875 0.3921875 0.0078125 0.015625
0 0.12109375 0.39765625 0.0078125 0.021875
3 0.659375 0.478125 0.028125 0.0765625
3 0.50546875 0.4078125 0.0140625 0.0421875
3 0.41328125 0.38671875 0.0109375 0.0296875
3 0.340625 0.3765625 0.0109375 0.025
3 0.97734375 0.4484375 0.0203125 0.0546875
3 0.8296875 0.40234375 0.01875 0.0453125
3 0.73359375 0.37578125 0.009375 0.025
0 0.93515625 0.40859375 0.0125 0.034375
0 0.81953125 0.38203125 0.0140625 0.034375
3 0.26484375 0.37578125 0.0109375 0.03125
3 0.196875 0.378125 0.009375 0.025
3 0.13046875 0.37890625 0.0109375 0.025