0 0.184375 0.56328125 0.0515625 0.103125
0 0.19140625 0.4921875 0.03125 0.059375
0 0.1640625 0.459375 0.021875 0.046875
0 0.10703125 0.46171875 0.01875 0.0375
0 0.05234375 0.4734375 0.0140625 0.0296875
3 0.2046875 0.4125 0.0125 0.03125
3 0.27890625 0.396875 0.015625 0.0328125
3 0.353125 0.39375 0.0203125 0.040625
3 0.1328125 0.43125 0.0109375 0.021875
3 0.45703125 0.4078125 0.025 0.0515625
3 0.63046875 0.4484375 0.04375 0.08125
3 0.925 0.3828125 0.0265625 0.0484375
3 0.703125 0.3546875 0.015625 0.0328125
3 0.621875 0.3421875 0.0140625 0.0328125
3 0.55703125 0.34296875 0.0125 0.025
3 0.509375 0.34296875 0.0125 0.0234375
1 0.68984375 0.3265625 0.0125 0.03125
1 0.7171875 0.32890625 0.015625 0.0359375
1 0.63828125 0.3390625 0.0171875 0.0453125
1 0.60546875 0.33671875 0.015625 0.040625
0 0.7859375 0.340625 0.0140625 0.0265625
0 0.7015625 0.328125 0.0125 0.028125
0 0.59296875 0.32890625 0.0125 0.0265625
3 0.00234375 0.46953125 0.0046875 0.0296875
3 0.0625 0.45546875 0.0109375 0.025
3 0.478125 0.34140625 0.0109375 0.01875