0 0.23984375 0.32109375 0.0359375 0.04375
0 0.24140625 0.365625 0.0421875 0.06875
0 0.37265625 0.30546875 0.0234375 0.0421875
0 0.43203125 0.29609375 0.0171875 0.03125
0 0.525 0.3015625 0.01875 0.0328125
3 0.621875 0.334375 0.01875 0.0359375
3 0.58125 0.3359375 0.0203125 0.0375
3 0.6 0.41640625 0.0453125 0.0765625
3 0.690625 0.34296875 0.0125 0.025
3 0.765625 0.359375 0.009375 0.01875
3 0.82265625 0.37265625 0.0109375 0.021875
3 0.8671875 0.3828125 0.009375 0.01875
3 0.56015625 0.34453125 0.0265625 0.0453125
3 0.97265625 0.45859375 0.015625 0.0296875