3 0.13221875 0.3919722222222222 0.013817708333333335 0.037037037037037035
3 0.28454687500000003 0.3896574074074074 0.011177083333333334 0.032407407407407406
3 0.4130052083333334 0.3881203703703704 0.012885416666666667 0.03549074074074074
3 0.519328125 0.3919722222222222 0.020671875 0.046296296296296294
3 0.5826875 0.4050925925925926 0.020656249999999998 0.05092592592592592
3 0.6399739583333334 0.4297870370370371 0.029322916666666664 0.06326851851851852
3 0.7679947916666666 0.49382407407407414 0.05098958333333334 0.10493518518518519
0 0.06886458333333333 0.4212962962962963 0.022619791666666667 0.046296296296296294
0 0.19471354166666668 0.42592592592592593 0.020744791666666665 0.04937962962962963
0 0.265453125 0.4583333333333333 0.026807291666666667 0.06789814814814815
0 0.16216666666666668 0.5146574074074074 0.03724479166666667 0.09722222222222222