0 0.164765625 0.7021574074074074 0.07022916666666666 0.21913888888888888
0 0.06625520833333333 0.43210185185185185 0.025984375 0.061731481481481484
0 0.5492708333333333 0.36497222222222225 0.009380208333333334 0.032407407407407406
0 0.507609375 0.3719166666666667 0.011125 0.037037037037037035
0 0.4012864583333334 0.3811759259259259 0.017223958333333334 0.04321296296296297
0 0.30147395833333335 0.39351851851851855 0.020723958333333334 0.04937962962962963
0 0.5688020833333333 0.5285462962962963 0.04322395833333333 0.1373425925925926
0 0.8578281249999999 0.4344166666666667 0.03621354166666667 0.07562037037037037
3 0.18950520833333334 0.3757685185185185 0.015541666666666667 0.03858333333333334
3 0.34356770833333333 0.3611111111111111 0.012901041666666667 0.037037037037037035
3 0.38653125 0.35648148148148145 0.012020833333333333 0.027777777777777776