0 0.2125 0.58984375 0.0640625 0.1390625
0 0.3734375 0.41484375 0.0265625 0.0578125
0 0.43203125 0.359375 0.0140625 0.0390625
0 0.47421875 0.3421875 0.0109375 0.028125
0 0.54921875 0.32109375 0.0140625 0.028125
0 0.621875 0.31171875 0.0109375 0.0234375
3 0.8046875 0.50859375 0.0609375 0.1296875
3 0.6265625 0.3859375 0.0234375 0.0515625
3 0.58671875 0.35078125 0.0125 0.0375
3 0.603125 0.33203125 0.0125 0.034375
3 0.63515625 0.32578125 0.0140625 0.03125
3 0.69609375 0.31875 0.009375 0.0265625
3 0.97734375 0.36640625 0.0125 0.0375
3 0.9578125 0.34765625 0.0078125 0.025
3 0.96875 0.33984375 0.0078125 0.025
3 0.76640625 0.31484375 0.0078125 0.0296875