0 0.11978906250000002 0.7601944444444445 0.0960234375 0.20802777777777778
0 0.27778125 0.48087500000000005 0.0305546875 0.074125
0 0.2661796875 0.42363888888888884 0.019046874999999998 0.04784722222222223
0 0.2371484375 0.4105 0.014820312499999998 0.036597222222222225
0 0.1978359375 0.4044027777777778 0.0111171875 0.03190277777777777
0 0.15509375 0.404875 0.010046875 0.029083333333333336
3 0.6057578125 0.4344305555555556 0.0299375 0.06568055555555555
3 0.4729765625 0.3978611111111111 0.0175625 0.04136111111111111
3 0.387359375 0.3828888888888889 0.0115703125 0.031375
3 0.3087578125 0.3818194444444445 0.009984375 0.030666666666666665
3 0.23878125 0.38466666666666666 0.01040625 0.024958333333333332
3 0.1725859375 0.38680555555555557 0.0063750000000000005 0.022097222222222223
3 0.11163281249999998 0.3996527777777778 0.0071874999999999994 0.01925
0 0.09719531249999999 0.4153333333333334 0.009601562499999999 0.020680555555555556
0 0.0362421875 0.42281944444444447 0.0088125 0.02423611111111111
0 0.841359375 0.3654166666666667 0.007539062500000001 0.024958333333333332
3 0.7042109375 0.36220833333333335 0.008375 0.022819444444444444
3 0.6466640625 0.35900000000000004 0.007992187500000001 0.022097222222222223
3 0.8455703124999999 0.3839583333333333 0.009710937499999999 0.029236111111111112
3 0.7651640625 0.36862500000000004 0.0100859375 0.02423611111111111
3 0.52853125 0.35615277777777776 0.0092890625 0.024958333333333332