3 0.89140625 0.48671875 0.0609375 0.1296875
3 0.69765625 0.37265625 0.0265625 0.0578125
3 0.6796875 0.340625 0.0171875 0.034375
3 0.7015625 0.321875 0.015625 0.028125
3 0.74375 0.30625 0.0125 0.028125
0 0.2828125 0.58125 0.05625 0.1109375
0 0.41796875 0.4140625 0.0234375 0.05
0 0.4875 0.3640625 0.0171875 0.0375
0 0.55390625 0.33828125 0.0109375 0.028125
0 0.63125 0.31484375 0.0125 0.0296875
3 0.7734375 0.29609375 0.015625 0.03125
3 0.9671875 0.29140625 0.0140625 0.0375
3 0.93046875 0.28671875 0.0140625 0.03125
3 0.9203125 0.2828125 0.0125 0.0296875
0 0.66953125 0.30625 0.0109375 0.025