0 0.04921875 0.6390625 0.0234375 0.05
0 0.12109375 0.6484375 0.0359375 0.075
0 0.1609375 0.82734375 0.0734375 0.14375
3 0.165625 0.4609375 0.009375 0.01875
3 0.1234375 0.496875 0.0109375 0.021875
3 0.15390625 0.509375 0.0171875 0.0328125
3 0.0734375 0.54609375 0.0125 0.025
3 0.0875 0.546875 0.0140625 0.0265625
3 0.2703125 0.44921875 0.01875 0.034375
3 0.39140625 0.4140625 0.025 0.04375
3 0.53203125 0.4078125 0.0375 0.0625
3 0.7390625 0.41953125 0.04375 0.08125
3 0.98984375 0.509375 0.0203125 0.1