0 0.0140625 0.53203125 0.028125 0.1296875
0 0.17578125 0.46015625 0.0375 0.0796875
0 0.21953125 0.4109375 0.0203125 0.046875
0 0.17265625 0.375 0.0140625 0.040625
0 0.221875 0.38046875 0.015625 0.0359375
3 0.8 0.6234375 0.0765625 0.175
3 0.671875 0.4875 0.0375 0.09375
3 0.590625 0.4234375 0.0265625 0.065625
3 0.52265625 0.3953125 0.0203125 0.0515625
3 0.478125 0.37890625 0.015625 0.046875
3 0.41640625 0.365625 0.01875 0.04375
3 0.33125 0.36015625 0.0140625 0.0359375
3 0.25 0.36015625 0.0109375 0.0328125
3 0.17578125 0.3609375 0.0125 0.0375
0 0.0671875 0.37890625 0.015625 0.05