0 0.019848958333333333 0.5403425925925927 0.039697916666666666 0.1256574074074074
0 0.18327083333333333 0.46296296296296297 0.03416145833333333 0.07672222222222222
0 0.22419270833333332 0.4133611111111111 0.01778645833333333 0.046296296296296294
0 0.17806770833333332 0.37962962962962965 0.013333333333333334 0.039685185185185184
0 0.22567708333333333 0.38360185185185186 0.014812500000000001 0.03438888888888889
3 0.8000104166666666 0.6018518518518519 0.06972916666666666 0.16931481481481483
3 0.6698229166666666 0.4722222222222222 0.0325625 0.08994444444444445
3 0.588359375 0.4126944444444444 0.024395833333333335 0.06349074074074074
3 0.5206562499999999 0.3875648148148148 0.018458333333333334 0.05026851851851852
3 0.47676562499999997 0.3730185185185185 0.014005208333333333 0.044972222222222226
3 0.4157604166666667 0.3624351851851852 0.01699479166666667 0.042324074074074076
3 0.3324375 0.359787037037037 0.012552083333333333 0.03438888888888889
3 0.25286458333333334 0.3618796296296296 0.010317708333333333 0.032407407407407406
3 0.18039583333333334 0.36574074074074076 0.011364583333333334 0.037037037037037035
0 0.0745 0.38657407407407407 0.012963541666666667 0.047842592592592596