0 0.19921875 0.53828125 0.0390625 0.0859375
0 0.21484375 0.45546875 0.0234375 0.05
0 0.18046875 0.43515625 0.0125 0.0328125
0 0.1421875 0.43046875 0.0109375 0.0296875
0 0.09765625 0.43359375 0.009375 0.0171875
0 0.0515625 0.44765625 0.009375 0.0234375
3 0.61875 0.4328125 0.0328125 0.08125
3 0.44765625 0.38828125 0.0171875 0.0453125
3 0.3484375 0.38359375 0.0140625 0.03125
3 0.27265625 0.38671875 0.0109375 0.0265625
3 0.93828125 0.3453125 0.0234375 0.0578125
3 0.778125 0.325 0.021875 0.046875
3 0.67578125 0.31484375 0.0109375 0.0265625
0 0.88828125 0.31171875 0.0140625 0.0375
0 0.76484375 0.30546875 0.015625 0.0375
3 0.1953125 0.3984375 0.0140625 0.034375
3 0.12578125 0.41328125 0.0109375 0.0265625
3 0.05703125 0.4265625 0.0109375 0.0265625