0 0.22173437499999998 0.6708333333333333 0.0678828125 0.18888888888888888
0 0.2154921875 0.5020833333333333 0.03678125 0.07916666666666666
0 0.10534375 0.48194444444444445 0.025734374999999997 0.058333333333333334
0 0.0448125 0.4677222222222222 0.0129609375 0.034944444444444445
0 0.026828125 0.45586111111111116 0.0133359375 0.03098611111111111
3 0.8774374999999999 0.5343055555555556 0.054781250000000004 0.12591666666666665
3 0.5962109375 0.4294861111111111 0.03371875 0.07186111111111111
3 0.4704921875 0.4106944444444444 0.022671875 0.048777777777777774
3 0.298609375 0.40706944444444443 0.019953125 0.04020833333333333
3 0.2014609375 0.4146527777777778 0.01415625 0.03163888888888889
3 0.1489921875 0.41729166666666667 0.0121796875 0.027680555555555555
3 0.126375 0.414 0.0121875 0.026375
3 0.8896953125 0.35894444444444445 0.0125546875 0.03098611111111111
3 0.785109375 0.3398333333333333 0.01178125 0.02834722222222222