0 0.05078125 0.484375 0.075 0.1265625
3 0.884375 0.5984375 0.0875 0.1375
3 0.72265625 0.496875 0.0515625 0.0921875
3 0.5828125 0.446875 0.034375 0.071875
3 0.4359375 0.41484375 0.0359375 0.065625
3 0.26328125 0.3875 0.03125 0.0609375
3 0.10546875 0.37890625 0.0265625 0.053125
1 0.9109375 0.39921875 0.0234375 0.053125
3 0.96171875 0.4234375 0.015625 0.03125
3 0.9796875 0.4265625 0.015625 0.034375
3 0.99453125 0.42890625 0.0109375 0.0359375
3 0.74921875 0.359375 0.0140625 0.0296875
3 0.771875 0.3703125 0.0109375 0.0234375
3 0.7859375 0.36484375 0.0078125 0.021875