0 0.091046875 0.9537037037037037 0.06969270833333334 0.09259259259259259
0 0.312953125 0.4578981481481481 0.027078125 0.06302777777777777
0 0.32928645833333337 0.38375 0.013869791666666666 0.03460185185185185
0 0.37672916666666667 0.3522314814814815 0.011427083333333334 0.022250000000000002
0 0.39149999999999996 0.34203703703703703 0.0076927083333333335 0.022861111111111113
0 0.35361458333333334 0.34358333333333335 0.009692708333333333 0.019777777777777776
0 0.2927916666666667 0.36304629629629626 0.007671875 0.024101851851851853
3 0.7126458333333333 0.4415277777777778 0.031864583333333335 0.0685925925925926
3 0.555375 0.35964814814814816 0.015026041666666667 0.03707407407407407
3 0.5433854166666666 0.32875 0.009807291666666666 0.024722222222222222
3 0.5246145833333333 0.3179351851851852 0.008416666666666666 0.02162962962962963
3 0.47161458333333334 0.31700925925925927 0.006666666666666667 0.019777777777777776
3 0.42052083333333334 0.3216388888888889 0.005854166666666666 0.015444444444444445
3 0.315703125 0.34203703703703703 0.007557291666666666 0.017916666666666668
3 0.3702708333333333 0.32905555555555555 0.005661458333333333 0.016685185185185185
3 0.257140625 0.36242592592592593 0.0066770833333333335 0.019157407407407408
3 0.19666666666666668 0.3849814814814815 0.00875 0.019777777777777776
3 0.151484375 0.40784259259259265 0.007354166666666666 0.019777777777777776
0 0.2288125 0.38282407407407404 0.008270833333333333 0.019157407407407408
0 0.15460937500000002 0.41989814814814813 0.0079375 0.025333333333333333
0 0.08770312499999999 0.45110185185185186 0.006213541666666667 0.022250000000000002