3 0.865625 0.740625 0.0984375 0.209375
3 0.70390625 0.490625 0.0390625 0.08125
3 0.7234375 0.4453125 0.0203125 0.046875
3 0.72265625 0.41171875 0.0140625 0.0359375
3 0.721875 0.3890625 0.009375 0.021875
3 0.7015625 0.3765625 0.0109375 0.021875
0 0.3203125 0.44375 0.0375 0.078125
0 0.490625 0.39765625 0.0203125 0.040625
0 0.54453125 0.38671875 0.0171875 0.0328125
0 0.58125 0.37265625 0.0125 0.028125
3 0.6296875 0.3546875 0.00625 0.015625
3 0.671875 0.36328125 0.0078125 0.0171875
3 0.60390625 0.353125 0.0078125 0.0140625
3 0.91875 0.44453125 0.0125 0.0265625
3 0.87421875 0.41953125 0.0125 0.0234375
3 0.83984375 0.40546875 0.0109375 0.028125
3 0.82734375 0.390625 0.0078125 0.0171875