1 0.2577447916666667 0.4646018518518518 0.038781249999999996 0.12689814814814815
1 0.2821979166666667 0.45692592592592596 0.027963541666666664 0.12038888888888889
0 0.27457291666666667 0.4851574074074074 0.021364583333333336 0.07390740740740741
0 0.14668229166666666 0.5595370370370369 0.05902083333333333 0.12691666666666665
1 0.6786510416666667 0.45022222222222225 0.031864583333333335 0.12619444444444444
1 0.6677135416666666 0.44643518518518516 0.028552083333333332 0.10873148148148148
3 0.75365625 0.5163981481481482 0.05186458333333333 0.11328703703703703
3 0.64775 0.43722222222222223 0.022057291666666666 0.06260185185185185
3 0.625140625 0.39881481481481484 0.017697916666666664 0.044861111111111115
3 0.6036302083333334 0.37739814814814815 0.013536458333333333 0.030398148148148146
3 0.5986614583333334 0.3675740740740741 0.011041666666666667 0.027814814814814813
3 0.5824166666666667 0.3631574074074074 0.011703125 0.026148148148148146
3 0.5466197916666666 0.35791666666666666 0.010765625000000001 0.023944444444444445
3 0.4915729166666667 0.3569074074074074 0.008817708333333334 0.02137037037037037
3 0.4238645833333334 0.35630555555555554 0.008807291666666666 0.02236111111111111
3 0.36465625 0.3583240740740741 0.009375 0.024203703703703703
0 0.34763020833333336 0.36665740740740743 0.010036458333333333 0.026555555555555554
0 0.4096666666666666 0.3692962962962963 0.011713541666666666 0.027416666666666666
0 0.4239375 0.3816759259259259 0.0111875 0.029916666666666668
0 0.40047916666666666 0.3949444444444445 0.01596875 0.03587037037037037
0 0.370171875 0.41703703703703704 0.022041666666666668 0.045675925925925925
0 0.3430520833333333 0.4483888888888889 0.025463541666666666 0.05457407407407407
0 0.28904687500000004 0.37050925925925926 0.011052083333333332 0.02613888888888889
0 0.20422916666666666 0.3727777777777778 0.010947916666666667 0.024916666666666667
3 0.2548489583333333 0.36314814814814816 0.009291666666666667 0.021675925925925925
1 0.7443489583333334 0.3275 0.007578125000000001 0.031453703703703706