0 0.275 0.46171875 0.059375 0.109375
0 0.43828125 0.38046875 0.0296875 0.05625
0 0.50859375 0.36484375 0.0171875 0.034375
0 0.54921875 0.359375 0.0140625 0.0296875
3 0.76015625 0.55234375 0.0578125 0.0984375
3 0.67265625 0.4328125 0.0265625 0.0515625
3 0.66875 0.40234375 0.015625 0.0296875
3 0.678125 0.39453125 0.0140625 0.028125
3 0.684375 0.38515625 0.0109375 0.0234375
3 0.9109375 0.4734375 0.01875 0.0375
3 0.83984375 0.43125 0.015625 0.03125
0 0.95 0.465625 0.015625 0.0296875
0 0.57421875 0.3578125 0.0125 0.0203125