0 0.2 0.51796875 0.078125 0.1453125
0 0.34609375 0.4109375 0.0453125 0.090625
0 0.4078125 0.3375 0.021875 0.053125
0 0.42265625 0.35859375 0.0265625 0.0578125
0 0.3109375 0.3328125 0.01875 0.0390625
0 0.22421875 0.3375 0.021875 0.0484375
0 0.09375 0.34375 0.0171875 0.0375
3 0.06015625 0.33125 0.0140625 0.0359375
3 0.3578125 0.3140625 0.01875 0.0390625
3 0.44296875 0.3078125 0.0171875 0.0359375
3 0.546875 0.30625 0.0171875 0.0359375
3 0.6328125 0.30625 0.0171875 0.040625
3 0.70234375 0.3125 0.021875 0.0453125
3 0.74375 0.32421875 0.025 0.05625
3 0.78125 0.35234375 0.0375 0.0703125
3 0.903125 0.4265625 0.0609375 0.1265625
1 0.90703125 0.25234375 0.0171875 0.0484375