0 0.128125 0.80390625 0.0828125 0.1984375
0 0.13359375 0.63984375 0.046875 0.109375
0 0.11875 0.565625 0.034375 0.06875
0 0.17890625 0.50390625 0.021875 0.05
0 0.24375 0.4640625 0.0203125 0.04375
0 0.30625 0.4359375 0.0140625 0.034375
0 0.3703125 0.41640625 0.0125 0.028125
0 0.4546875 0.39765625 0.015625 0.0296875
0 0.54296875 0.38359375 0.0109375 0.0265625
0 0.6375 0.3703125 0.0109375 0.025
0 0.73125 0.35625 0.009375 0.0234375
0 0.796875 0.346875 0.009375 0.021875
3 0.659375 0.4859375 0.0484375 0.096875
3 0.525 0.45546875 0.0265625 0.0640625
3 0.53046875 0.42265625 0.01875 0.0453125
3 0.6578125 0.39453125 0.0171875 0.0390625
3 0.7578125 0.37734375 0.015625 0.0390625
3 0.8140625 0.36640625 0.0140625 0.0375
3 0.884375 0.35859375 0.0140625 0.0328125
1 0.8390625 0.33515625 0.0140625 0.0390625
1 0.85703125 0.334375 0.0125 0.0328125
1 0.93046875 0.34453125 0.015625 0.040625
1 0.95234375 0.34296875 0.0140625 0.0375
3 0.94140625 0.3484375 0.0109375 0.0265625
0 0.85 0.34140625 0.009375 0.0265625
0 0.8953125 0.334375 0.009375 0.0234375