0 0.01875 0.4875 0.0375 0.115625
0 0.17578125 0.39921875 0.0328125 0.06875
0 0.28671875 0.37109375 0.028125 0.05625
0 0.38671875 0.35703125 0.021875 0.04375
0 0.47265625 0.353125 0.0203125 0.0359375
0 0.58046875 0.359375 0.01875 0.0359375
0 0.690625 0.37734375 0.0171875 0.034375
0 0.80625 0.3984375 0.0171875 0.034375
0 0.9171875 0.4203125 0.015625 0.03125
3 0.9375 0.76796875 0.0796875 0.20625
3 0.67109375 0.5078125 0.0578125 0.1125
3 0.67734375 0.44140625 0.0453125 0.0796875
3 0.84453125 0.45234375 0.03125 0.05625
3 0.9625 0.47109375 0.0265625 0.05