0 0.234375 0.4484375 0.0296875 0.0421875
0 0.2484375 0.4921875 0.0296875 0.0671875
0 0.36171875 0.3953125 0.015625 0.0421875
0 0.4171875 0.3703125 0.0125 0.0296875
0 0.5109375 0.3484375 0.0125 0.03125
3 0.6171875 0.3546875 0.0125 0.0359375
3 0.57734375 0.365625 0.0140625 0.0375
3 0.61796875 0.44140625 0.03125 0.075
3 0.68671875 0.3421875 0.0078125 0.025
3 0.765625 0.3375 0.00625 0.01875
3 0.82578125 0.334375 0.00625 0.0234375
3 0.8734375 0.33125 0.0046875 0.01875
3 0.5578125 0.38046875 0.0171875 0.04375
3 0.99453125 0.3765625 0.003125 0.0296875