1 0.796875 0.43671875 0.03125 0.0703125
1 0.7828125 0.43515625 0.034375 0.0828125
0 0.88828125 0.42421875 0.0140625 0.03125
0 0.85859375 0.43203125 0.0171875 0.0359375
0 0.83515625 0.446875 0.021875 0.040625
0 0.78828125 0.44921875 0.021875 0.0515625
0 0.72734375 0.45625 0.0296875 0.0546875
0 0.6 0.46015625 0.0421875 0.075
0 0.48515625 0.465625 0.059375 0.096875
0 0.4703125 0.36484375 0.0140625 0.0296875
0 0.4265625 0.3671875 0.0171875 0.0375
0 0.32421875 0.36015625 0.021875 0.0484375
0 0.07734375 0.3359375 0.0328125 0.0546875
0 0.1953125 0.509375 0.0921875 0.146875
3 0.2765625 0.32421875 0.0140625 0.0296875
3 0.25234375 0.31484375 0.0140625 0.025
3 0.253125 0.32890625 0.01875 0.0328125
3 0.1640625 0.32265625 0.0203125 0.0375