1 0.0815078125 0.7386527777777778 0.10580468750000001 0.15141666666666667
0 0.06634375 0.6232916666666667 0.031421875 0.083875
0 0.2695703125 0.38266666666666665 0.0120546875 0.02748611111111111
0 0.3000390625 0.38983333333333337 0.010187499999999999 0.03563888888888889
0 0.2630234375 0.43993055555555555 0.0188203125 0.05419444444444445
3 0.46360156249999995 0.3617777777777778 0.01121875 0.033819444444444444
3 0.44457031249999995 0.3457222222222222 0.007578125 0.02377777777777778
3 0.4573125 0.3376388888888889 0.0063515625000000004 0.018194444444444444
3 0.4858828125 0.3315694444444444 0.0060546875 0.01927777777777778
3 0.5268984375 0.3954444444444445 0.023796875000000002 0.049958333333333334
3 0.7431875 0.52225 0.0388515625 0.12570833333333334
0 0.330484375 0.3610277777777778 0.009859375 0.022111111111111113
3 0.534859375 0.3240416666666667 0.0051328125 0.016972222222222222
3 0.85709375 0.38084722222222217 0.013679687500000001 0.04047222222222222
3 0.7587421875 0.35083333333333333 0.0094375 0.02706944444444444
3 0.7574296875 0.32030555555555557 0.005109375 0.015611111111111112
0 0.8314140625 0.33499999999999996 0.005265625 0.020847222222222222
0 0.8510859375000001 0.3442222222222222 0.008515625 0.023708333333333335
0 0.8963203125 0.36134722222222226 0.009296875 0.029638888888888888
3 0.7351796875 0.33794444444444444 0.0071796874999999994 0.02059722222222222
3 0.735625 0.32216666666666666 0.006195312499999999 0.016847222222222222
3 0.5926484375000001 0.3167638888888889 0.0046953125 0.0115