3 0.78515625 0.35546875 0.075 0.1296875
3 0.70546875 0.23125 0.0453125 0.078125
3 0.67734375 0.1796875 0.0375 0.059375
3 0.65390625 0.14765625 0.03125 0.04375
0 0.2015625 0.2125 0.059375 0.0984375
0 0.34296875 0.1390625 0.03125 0.05625
0 0.4328125 0.10859375 0.0234375 0.04375
0 0.46640625 0.09609375 0.015625 0.0296875
0 0.5109375 0.08671875 0.015625 0.025
0 0.48671875 0.0765625 0.0140625 0.0234375
0 0.446875 0.07109375 0.0125 0.021875
0 0.084375 0.11171875 0.0171875 0.0296875
0 0.13984375 0.08984375 0.0140625 0.0265625
0 0.19296875 0.0765625 0.0140625 0.025
0 0.25078125 0.06796875 0.0140625 0.021875
0 0.40546875 0.0609375 0.0109375 0.021875
3 0.08671875 0.084375 0.0125 0.0234375
3 0.1640625 0.07109375 0.015625 0.0234375
3 0.6359375 0.12890625 0.0203125 0.0328125
3 0.6328125 0.11328125 0.015625 0.0234375
3 0.62890625 0.1015625 0.0140625 0.021875
3 0.228125 0.0609375 0.0125 0.0203125
3 0.29609375 0.05546875 0.0140625 0.028125
0 0.34375 0.06328125 0.0140625 0.0265625