0 0.2328125 0.44609375 0.046875 0.0859375
0 0.27265625 0.37421875 0.0265625 0.05
0 0.246875 0.3453125 0.015625 0.0328125
0 0.2125 0.33046875 0.0140625 0.0296875
0 0.1703125 0.31875 0.009375 0.0171875
0 0.12265625 0.3171875 0.0109375 0.0234375
3 0.65390625 0.475 0.0390625 0.08125
3 0.5078125 0.3828125 0.0203125 0.04375
3 0.41796875 0.3484375 0.015625 0.03125
3 0.34765625 0.328125 0.0140625 0.0265625
3 0.97734375 0.490625 0.028125 0.0578125
3 0.83515625 0.42265625 0.025 0.0484375
3 0.74296875 0.3828125 0.0140625 0.0265625
0 0.940625 0.44375 0.0171875 0.0359375
0 0.82734375 0.40078125 0.01875 0.0375
3 0.27109375 0.31640625 0.015625 0.0328125
3 0.20234375 0.30859375 0.0125 0.0265625
3 0.13515625 0.3 0.0140625 0.0265625