3 0.9875 0.5171875 0.025 0.053125
3 0.96328125 0.47890625 0.0203125 0.040625
3 0.9546875 0.4609375 0.0171875 0.0328125
3 0.9328125 0.43359375 0.0171875 0.028125
3 0.91875 0.415625 0.0125 0.0203125
3 0.9125 0.40703125 0.0140625 0.025
3 0.92421875 0.409375 0.0109375 0.0234375
0 0.9453125 0.41015625 0.0109375 0.01875
0 0.82578125 0.40078125 0.0125 0.0265625
0 0.83125 0.38984375 0.0125 0.025
0 0.8421875 0.3828125 0.0125 0.0265625
1 0.97265625 0.471875 0.028125 0.0640625
1 0.959375 0.4640625 0.025 0.0609375
1 0.809375 0.40703125 0.021875 0.0515625