0 0.11015625 0.53671875 0.0640625 0.1359375
0 0.2046875 0.4328125 0.0390625 0.0828125
0 0.2640625 0.3796875 0.028125 0.059375
0 0.36640625 0.3484375 0.0234375 0.0484375
0 0.4734375 0.3328125 0.025 0.046875
0 0.396875 0.3015625 0.015625 0.0265625
0 0.2890625 0.31328125 0.0140625 0.03125
0 0.1578125 0.33046875 0.021875 0.0421875
0 0.02109375 0.34140625 0.0171875 0.04375
0 0.49765625 0.2921875 0.009375 0.025
0 0.58515625 0.315625 0.0140625 0.0390625
0 0.553125 0.2859375 0.0109375 0.0265625
0 0.61953125 0.2828125 0.0109375 0.028125
0 0.65390625 0.278125 0.009375 0.025
0 0.740625 0.29921875 0.0140625 0.0328125
0 0.665625 0.2734375 0.0078125 0.0203125
0 0.9078125 0.29375 0.0125 0.0375
0 0.846875 0.25546875 0.0109375 0.0234375
0 0.76796875 0.25859375 0.00625 0.0203125
0 0.70546875 0.2625 0.00625 0.01875
0 0.93984375 0.25859375 0.0078125 0.0171875
3 0.80078125 0.4515625 0.0421875 0.1015625
3 0.6734375 0.39375 0.0296875 0.075
3 0.68515625 0.353125 0.028125 0.059375
3 0.76953125 0.33046875 0.0234375 0.05
3 0.93359375 0.31953125 0.01875 0.0421875
3 0.4359375 0.28515625 0.015625 0.028125
3 0.5234375 0.27890625 0.0109375 0.0265625
3 0.57578125 0.26640625 0.0078125 0.0203125
3 0.5984375 0.2640625 0.009375 0.01875
3 0.63046875 0.26015625 0.0078125 0.01875
3 0.68125 0.2546875 0.0078125 0.01875
3 0.74765625 0.25234375 0.0078125 0.0203125
3 0.12421875 0.31640625 0.0125 0.0296875
3 0.228125 0.30625 0.0109375 0.0265625
3 0.3109375 0.29609375 0.0140625 0.0265625
1 0.30234375 0.3046875 0.0171875 0.053125
1 0.27734375 0.309375 0.01875 0.0453125
1 0.24140625 0.2984375 0.0171875 0.0375
1 0.2171875 0.29765625 0.015625 0.0421875