0 0.36328125 0.5234375 0.0578125 0.121875
0 0.078125 0.67265625 0.125 0.1953125
3 0.1109375 0.40703125 0.01875 0.0390625
0 0.20546875 0.41640625 0.021875 0.0484375
3 0.26484375 0.39296875 0.0140625 0.0375
3 0.2984375 0.36796875 0.009375 0.021875
3 0.2859375 0.3515625 0.00625 0.0203125
3 0.33203125 0.36953125 0.009375 0.0265625
3 0.340625 0.384375 0.0125 0.0296875
3 0.35703125 0.375 0.0125 0.0265625
3 0.3609375 0.34375 0.0078125 0.021875
3 0.465625 0.3390625 0.0078125 0.0171875
3 0.41484375 0.34140625 0.00625 0.0171875
3 0.51953125 0.33515625 0.00625 0.0203125
3 0.5625 0.3359375 0.00625 0.015625
3 0.60859375 0.334375 0.0078125 0.015625
3 0.66953125 0.334375 0.0078125 0.01875
3 0.728125 0.3328125 0.00625 0.015625
3 0.80703125 0.3328125 0.009375 0.021875
1 0.8359375 0.38359375 0.0203125 0.0859375
1 0.85234375 0.38203125 0.01875 0.071875
0 0.846875 0.396875 0.0125 0.0484375
3 0.91015625 0.33125 0.009375 0.025
3 0.97109375 0.32890625 0.009375 0.0234375
3 0.27578125 0.36328125 0.009375 0.021875
0 0.571875 0.4578125 0.040625 0.096875
0 0.67265625 0.43125 0.0328125 0.0984375
0 0.53046875 0.36640625 0.009375 0.03125
0 0.5359375 0.3765625 0.0125 0.0328125
0 0.4984375 0.38828125 0.015625 0.0328125
0 0.50390625 0.33984375 0.009375 0.0171875
0 0.5734375 0.33984375 0.00625 0.0171875
0 0.49375 0.36328125 0.0109375 0.028125
0 0.45078125 0.34296875 0.0078125 0.021875
0 0.45859375 0.35859375 0.0109375 0.021875
0 0.43046875 0.35078125 0.0078125 0.0203125
0 0.41015625 0.396875 0.0171875 0.040625
0 0.4125 0.3484375 0.00625 0.021875
0 0.40390625 0.346875 0.0078125 0.0203125
0 0.68515625 0.3375 0.0078125 0.021875
0 0.76875 0.3390625 0.0078125 0.01875
0 0.78828125 0.409375 0.0234375 0.05625
0 0.88984375 0.3859375 0.0171875 0.04375
0 0.89140625 0.33671875 0.009375 0.021875
0 0.840625 0.33671875 0.0078125 0.01875
0 0.9125 0.3703125 0.0140625 0.0359375
0 0.94140625 0.35625 0.0140625 0.0296875
0 0.9546875 0.340625 0.0125 0.0296875
0 0.96640625 0.346875 0.0109375 0.025
0 0.61484375 0.33828125 0.0078125 0.0203125