3 0.8474453125 0.5916666666666667 0.07132031250000001 0.14722222222222223
3 0.5541171874999999 0.44513888888888886 0.0357734375 0.07083333333333333
3 0.4314453125 0.4003611111111111 0.023304687499999997 0.04769444444444445
3 0.352109375 0.3917361111111111 0.015335937499999999 0.03652777777777778
3 0.274765625 0.39781944444444445 0.0125 0.03247222222222222
3 0.85328125 0.39731944444444445 0.023265625 0.043638888888888894
3 0.750234375 0.37422222222222223 0.01640625 0.032916666666666664
3 0.6695078125 0.3629583333333333 0.0133359375 0.03108333333333333
3 0.614140625 0.3541111111111111 0.011640625 0.023166666666666665
3 0.57609375 0.3501527777777778 0.00959375 0.024986111111111108
1 0.77096875 0.3666111111111111 0.0208515625 0.059125
1 0.7312109375 0.3626527777777778 0.0153828125 0.04876388888888889
1 0.8201640625 0.3574722222222222 0.012273437500000001 0.04570833333333333
1 0.8522109375 0.3617361111111111 0.0146640625 0.04570833333333333
0 0.83303125 0.3681388888888889 0.011265625 0.029249999999999998
0 0.9312421875 0.3873333333333333 0.012953125 0.03473611111111111
0 0.704109375 0.34680555555555553 0.0085 0.021944444444444447
0 0.7635859375 0.35106944444444443 0.0108828125 0.030472222222222223
0 0.65371875 0.34131944444444445 0.0085078125 0.020722222222222222
0 0.6232031250000001 0.33675 0.007124999999999999 0.02011111111111111
0 0.19039062499999998 0.5293472222222222 0.0383671875 0.08227777777777778
0 0.196046875 0.4562083333333334 0.0256796875 0.05425000000000001
0 0.15028125 0.44584722222222223 0.0191796875 0.04083333333333333
0 0.10178125 0.4461527777777778 0.013375000000000001 0.03656944444444444
3 0.1986171875 0.40561111111111114 0.010257812500000001 0.024986111111111108
3 0.1261171875 0.42024999999999996 0.009929687500000001 0.026208333333333333
3 0.19639062499999999 0.38916666666666666 0.007859375 0.02011111111111111
3 0.40516406250000003 0.35350000000000004 0.008515625 0.020722222222222222
3 0.5026875000000001 0.3431388888888889 0.0074609375000000006 0.018291666666666668
0 0.08034375 0.7277777777777777 0.078859375 0.17222222222222222
0 0.035359375 0.45668055555555553 0.01596875 0.03086111111111111