3 0.8085 0.4187314814814815 0.03000520833333333 0.10862962962962962
3 0.74625 0.37762037037037033 0.021578125 0.07401851851851851
3 0.6937447916666667 0.3575185185185185 0.022223958333333335 0.049694444444444444
3 0.6158333333333333 0.34974074074074074 0.02264583333333333 0.05530555555555555
3 0.5228541666666666 0.3466203703703704 0.022703125 0.043759259259259255
3 0.4139010416666667 0.3430277777777778 0.017593750000000002 0.044527777777777784
0 0.368234375 0.4185833333333333 0.025708333333333333 0.07703703703703704
0 0.23571354166666666 0.49792592592592594 0.03919791666666667 0.11753703703703704
0 0.3633645833333333 0.38158333333333333 0.014984375 0.05461111111111111
0 0.2578125 0.375962962962963 0.020885416666666667 0.05483333333333333
0 0.16332291666666665 0.37257407407407406 0.016432291666666668 0.058638888888888886
1 0.8903802083333333 0.30092592592592593 0.01153125 0.04321296296296297
3 0.3205677083333333 0.3533981481481482 0.012265625 0.03395370370370371
3 0.14610937499999999 0.3580277777777778 0.012223958333333333 0.03395370370370371
0 0.01721875 0.3819444444444444 0.014796875 0.04475