3 0.98359375 0.61796875 0.0328125 0.2609375
3 0.6265625 0.47890625 0.0703125 0.1328125
3 0.50390625 0.44453125 0.05625 0.096875
3 0.39140625 0.40703125 0.0328125 0.0578125
3 0.4328125 0.421875 0.0421875 0.071875
3 0.3484375 0.40078125 0.0328125 0.05
3 0.3 0.3984375 0.021875 0.0390625
3 0.26484375 0.40390625 0.0203125 0.0359375
3 0.21015625 0.4125 0.0203125 0.0359375
3 0.134375 0.43203125 0.021875 0.034375
3 0.05859375 0.45390625 0.015625 0.0296875
0 0.01640625 0.4765625 0.0234375 0.0359375
0 0.06328125 0.521875 0.040625 0.0671875
0 0.0703125 0.4640625 0.0203125 0.0359375
0 0.09375 0.46875 0.025 0.040625
0 0.1078125 0.48828125 0.034375 0.053125
0 0.0140625 0.584375 0.028125 0.08125