0 0.0609375 0.15625 0.0296875 0.05
0 0.16015625 0.26484375 0.0609375 0.1140625
0 0.23828125 0.11015625 0.0171875 0.0328125
0 0.31484375 0.1578125 0.0359375 0.0703125
0 0.15078125 0.13046875 0.025 0.0453125
3 0.09375 0.12265625 0.01875 0.0390625
3 0.1671875 0.10390625 0.0171875 0.0328125
0 0.3203125 0.0890625 0.0203125 0.0375
0 0.4 0.11953125 0.028125 0.0546875
0 0.50078125 0.1078125 0.021875 0.04375
0 0.575 0.10625 0.015625 0.034375
0 0.6109375 0.10703125 0.0140625 0.034375
3 0.63203125 0.15703125 0.0296875 0.059375
3 0.69609375 0.1453125 0.025 0.046875
3 0.68671875 0.20625 0.0375 0.0765625
3 0.73515625 0.1328125 0.01875 0.0375
3 0.76171875 0.13515625 0.01875 0.0421875
3 0.80234375 0.3234375 0.0578125 0.134375