3 0.890625 0.50703125 0.0703125 0.1296875
3 0.728125 0.4453125 0.04375 0.0828125
3 0.5875 0.421875 0.0359375 0.065625
3 0.43828125 0.41875 0.0328125 0.0625
3 0.26640625 0.4234375 0.0265625 0.0625
3 0.115625 0.44375 0.025 0.053125
0 0.0890625 0.55078125 0.0578125 0.115625
1 0.9015625 0.321875 0.015625 0.0546875
3 0.734375 0.3046875 0.009375 0.0234375
3 0.7578125 0.31484375 0.0109375 0.03125
3 0.77265625 0.31171875 0.009375 0.03125
3 0.95546875 0.3265625 0.0109375 0.0296875
3 0.9734375 0.32734375 0.0109375 0.0328125
3 0.9875 0.32890625 0.009375 0.034375
3 0.909375 0.30703125 0.0109375 0.0328125