0 0.25625 0.46875 0.0765625 0.1171875
0 0.38046875 0.3875 0.0328125 0.0609375
0 0.40390625 0.3203125 0.0109375 0.0140625
0 0.425 0.33125 0.009375 0.0171875
0 0.43515625 0.3359375 0.0109375 0.021875
0 0.4390625 0.34453125 0.01875 0.0296875
0 0.4234375 0.36015625 0.01875 0.03125
0 0.78984375 0.41484375 0.0125 0.0203125
0 0.846875 0.44609375 0.0140625 0.0234375
0 0.8953125 0.4703125 0.0171875 0.0296875
0 0.03125 0.32421875 0.0109375 0.0328125
0 0.046875 0.3078125 0.01875 0.028125
0 0.04921875 0.29453125 0.0109375 0.0203125
0 0.04296875 0.2890625 0.009375 0.0203125
3 0.39140625 0.31171875 0.0109375 0.0171875
3 0.43125 0.32109375 0.009375 0.015625
3 0.50859375 0.34140625 0.009375 0.01875
3 0.5359375 0.353125 0.0171875 0.025
3 0.56484375 0.3703125 0.0140625 0.0234375
3 0.59296875 0.39296875 0.021875 0.0390625
3 0.640625 0.44375 0.0390625 0.05625
3 0.6625 0.37578125 0.0109375 0.015625
3 0.62265625 0.3625 0.0125 0.0203125
3 0.74609375 0.41796875 0.015625 0.0296875
3 0.7078125 0.39375 0.0125 0.0203125
3 0.77578125 0.434375 0.0171875 0.03125
3 0.84765625 0.48203125 0.0265625 0.0421875
3 0.74921875 0.57109375 0.078125 0.1203125
3 0.47109375 0.33046875 0.0109375 0.01875