3 0.58034375 0.5268888888888889 0.04917708333333334 0.13485185185185183
3 0.499609375 0.43930555555555556 0.03472916666666667 0.07507407407407407
3 0.588359375 0.39238888888888884 0.022197916666666664 0.05212962962962963
3 0.6176822916666667 0.37049074074074073 0.014375 0.0417037037037037
3 0.6466145833333333 0.35241666666666666 0.012802083333333332 0.03475925925925926
3 0.6731979166666666 0.33712962962962967 0.009671875 0.025027777777777777
3 0.6808229166666667 0.32462037037037034 0.008708333333333334 0.025027777777777777
3 0.6913802083333334 0.3187037037037037 0.007927083333333333 0.021546296296296296
3 0.669484375 0.31210185185185185 0.008703125 0.019462962962962963
3 0.6301927083333333 0.31210185185185185 0.007520833333333333 0.019462962962962963
3 0.5803489583333333 0.3124537037037037 0.005557291666666667 0.01599074074074074
3 0.5387083333333333 0.3141851851851852 0.0067239583333333335 0.018074074074074072
3 0.4622760416666667 0.31800925925925927 0.005536458333333333 0.018768518518518518
3 0.3993333333333334 0.31800925925925927 0.005520833333333333 0.014601851851851852
3 0.039822916666666666 0.36910185185185185 0.008973958333333334 0.027805555555555556
3 0.02653125 0.35867592592592595 0.008973958333333334 0.027805555555555556
3 0.054286458333333336 0.3607592592592593 0.0081875 0.02224074074074074
3 0.04627083333333334 0.3333055555555556 0.004671875000000001 0.01737962962962963
0 0.10628645833333333 0.43096296296296294 0.026942708333333332 0.06255555555555556
0 0.24175000000000002 0.39655555555555555 0.021833333333333333 0.05352777777777778
0 0.31310416666666663 0.3850925925925926 0.015171875 0.04309259259259259
0 0.40086979166666664 0.3701481481481481 0.013197916666666667 0.0354537037037037
0 0.18975520833333331 0.36527777777777776 0.008552083333333333 0.024333333333333335
0 0.22240104166666666 0.3531111111111111 0.008932291666666667 0.02362962962962963
0 0.11215104166666667 0.37500925925925926 0.012864583333333334 0.03823148148148148
0 0.09396874999999999 0.3395648148148148 0.0038802083333333336 0.02015740740740741
0 0.12368229166666667 0.33712962962962967 0.0062187499999999995 0.019462962962962963
0 0.3631614583333333 0.32462037037037034 0.0058125 0.016685185185185185
0 0.45015104166666664 0.3607592592592593 0.011020833333333334 0.03336111111111111
0 0.48963541666666666 0.35624074074074075 0.010864583333333334 0.025722222222222223
0 0.5125208333333333 0.3451203703703704 0.008151041666666668 0.02015740740740741
0 0.5375416666666666 0.3329537037037037 0.006578125000000001 0.016685185185185185
0 0.5627552083333334 0.32809259259259255 0.006182291666666667 0.015296296296296296
0 0.5598229166666666 0.3183611111111111 0.006572916666666666 0.018074074074074072
0 0.5197499999999999 0.32010185185185186 0.006192708333333334 0.014601851851851852
0 0.48319791666666667 0.31975 0.00815625 0.019462962962962963
1 0.443125 0.353462962962963 0.014026041666666666 0.05212962962962963
1 0.4560260416666667 0.35276851851851854 0.014906250000000001 0.05074074074074074
1 0.6247239583333334 0.3520740740740741 0.011255208333333332 0.04935185185185185
1 0.632546875 0.3496388888888889 0.013770833333333335 0.0500462962962963