0 0.19239062499999998 0.6689537037037038 0.05658854166666667 0.13291666666666668
0 0.4271979166666667 0.3952314814814815 0.019713541666666667 0.04611111111111111
0 0.5172239583333333 0.346787037037037 0.013416666666666667 0.03096296296296296
0 0.56875 0.3188611111111111 0.009494791666666667 0.023314814814814816
3 0.6928333333333333 0.32360185185185186 0.008859375000000001 0.023324074074074077
3 0.701125 0.3527962962962963 0.011786458333333333 0.03449074074074074
3 0.746578125 0.44280555555555556 0.031026041666666667 0.0720925925925926
0 0.27416145833333333 0.3851851851851852 0.0089375 0.025435185185185186
0 0.15925520833333331 0.42924999999999996 0.012713541666666666 0.03311111111111111
0 0.006984375 0.5035462962962963 0.009484375 0.03175
0 0.3902760416666667 0.3468703703703704 0.009994791666666667 0.025203703703703704