0 0.20546875 0.5375 0.06875 0.11875
3 0.8265625 0.56484375 0.0671875 0.134375
3 0.66484375 0.3671875 0.0328125 0.059375
3 0.5796875 0.28359375 0.015625 0.025
3 0.5703125 0.26640625 0.009375 0.01875
3 0.5796875 0.259375 0.009375 0.01875
0 0.38203125 0.35 0.03125 0.053125
0 0.45234375 0.2765625 0.0140625 0.028125
0 0.475 0.26015625 0.009375 0.01875
0 0.48671875 0.25234375 0.0078125 0.0171875
1 0.4375 0.2859375 0.0203125 0.046875
1 0.44140625 0.28359375 0.015625 0.05
1 0.60546875 0.29453125 0.0203125 0.0515625
1 0.59609375 0.28984375 0.01875 0.0484375