3 0.065453125 0.3892962962962963 0.016968749999999998 0.03833333333333333
3 0.07144791666666667 0.3788333333333333 0.013015625 0.033277777777777774
3 0.11039583333333333 0.3706759259259259 0.012671874999999999 0.025166666666666667
3 0.14934375 0.36139814814814814 0.011302083333333332 0.023342592592592592
3 0.19859375 0.3576388888888889 0.012630208333333334 0.02725925925925926
3 0.27389583333333334 0.3503611111111111 0.009802083333333333 0.022250000000000002
3 0.3642239583333333 0.3470648148148148 0.009994791666666667 0.02415740740740741
3 0.45026041666666666 0.34574074074074074 0.011166666666666667 0.025657407407407407
3 0.52153125 0.3481574074074074 0.010239583333333333 0.024638888888888887
3 0.59696875 0.3497037037037037 0.009661458333333334 0.024981481481481483
3 0.6863229166666667 0.35264814814814816 0.0110625 0.02886111111111111
3 0.7732656250000001 0.3541111111111111 0.012067708333333335 0.02760185185185185
3 0.8684375000000001 0.3540277777777778 0.012645833333333334 0.025796296296296296
3 0.9662135416666667 0.3562314814814815 0.013239583333333334 0.02775
0 0.9454895833333333 0.3651944444444445 0.015208333333333332 0.0342037037037037
0 0.9419375 0.45989814814814817 0.043437500000000004 0.08373148148148149
0 0.8256093750000001 0.3665925925925926 0.014197916666666668 0.03033333333333333
0 0.706875 0.36337037037037034 0.012666666666666666 0.028074074074074074
0 0.6215885416666667 0.36171296296296296 0.012994791666666667 0.02510185185185185
0 0.6619479166666667 0.49706481481481485 0.05321875 0.1036574074074074
0 0.5081614583333333 0.35812037037037037 0.011239583333333332 0.024731481481481483
0 0.406625 0.3568055555555556 0.011265625 0.026055555555555557
0 0.3193229166666667 0.361 0.010166666666666666 0.022907407407407408
0 0.268578125 0.3671666666666667 0.009958333333333335 0.025555555555555557
0 0.276859375 0.39758333333333334 0.014239583333333333 0.03692592592592593
0 0.2829375 0.3884166666666667 0.015276041666666665 0.03392592592592593
0 0.28008333333333335 0.3756111111111111 0.008947916666666667 0.02950925925925926
0 0.21564062499999997 0.40640740740740744 0.020817708333333334 0.055824074074074075
0 0.05111979166666667 0.4297685185185185 0.03235416666666666 0.06713888888888889
0 0.20720833333333333 0.7561851851851852 0.09043229166666666 0.2605462962962963