0 0.3586953125 0.4461388888888889 0.036140624999999996 0.07319444444444445
0 0.47755468749999996 0.38851388888888894 0.01928125 0.04504166666666667
0 0.282796875 0.369 0.013953125 0.025527777777777778
0 0.581359375 0.36580555555555555 0.013523437499999999 0.03716666666666667
0 0.6629609375000001 0.3554861111111111 0.0124921875 0.030027777777777778
3 0.898796875 0.3864444444444445 0.0163203125 0.04016666666666667
3 0.798625 0.3862638888888889 0.0198828125 0.043541666666666666
3 0.7463671875 0.39301388888888894 0.0205078125 0.04804166666666667
3 0.7233515625 0.40991666666666665 0.0208828125 0.05480555555555556
3 0.7382421875 0.45458333333333334 0.0325390625 0.07581944444444445
0 0.14090625 0.4004583333333333 0.0156953125 0.026236111111111113