0 0.12734375 0.51640625 0.075 0.1296875
0 0.22578125 0.43515625 0.046875 0.0796875
0 0.28671875 0.3953125 0.0328125 0.0578125
0 0.38359375 0.3796875 0.0265625 0.046875
0 0.4828125 0.37890625 0.028125 0.04375
0 0.4171875 0.340625 0.0171875 0.0265625
0 0.31796875 0.33828125 0.0171875 0.0296875
0 0.196875 0.33671875 0.025 0.040625
0 0.07109375 0.32890625 0.0203125 0.0421875
0 0.509375 0.34453125 0.0109375 0.0234375
0 0.58515625 0.37734375 0.0171875 0.0359375
0 0.56015625 0.34609375 0.0140625 0.025
0 0.6203125 0.35234375 0.0125 0.0265625
0 0.653125 0.35234375 0.0109375 0.0234375
0 0.72890625 0.3828125 0.0171875 0.03125
0 0.66484375 0.35 0.009375 0.01875
0 0.8796875 0.3984375 0.0171875 0.0359375
0 0.83046875 0.35703125 0.0125 0.021875
0 0.75859375 0.3484375 0.0078125 0.01875
0 0.7015625 0.34453125 0.0078125 0.0171875
0 0.9140625 0.37109375 0.009375 0.0171875
0 0.9734375 0.38515625 0.0125 0.0203125
3 0.7640625 0.528125 0.0515625 0.096875
3 0.65546875 0.459375 0.0359375 0.0703125
3 0.6703125 0.4234375 0.0328125 0.0578125
3 0.75078125 0.41484375 0.0265625 0.0484375
3 0.90078125 0.42578125 0.021875 0.040625
3 0.45390625 0.33046875 0.0171875 0.0265625
3 0.534375 0.3359375 0.0140625 0.025
3 0.58359375 0.33203125 0.009375 0.01875
3 0.60390625 0.3328125 0.0109375 0.0171875
3 0.634375 0.3328125 0.009375 0.01875
3 0.6796875 0.334375 0.009375 0.01875
3 0.740625 0.33984375 0.009375 0.01875
3 0.9921875 0.37734375 0.0109375 0.021875
3 0.16796875 0.31953125 0.0140625 0.028125
3 0.2640625 0.3234375 0.0125 0.025
3 0.33984375 0.325 0.015625 0.0265625
1 0.33046875 0.33125 0.021875 0.05
1 0.30703125 0.3328125 0.021875 0.04375
1 0.27578125 0.31875 0.0203125 0.0359375
1 0.2546875 0.31484375 0.01875 0.040625