0 0.02265625 0.534375 0.0203125 0.0484375
0 0.090625 0.56015625 0.03125 0.0734375
0 0.090625 0.74453125 0.0625 0.1421875
3 0.1765625 0.3859375 0.0078125 0.01875
3 0.12890625 0.4125 0.0078125 0.021875
3 0.1546875 0.43046875 0.0140625 0.0328125
3 0.0671875 0.4484375 0.0109375 0.0234375
3 0.08125 0.45234375 0.0125 0.0265625
3 0.28203125 0.39765625 0.015625 0.0328125
3 0.40859375 0.39140625 0.021875 0.0421875
3 0.54921875 0.41640625 0.0328125 0.0609375
3 0.7484375 0.47421875 0.0375 0.078125
3 0.98203125 0.6203125 0.028125 0.1