3 0.72265625 0.26875 0.0109375 0.021875
3 0.7109375 0.27578125 0.0109375 0.025
3 0.70078125 0.2890625 0.0109375 0.025
3 0.67734375 0.309375 0.0140625 0.034375
3 0.0078125 0.39921875 0.0125 0.03125
3 0.0203125 0.3890625 0.0109375 0.028125
3 0.6453125 0.3296875 0.01875 0.04375
3 0.6125 0.36171875 0.028125 0.059375
3 0.51953125 0.42421875 0.0453125 0.0890625
3 0.61796875 0.51953125 0.071875 0.1609375
0 0.553125 0.30234375 0.009375 0.021875
0 0.52578125 0.31640625 0.0109375 0.0265625
0 0.5015625 0.33203125 0.0109375 0.028125
0 0.4578125 0.346875 0.0171875 0.0359375
0 0.40625 0.3625 0.015625 0.0359375
0 0.3078125 0.384375 0.025 0.0515625
0 0.22890625 0.40546875 0.03125 0.0578125
0 0.0828125 0.46015625 0.04375 0.071875
0 0.17109375 0.3765625 0.01875 0.0359375
1 0.6578125 0.3078125 0.021875 0.05625
1 0.4609375 0.33359375 0.021875 0.0546875
1 0.65078125 0.31328125 0.0203125 0.059375
1 0.45078125 0.33515625 0.0203125 0.059375