0 0.01953125 0.55078125 0.0390625 0.2046875
0 0.1890625 0.2921875 0.04375 0.0890625
0 0.24453125 0.20703125 0.0234375 0.0625
0 0.28828125 0.16953125 0.0171875 0.040625
3 0.890625 0.43203125 0.0796875 0.18125
3 0.6703125 0.25234375 0.0328125 0.0984375
3 0.59375 0.16796875 0.028125 0.0625
3 0.53671875 0.1484375 0.01875 0.0453125
0 0.3265625 0.1375 0.0140625 0.0359375
0 0.07109375 0.2125 0.0140625 0.03125
0 0.1265625 0.1796875 0.0125 0.03125
0 0.184375 0.16015625 0.009375 0.025
3 0.0578125 0.19609375 0.0109375 0.0296875
3 0.1125 0.17421875 0.009375 0.028125
3 0.5015625 0.1296875 0.0125 0.0328125
0 0.39765625 0.115625 0.0125 0.0296875
0 0.4546875 0.1046875 0.0078125 0.0234375
0 0.4828125 0.10234375 0.00625 0.021875