3 0.0140625 0.4546875 0.015625 0.0328125
0 0.02421875 0.4640625 0.015625 0.0390625
0 0.12265625 0.44375 0.01875 0.040625
0 0.0890625 0.54921875 0.05 0.0890625
0 0.178125 0.4953125 0.0359375 0.0640625
0 0.17421875 0.43984375 0.021875 0.0421875
0 0.18671875 0.45859375 0.025 0.0484375
3 0.109375 0.43359375 0.015625 0.0328125
3 0.18125 0.41796875 0.0171875 0.034375
3 0.2578125 0.40859375 0.0171875 0.0359375
3 0.33828125 0.4 0.0203125 0.0375
3 0.396875 0.39921875 0.021875 0.040625
3 0.4375 0.40390625 0.0296875 0.0515625
3 0.49296875 0.415625 0.03125 0.0609375
3 0.5546875 0.44375 0.0375 0.0703125
3 0.6171875 0.4875 0.05625 0.10625
3 0.80625 0.603125 0.1078125 0.1875