0 0.0765625 0.95 0.05 0.1
3 0.928125 0.43984375 0.0484375 0.1109375
3 0.6390625 0.34921875 0.03125 0.065625
3 0.5125 0.325 0.028125 0.05625
3 0.52265625 0.290625 0.0203125 0.0421875
3 0.6359375 0.26328125 0.01875 0.0328125
3 0.7125 0.2453125 0.0140625 0.0265625
3 0.7578125 0.234375 0.0109375 0.0171875
3 0.75625 0.2203125 0.0109375 0.0234375
0 0.22421875 0.5578125 0.059375 0.1
0 0.2515625 0.42109375 0.028125 0.053125
0 0.284375 0.36953125 0.0203125 0.0390625
0 0.259375 0.334375 0.0109375 0.021875
0 0.371875 0.31796875 0.0125 0.0296875
0 0.3640625 0.29140625 0.0109375 0.0234375
0 0.440625 0.2890625 0.0140625 0.0296875
0 0.521875 0.25703125 0.0109375 0.0234375
0 0.60859375 0.23828125 0.0109375 0.0234375
3 0.38203125 0.27734375 0.009375 0.01875
3 0.30703125 0.30390625 0.0109375 0.021875
3 0.2328125 0.33515625 0.009375 0.0203125
1 0.41484375 0.26640625 0.009375 0.021875
1 0.421875 0.26328125 0.009375 0.0234375
1 0.43828125 0.26640625 0.0109375 0.0265625
1 0.44609375 0.26171875 0.0125 0.0265625
3 0.465625 0.25390625 0.009375 0.0203125
0 0.49140625 0.25234375 0.009375 0.0203125
3 0.73359375 0.215625 0.0078125 0.0203125
3 0.7 0.215625 0.0078125 0.0171875
0 0.6609375 0.22890625 0.0109375 0.0234375