3 0.28359375 0.36484375 0.021875 0.040625
3 0.40546875 0.365625 0.0203125 0.0375
3 0.28828125 0.43125 0.0390625 0.06875
3 0.2171875 0.3796875 0.025 0.0515625
3 0.20234375 0.39921875 0.03125 0.0609375
0 0.01953125 0.3578125 0.015625 0.0421875
0 0.03515625 0.3234375 0.015625 0.0328125
0 0.2671875 0.34453125 0.0125 0.028125
0 0.39296875 0.34609375 0.0140625 0.03125
0 0.4296875 0.3265625 0.009375 0.015625
0 0.47421875 0.33046875 0.0078125 0.0171875
0 0.52421875 0.35390625 0.009375 0.025
3 0.52578125 0.3734375 0.0171875 0.03125
3 0.45390625 0.471875 0.0453125 0.084375
3 0.67734375 0.3828125 0.0171875 0.0359375
3 0.64765625 0.33984375 0.009375 0.0203125
3 0.59296875 0.3328125 0.0078125 0.015625
3 0.70703125 0.3421875 0.009375 0.01875
3 0.6828125 0.5296875 0.0609375 0.109375
0 0.64921875 0.36484375 0.0140625 0.0296875
0 0.59765625 0.3390625 0.0078125 0.0171875
0 0.65390625 0.34375 0.00625 0.015625
0 0.72265625 0.35078125 0.0078125 0.015625
0 0.76640625 0.375 0.0125 0.025
0 0.78671875 0.35859375 0.009375 0.0171875
0 0.8734375 0.37734375 0.0109375 0.021875
0 0.8640625 0.37890625 0.0109375 0.0234375
0 0.840625 0.36953125 0.009375 0.0171875
3 0.80546875 0.3890625 0.0171875 0.034375
3 0.775 0.35 0.009375 0.01875
3 0.8453125 0.35625 0.0078125 0.015625
3 0.90703125 0.3703125 0.0109375 0.0234375
3 0.92734375 0.39921875 0.0140625 0.03125
3 0.9671875 0.37890625 0.0125 0.021875
3 0.48984375 0.32265625 0.0078125 0.0140625
0 0.5375 0.33515625 0.0078125 0.015625