0 0.1078125 0.2546875 0.028125 0.0484375
0 0.27734375 0.29140625 0.0703125 0.1078125
0 0.44453125 0.19453125 0.0484375 0.0796875
0 0.20546875 0.19296875 0.0234375 0.04375
0 0.49921875 0.153125 0.0390625 0.065625
0 0.5171875 0.1265625 0.025 0.04375
0 0.53359375 0.1125 0.028125 0.04375
0 0.56953125 0.10078125 0.021875 0.034375
3 0.7734375 0.15703125 0.0328125 0.053125
3 0.725 0.08984375 0.021875 0.0390625
3 0.7328125 0.10234375 0.0265625 0.053125
3 0.76484375 0.1171875 0.0328125 0.0484375
3 0.8609375 0.26484375 0.0703125 0.140625