0 0.3290546875 0.4597777777777778 0.0220078125 0.057833333333333334
0 0.401875 0.3852777777777777 0.0111796875 0.03073611111111111
0 0.44349218749999997 0.35479166666666667 0.0070703125 0.02501388888888889
0 0.4796796875 0.3417777777777778 0.0079609375 0.021875
0 0.544 0.32979166666666665 0.0071015625 0.020833333333333332
3 0.672078125 0.4350277777777778 0.027000000000000003 0.06355555555555556
3 0.5892968749999999 0.3745972222222222 0.0132109375 0.03959722222222222
3 0.5708359375 0.3516666666666666 0.0091015625 0.023972222222222225
3 0.583875 0.3430694444444444 0.0088125 0.022402777777777775
3 0.6163984375 0.3355277777777778 0.008234374999999999 0.019791666666666666
3 0.6722187500000001 0.33318055555555554 0.007375 0.021361111111111112
3 0.9441640625 0.39465277777777774 0.016203125 0.03281944444444444
3 0.9069453125000001 0.37277777777777776 0.0085703125 0.025527777777777778
3 0.90240625 0.3584444444444444 0.0088671875 0.020833333333333332
3 0.9242343749999999 0.3545416666666667 0.0091640625 0.017194444444444446
0 0.6798515625 0.32054166666666667 0.005109375 0.016875
0 0.6089765625 0.3247638888888889 0.0048515625 0.016305555555555556