0 0.1421875 0.50546875 0.040625 0.140625
0 0.259375 0.409375 0.034375 0.090625
0 0.34375 0.3484375 0.0265625 0.065625
0 0.396875 0.31484375 0.015625 0.04375
0 0.3828125 0.30234375 0.0140625 0.040625
3 0.890625 0.528125 0.0515625 0.1515625
3 0.7484375 0.365625 0.034375 0.084375
3 0.6859375 0.31484375 0.025 0.0625
3 0.66796875 0.29609375 0.01875 0.05
3 0.6375 0.28046875 0.0125 0.053125
3 0.5828125 0.2734375 0.015625 0.0375
3 0.50703125 0.275 0.01875 0.0359375
3 0.4125 0.27109375 0.01875 0.0375
1 0.846875 0.23828125 0.0109375 0.0390625
3 0.3359375 0.28046875 0.0109375 0.03125
0 0.3 0.2953125 0.0125 0.0375
0 0.22265625 0.29609375 0.0109375 0.034375
0 0.10859375 0.29609375 0.0125 0.034375
3 0.19140625 0.28828125 0.009375 0.0359375