0 0.13984375 0.69921875 0.053125 0.1375
0 0.3875 0.4125 0.0234375 0.053125
3 0.7265625 0.46328125 0.034375 0.0734375
3 0.653125 0.36015625 0.0171875 0.0328125
3 0.65859375 0.325 0.0109375 0.0203125
3 0.6671875 0.309375 0.0078125 0.015625
0 0.459375 0.3453125 0.0140625 0.0296875
0 0.5171875 0.3234375 0.009375 0.025
0 0.559375 0.30703125 0.00625 0.015625
0 0.57578125 0.3 0.00625 0.0140625
0 0.32109375 0.35390625 0.0078125 0.0234375
0 0.22265625 0.38515625 0.009375 0.021875
0 0.41171875 0.32734375 0.009375 0.0234375
0 0.475 0.3109375 0.00625 0.015625
3 0.39296875 0.321875 0.0078125 0.0171875
3 0.3265625 0.3421875 0.0078125 0.01875
3 0.2421875 0.36875 0.00625 0.0171875
0 0.14453125 0.41328125 0.0078125 0.021875
0 0.053125 0.453125 0.0078125 0.0203125
3 0.15625 0.3984375 0.00625 0.015625
3 0.07109375 0.43828125 0.0078125 0.021875
3 0.675 0.296875 0.00625 0.015625
3 0.43828125 0.3109375 0.0078125 0.01875
3 0.46875 0.30078125 0.0046875 0.015625