0 0.0671875 0.57890625 0.1125 0.1859375
0 0.2875 0.44921875 0.05625 0.096875
0 0.4546875 0.4140625 0.0359375 0.06875
0 0.58984375 0.40859375 0.0328125 0.059375
0 0.72890625 0.40703125 0.028125 0.0546875
3 0.934375 0.6109375 0.0828125 0.1453125
3 0.8953125 0.509375 0.0546875 0.09375
3 0.98203125 0.47578125 0.0359375 0.0734375
0 0.9125 0.41875 0.0296875 0.0484375
0 0.23828125 0.3421875 0.021875 0.04375
0 0.38671875 0.3484375 0.01875 0.0390625
0 0.509375 0.35390625 0.015625 0.0359375
0 0.6203125 0.35859375 0.01875 0.0390625
0 0.68046875 0.35859375 0.0140625 0.0328125
0 0.75234375 0.36796875 0.0140625 0.0328125
0 0.90234375 0.36796875 0.0125 0.0234375
0 0.83515625 0.35703125 0.009375 0.01875
1 0.40546875 0.334375 0.025 0.059375
1 0.37734375 0.33671875 0.028125 0.059375
1 0.34453125 0.3203125 0.0203125 0.0484375
1 0.321875 0.31875 0.0203125 0.0453125
3 0.2171875 0.31875 0.0171875 0.0359375
3 0.33046875 0.32734375 0.0171875 0.034375
3 0.41953125 0.33125 0.0171875 0.0328125
3 0.55390625 0.3390625 0.015625 0.0328125
3 0.6453125 0.3453125 0.0125 0.0296875
3 0.6765625 0.346875 0.0109375 0.0296875
3 0.69921875 0.3453125 0.0125 0.025
3 0.72265625 0.3421875 0.0140625 0.0296875
3 0.75390625 0.34765625 0.0125 0.0265625
3 0.8078125 0.346875 0.009375 0.01875
3 0.87578125 0.35703125 0.0078125 0.01875
3 0.94921875 0.36796875 0.0125 0.0234375
0 0.9875 0.38046875 0.0125 0.0296875
0 0.78828125 0.36796875 0.0109375 0.028125
0 0.79765625 0.36796875 0.0109375 0.0265625
0 0.79765625 0.3609375 0.0109375 0.025
0 0.07734375 0.3234375 0.025 0.0484375