3 0.98046875 0.6 0.0390625 0.25
3 0.67265625 0.36796875 0.0421875 0.08125
3 0.625 0.325 0.0265625 0.046875
3 0.6359375 0.3078125 0.0171875 0.0375
3 0.65703125 0.29375 0.0203125 0.0390625
3 0.7 0.28046875 0.0171875 0.03125
3 0.78125 0.26171875 0.0140625 0.03125
0 0.70390625 0.26796875 0.0140625 0.028125
0 0.55234375 0.30546875 0.0140625 0.021875
0 0.48359375 0.33671875 0.0171875 0.034375
0 0.42578125 0.37421875 0.025 0.04375
0 0.3328125 0.4734375 0.0453125 0.084375
0 0.228125 0.415625 0.0109375 0.0234375
0 0.11875 0.47265625 0.0078125 0.015625
3 0.1421875 0.43359375 0.009375 0.0171875
3 0.1140625 0.453125 0.0078125 0.0125
3 0.190625 0.41328125 0.009375 0.01875
3 0.215625 0.409375 0.0125 0.0203125
3 0.30703125 0.37109375 0.0140625 0.0265625
3 0.43359375 0.31875 0.009375 0.0171875
3 0.3765625 0.3390625 0.009375 0.01875
3 0.56875 0.27109375 0.0125 0.0203125
3 0.54375 0.2828125 0.009375 0.01875
0 0.5375 0.2875 0.009375 0.01875
0 0.6125 0.28515625 0.015625 0.025
3 0.8703125 0.24453125 0.021875 0.040625
0 0.32890625 0.36796875 0.0109375 0.0203125
3 0.07265625 0.46875 0.0109375 0.0203125
3 0.01875 0.51796875 0.0140625 0.0265625
0 0.015625 0.534375 0.009375 0.0203125