0 0.204984375 0.5847916666666667 0.0543828125 0.11811111111111113
0 0.35721875000000003 0.37154166666666666 0.025750000000000002 0.05248611111111111
0 0.419953125 0.2891111111111111 0.0091328125 0.02213888888888889
0 0.4388671875 0.27270833333333333 0.0063593750000000004 0.0205
3 0.8268437499999999 0.5290138888888889 0.055218750000000004 0.13122222222222224
3 0.6425546875 0.3592361111111111 0.0261953125 0.05741666666666667
3 0.54590625 0.2821388888888889 0.0109921875 0.027888888888888887
3 0.5332265625 0.2640972222222222 0.00684375 0.019680555555555555
1 0.5705859375 0.2878888888888889 0.0151328125 0.05248611111111111
1 0.5627500000000001 0.2837777777777778 0.0105234375 0.04593055555555556
1 0.4042890625 0.2981388888888889 0.0137890625 0.05166666666666667
1 0.40959375 0.2969027777777778 0.0106640625 0.050847222222222224