3 0.5634322916666666 0.4775092592592593 0.04448958333333333 0.09259259259259259
3 0.35624479166666667 0.4570092592592592 0.031890625 0.07804629629629631
3 0.191828125 0.4484166666666667 0.033416666666666664 0.06878703703703705
3 0.09883333333333333 0.43716666666666665 0.021536458333333335 0.046296296296296294
3 0.8706927083333333 0.3300277777777778 0.010635416666666668 0.027777777777777776
3 0.842421875 0.3346574074074074 0.010203125 0.02910185185185185
3 0.7702552083333334 0.33994444444444444 0.01021875 0.02910185185185185
3 0.6635000000000001 0.3425925925925926 0.010984375 0.03175
3 0.5481874999999999 0.35052777777777777 0.01428125 0.03175
3 0.4086927083333334 0.3624351851851852 0.014989583333333334 0.03175
3 0.29077604166666665 0.36971296296296297 0.011244791666666667 0.03306481481481482
3 0.10329687500000001 0.41005555555555556 0.017072916666666667 0.044972222222222226
3 0.16951041666666666 0.38558333333333333 0.014078125 0.03836111111111111
0 0.0091875 0.3895462962962963 0.014895833333333334 0.03571296296296296
0 0.14830729166666667 0.3637592592592593 0.010463541666666666 0.02910185185185185
0 0.033364583333333336 0.3604537037037037 0.009692708333333333 0.022490740740740738
0 0.27440625 0.35648148148148145 0.008104166666666668 0.02512962962962963
0 0.403484375 0.3478796296296296 0.008817708333333334 0.026453703703703705
0 0.5199166666666667 0.33862037037037035 0.008046875 0.023805555555555555
0 0.6274166666666667 0.3366388888888889 0.007276041666666667 0.027777777777777776
0 0.7148333333333333 0.33135185185185184 0.008 0.02512962962962963