3 0.176921875 0.37037037037037035 0.013098958333333332 0.03395370370370371
3 0.07016145833333334 0.3773148148148148 0.011338541666666667 0.03549074074074074
3 0.2528697916666667 0.3680555555555556 0.013984375 0.032407407407407406
3 0.3353229166666667 0.36419444444444443 0.01573958333333333 0.03395370370370371
3 0.4221197916666667 0.3680555555555556 0.01375 0.03549074074074074
3 0.488515625 0.3773148148148148 0.016338541666666668 0.04475
3 0.5388541666666666 0.39275 0.021531250000000002 0.05092592592592592
3 0.6139322916666666 0.4236111111111111 0.027593749999999997 0.06944444444444445
3 0.7224270833333333 0.4976851851851852 0.041453125 0.10030555555555555
3 0.9350833333333333 0.6967592592592593 0.07490104166666667 0.21450925925925926
0 0.06669270833333334 0.3904351851851852 0.014703125000000001 0.04012037037037037
0 0.17258333333333334 0.38657407407407407 0.014677083333333334 0.03858333333333334
0 0.22379166666666667 0.3919722222222222 0.018317708333333335 0.046296296296296294
0 0.219015625 0.4212962962962963 0.022479166666666665 0.058638888888888886
0 0.165203125 0.48225 0.038114583333333334 0.08487962962962962