0 0.15078125 0.59609375 0.05 0.140625
0 0.29921875 0.41953125 0.0234375 0.0609375
0 0.3484375 0.3640625 0.0125 0.0390625
0 0.36953125 0.3390625 0.0078125 0.025
0 0.3765625 0.32734375 0.0078125 0.021875
3 0.81328125 0.503125 0.0484375 0.125
3 0.63203125 0.384375 0.025 0.0671875
3 0.5609375 0.3453125 0.0125 0.0421875
3 0.521875 0.32265625 0.009375 0.028125
3 0.49375 0.31171875 0.0078125 0.021875
3 0.8953125 0.36171875 0.0203125 0.065625
3 0.75390625 0.3265625 0.021875 0.05
3 0.69453125 0.30859375 0.0125 0.034375
3 0.66953125 0.30078125 0.0125 0.034375
3 0.63515625 0.296875 0.0078125 0.0296875
0 0.8890625 0.32109375 0.0125 0.03125
0 0.81875 0.30625 0.009375 0.0296875
0 0.77421875 0.2984375 0.009375 0.0265625
0 0.0140625 0.41015625 0.0109375 0.03125
0 0.01171875 0.396875 0.0078125 0.025
0 0.0015625 0.3890625 0.003125 0.025
0 0.36953125 0.31953125 0.0078125 0.0234375
3 0.46484375 0.3078125 0.009375 0.0234375
3 0.43671875 0.3046875 0.0078125 0.021875
0 0.71796875 0.290625 0.009375 0.0234375