0 0.089421875 0.78125 0.04951041666666667 0.16666666666666666
0 0.337765625 0.5196759259259259 0.04109895833333333 0.09953703703703703
0 0.2791770833333333 0.45891666666666664 0.021557291666666666 0.06828703703703703
0 0.18088020833333335 0.46296296296296297 0.01503125 0.05092592592592592
0 0.08063020833333333 0.4988425925925926 0.01240625 0.03935185185185185
3 0.8360885416666667 0.4525462962962963 0.0314375 0.0625
3 0.655890625 0.3694074074074074 0.021411458333333334 0.045731481481481484
3 0.5285104166666666 0.35533333333333333 0.018911458333333336 0.042222222222222223
3 0.4189375 0.3575277777777778 0.013447916666666667 0.032546296296296295
3 0.3267552083333333 0.36936111111111114 0.014541666666666668 0.03142592592592593
3 0.23115625 0.3950740740740741 0.01034375 0.029138888888888888
3 0.13105729166666666 0.43821296296296297 0.008072916666666667 0.027425925925925927
3 0.06550520833333333 0.4742037037037037 0.0080625 0.027425925925925927
3 0.042854166666666665 0.4822037037037037 0.009661458333333334 0.025138888888888888
3 0.07755729166666667 0.44849074074074075 0.009026041666666667 0.02627777777777778
3 0.10647916666666667 0.42592592592592593 0.008390625 0.021138888888888888