3 0.77578125 0.55546875 0.0515625 0.125
3 0.640625 0.44609375 0.028125 0.0765625
3 0.61328125 0.39765625 0.01875 0.0453125
3 0.59140625 0.3734375 0.0125 0.0359375
3 0.56953125 0.35390625 0.009375 0.025
1 0.67890625 0.46953125 0.0359375 0.1359375
1 0.19140625 0.478125 0.04375 0.1515625
1 0.221875 0.4734375 0.0390625 0.125
0 0.03515625 0.603125 0.05625 0.1484375
0 0.2984375 0.45234375 0.0265625 0.0703125
0 0.33359375 0.415625 0.0203125 0.0515625
0 0.36953125 0.38984375 0.0140625 0.0453125
0 0.39921875 0.37421875 0.0140625 0.0328125
1 0.66796875 0.4609375 0.028125 0.1203125
0 0.21328125 0.49921875 0.0265625 0.0828125
3 0.53125 0.35078125 0.009375 0.025
3 0.47421875 0.34921875 0.009375 0.028125
3 0.4015625 0.346875 0.0078125 0.0234375
3 0.3390625 0.3484375 0.0078125 0.025
3 0.22109375 0.35234375 0.00625 0.0234375
0 0.3859375 0.3625 0.009375 0.0265625
0 0.31875 0.36015625 0.0078125 0.0265625
0 0.25703125 0.3578125 0.009375 0.0265625
1 0.7390625 0.3234375 0.009375 0.028125