3 0.7755885416666667 0.5650648148148149 0.05793229166666667 0.14732407407407408
3 0.5589583333333333 0.45495370370370375 0.029432291666666666 0.08583333333333333
3 0.49141666666666667 0.4152962962962963 0.025296875 0.06473148148148147
3 0.43314583333333334 0.39370370370370367 0.017390625 0.042694444444444445
3 0.3932395833333333 0.38775 0.019421874999999998 0.05460185185185185
3 0.34384374999999995 0.3794814814814815 0.02033333333333333 0.04336111111111111
3 0.2563697916666667 0.3848055555555555 0.013546875000000002 0.03284259259259259
0 0.17469791666666667 0.4224351851851852 0.02140625 0.05613888888888889
0 0.13532291666666665 0.4439074074074074 0.025989583333333333 0.06374074074074075
0 0.06583333333333334 0.49520370370370376 0.0363125 0.11077777777777778
0 0.096203125 0.41280555555555554 0.016552083333333335 0.047842592592592596
3 0.14289583333333333 0.3888888888888889 0.01284375 0.03535185185185185