0 0.3182109375 0.48226388888888894 0.0423828125 0.09898611111111111
3 0.9298984375 0.4755555555555555 0.036671875 0.09408333333333332
3 0.8944765625000001 0.6241111111111112 0.07796875 0.17643055555555556
0 0.9704296875 0.37395833333333334 0.0143984375 0.04056944444444444
0 0.8313203124999999 0.3726527777777778 0.016140625 0.03931944444444444
0 0.7020703125 0.38225000000000003 0.01675 0.045125000000000005
0 0.6163359374999999 0.36386111111111114 0.028578125 0.03913888888888889
0 0.5524296875 0.3954861111111111 0.0282578125 0.06333333333333334
0 0.25334375 0.3551111111111111 0.01196875 0.02965277777777778
0 0.1276953125 0.39705555555555555 0.0151484375 0.042888888888888886
3 0.20612499999999997 0.3489722222222222 0.010421875 0.02369444444444444
3 0.15425 0.3633888888888889 0.0110625 0.0255
3 0.0421875 0.39994444444444444 0.0100625 0.02761111111111111
3 0.0714375 0.36643055555555554 0.006140625 0.01688888888888889
3 0.042546875 0.3816527777777778 0.0113359375 0.019583333333333335
0 0.308375 0.3366388888888889 0.0068828125 0.019097222222222224