0 0.256578125 0.5656111111111112 0.0580078125 0.10756944444444445
0 0.45444531250000003 0.4094583333333333 0.0253046875 0.05205555555555555
3 0.84771875 0.5499861111111112 0.048921875 0.12838888888888889
3 0.724328125 0.4137777777777778 0.021078125 0.05394444444444445
3 0.7256796875 0.38993055555555556 0.017390625 0.04768055555555555
3 0.7473515625 0.3819861111111111 0.0141484375 0.0395
3 0.7957109375 0.3786111111111111 0.0159140625 0.041430555555555554
3 0.8848593749999999 0.3774027777777778 0.01484375 0.03805555555555555
3 0.9829375 0.3908888888888889 0.0137421875 0.03901388888888889
0 0.5348046875 0.38005555555555554 0.01540625 0.04045833333333333
0 0.616890625 0.36656944444444445 0.0110546875 0.028902777777777777
0 0.6884140624999999 0.35597222222222225 0.0094140625 0.025041666666666667
0 0.23920312500000002 0.39016666666666666 0.0089140625 0.02408333333333333
3 0.3418828125 0.35620833333333335 0.0067265625 0.02263888888888889
3 0.21685156249999998 0.36994444444444446 0.0053984375000000005 0.017347222222222222
3 0.23540624999999998 0.3769166666666667 0.0056640625 0.01975
0 0.3609921875 0.3644027777777778 0.0053906250000000005 0.020708333333333332
0 0.9617968749999999 0.37763888888888886 0.0083125 0.023125
0 0.8690078124999999 0.3663194444444444 0.0091484375 0.025527777777777778
0 0.11028125 0.421375 0.0137421875 0.029124999999999998
3 0.12268749999999999 0.40402777777777776 0.010132812500000001 0.021833333333333333
3 0.16303125000000002 0.3826111111111111 0.0089375 0.01498611111111111