0 0.21635416666666665 0.6394722222222222 0.04159895833333334 0.12152777777777778
0 0.45233333333333337 0.39351851851851855 0.018765625 0.046296296296296294
3 0.7549114583333334 0.45460185185185187 0.027640625 0.06534259259259259
3 0.6939218749999999 0.3583240740740741 0.013578125 0.0285
3 0.7001770833333333 0.3273981481481481 0.008104166666666668 0.018074074074074072
3 0.7083854166666667 0.31349074074074074 0.005760416666666667 0.013898148148148147
0 0.5200989583333333 0.336 0.010927083333333334 0.02637037037037037
0 0.57325 0.3189074074074074 0.007895833333333333 0.02149074074074074
0 0.61184375 0.30621296296296296 0.005416666666666667 0.013675925925925925
0 0.6265416666666667 0.3005925925925926 0.004588541666666667 0.012212962962962962
0 0.39525520833333333 0.3369814814814815 0.005734375 0.02050925925925926
0 0.3051614583333333 0.3611574074074074 0.007401041666666667 0.020027777777777776
0 0.4787604166666667 0.3169537037037037 0.007364583333333333 0.02050925925925926
0 0.5361718750000001 0.30572222222222223 0.004609375 0.013675925925925925
3 0.46131770833333335 0.3113425925925926 0.0059947916666666665 0.015138888888888891
3 0.40116145833333333 0.32696296296296296 0.0060104166666666665 0.01612037037037037
3 0.3235677083333333 0.34650000000000003 0.004651041666666666 0.015138888888888891
0 0.23358333333333334 0.38166666666666665 0.006541666666666667 0.020027777777777776
0 0.15021354166666667 0.4138981481481481 0.00628125 0.018074074074074072
0 0.057645833333333334 0.4610277777777778 0.006302083333333333 0.019537037037037037
3 0.244703125 0.3694537037037037 0.005166666666666667 0.014166666666666668
3 0.16683333333333333 0.40071296296296294 0.006552083333333333 0.020027777777777776
3 0.09596354166666667 0.43416666666666665 0.006567708333333333 0.018555555555555554
3 0.7157760416666666 0.3026111111111111 0.0050729166666666665 0.014305555555555556
3 0.5029687500000001 0.3038703703703704 0.00559375 0.016833333333333332
3 0.5301875 0.2962962962962963 0.004166666666666667 0.013472222222222222
3 0.017484375 0.4774351851851852 0.005854166666666666 0.019675925925925927