0 0.49296875 0.4703125 0.034375 0.0875
1 0.49453125 0.3875 0.03125 0.096875
1 0.4890625 0.37421875 0.0234375 0.0890625
1 0.78359375 0.40078125 0.0296875 0.0953125
1 0.74140625 0.378125 0.021875 0.0765625
3 0.90234375 0.4875 0.034375 0.084375
3 0.7578125 0.4 0.0171875 0.05625
3 0.70078125 0.3640625 0.015625 0.0390625
3 0.940625 0.3875 0.0140625 0.0421875
3 0.63984375 0.3328125 0.0125 0.034375
3 0.60390625 0.315625 0.0078125 0.0203125
0 0.95859375 0.3765625 0.0109375 0.0296875
0 0.91640625 0.35625 0.0078125 0.0234375
0 0.89765625 0.346875 0.00625 0.01875