3 0.94921875 0.853125 0.0453125 0.190625
3 0.77109375 0.41875 0.025 0.053125
3 0.73515625 0.35390625 0.0125 0.025
3 0.72421875 0.3265625 0.009375 0.021875
0 0.2515625 0.5234375 0.0484375 0.1
0 0.4796875 0.38125 0.028125 0.0515625
0 0.56796875 0.3296875 0.0140625 0.028125
0 0.590625 0.309375 0.0109375 0.0234375
0 0.5265625 0.30078125 0.009375 0.021875
0 0.4328125 0.321875 0.0125 0.025
0 0.3140625 0.3546875 0.0171875 0.0328125
0 0.14453125 0.40703125 0.0171875 0.0390625
0 0.01015625 0.46328125 0.015625 0.0375