0 0.20103125 0.7638888888888888 0.09053125 0.2388888888888889
0 0.4322421875 0.44255555555555554 0.0234921875 0.058277777777777776
0 0.48275781249999994 0.38325 0.013453125 0.03838888888888889
0 0.5239765625 0.36027777777777775 0.0092421875 0.025527777777777778
0 0.5597578125 0.3499861111111111 0.006687500000000001 0.018944444444444444
0 0.89175 0.3471111111111111 0.0068828125 0.020583333333333335
3 0.9084296875 0.3749027777777778 0.011515625 0.029236111111111112
3 0.7604375 0.43274999999999997 0.0249609375 0.06176388888888889
3 0.8355859375 0.35574999999999996 0.0085 0.022236111111111113
3 0.67671875 0.38025 0.0122421875 0.030055555555555558
3 0.65865625 0.36069444444444443 0.008078125 0.02634722222222222
3 0.6672265625 0.34875 0.0062812499999999995 0.022236111111111113
3 0.6782265625 0.3442222222222222 0.006515625 0.021416666666666667
0 0.5878046875 0.34508333333333335 0.0061171875 0.014444444444444446
0 0.6071796875000001 0.33876388888888886 0.0052734375 0.012638888888888889