0 0.07421875 0.590625 0.084375 0.165625
0 0.28359375 0.515625 0.0515625 0.1125
0 0.45390625 0.46484375 0.0265625 0.0765625
0 0.55703125 0.425 0.015625 0.04375
0 0.57734375 0.3984375 0.0125 0.0421875
0 0.60078125 0.3859375 0.0109375 0.0328125
1 0.50546875 0.4203125 0.028125 0.0921875
1 0.52265625 0.4203125 0.0203125 0.084375
3 0.88125 0.48203125 0.03125 0.08125
3 0.81875 0.434375 0.01875 0.05
3 0.80625 0.4015625 0.0125 0.0390625
1 0.834375 0.4390625 0.028125 0.096875
0 0.05546875 0.41171875 0.01875 0.0578125
0 0.12265625 0.39375 0.0171875 0.046875
3 0.790625 0.38203125 0.0109375 0.0328125
3 0.78671875 0.378125 0.0109375 0.0296875
3 0.77265625 0.36953125 0.009375 0.0265625
3 0.7359375 0.36328125 0.009375 0.0265625
3 0.6828125 0.3578125 0.009375 0.0265625
3 0.61796875 0.35546875 0.0078125 0.021875
3 0.56484375 0.35390625 0.00625 0.0203125
3 0.46796875 0.35 0.0078125 0.0265625
3 0.3859375 0.34609375 0.0109375 0.0265625
0 0.6203125 0.3765625 0.009375 0.0296875
0 0.6078125 0.36796875 0.0078125 0.0203125
0 0.55 0.36015625 0.009375 0.025
0 0.5 0.35859375 0.0078125 0.021875