0 0.2140625 0.46796875 0.075 0.1265625
0 0.4 0.42421875 0.0484375 0.0859375
0 0.578125 0.41015625 0.0375 0.06875
0 0.67109375 0.4109375 0.034375 0.0625
0 0.78984375 0.41640625 0.0265625 0.0515625
0 0.53203125 0.35078125 0.0171875 0.0328125
0 0.45078125 0.34609375 0.0171875 0.040625
0 0.56953125 0.34921875 0.0140625 0.028125
0 0.5671875 0.33984375 0.0140625 0.025
0 0.53359375 0.32734375 0.0140625 0.028125
0 0.5015625 0.31953125 0.009375 0.0203125
0 0.496875 0.303125 0.009375 0.01875
0 0.47734375 0.30625 0.009375 0.0203125
0 0.46015625 0.303125 0.009375 0.01875
0 0.45234375 0.3 0.009375 0.0171875
0 0.61875 0.3203125 0.0109375 0.0203125
0 0.55 0.3078125 0.009375 0.0171875
0 0.66015625 0.328125 0.009375 0.0171875
0 0.73046875 0.33984375 0.0078125 0.0171875
0 0.81328125 0.3515625 0.0109375 0.01875
0 0.9046875 0.41640625 0.0171875 0.0359375
0 0.85390625 0.41328125 0.021875 0.0421875
0 0.93515625 0.40546875 0.015625 0.03125
0 0.97421875 0.39921875 0.0125 0.0265625
0 0.99609375 0.3859375 0.0078125 0.025
0 0.9390625 0.37265625 0.0109375 0.0203125
0 0.88671875 0.3625 0.009375 0.021875
1 0.846875 0.4015625 0.0296875 0.071875
1 0.86171875 0.40390625 0.025 0.0671875
3 0.96171875 0.36953125 0.0125 0.025
3 0.85546875 0.35390625 0.0109375 0.01875
3 0.77578125 0.33984375 0.0109375 0.01875
3 0.7171875 0.33125 0.009375 0.0171875
3 0.65546875 0.3203125 0.0078125 0.0171875
3 0.609375 0.31328125 0.0078125 0.015625
3 0.565625 0.30859375 0.009375 0.01875
3 0.46328125 0.29453125 0.009375 0.0171875
3 0.3890625 0.32578125 0.015625 0.03125
3 0.40546875 0.31640625 0.0125 0.025
3 0.41171875 0.29140625 0.009375 0.0171875
3 0.38359375 0.3109375 0.0125 0.028125
3 0.32109375 0.31875 0.01875 0.034375
3 0.35078125 0.3015625 0.0140625 0.0234375
3 0.303125 0.28515625 0.009375 0.0203125
3 0.34140625 0.2875 0.009375 0.01875
0 0.27421875 0.32890625 0.01875 0.040625
3 0.1875 0.30390625 0.0171875 0.0328125
0 0.0625 0.3046875 0.025 0.046875
3 0.5140625 0.30234375 0.0078125 0.015625