0 0.04296875 0.69140625 0.0859375 0.1578125
0 0.0125 0.53046875 0.025 0.0859375
0 0.2515625 0.3859375 0.03125 0.0546875
0 0.42734375 0.41640625 0.0359375 0.0609375
0 0.3796875 0.3328125 0.01875 0.0359375
3 0.0609375 0.41953125 0.025 0.0484375
3 0.8515625 0.575 0.05625 0.0890625
3 0.21015625 0.3546875 0.015625 0.0328125
3 0.30390625 0.32890625 0.0171875 0.028125
3 0.36953125 0.3125 0.0140625 0.025
3 0.41171875 0.30703125 0.0140625 0.0234375
3 0.7984375 0.4296875 0.025 0.0421875
3 0.75234375 0.3796875 0.0171875 0.034375
3 0.71640625 0.35234375 0.0125 0.0265625
3 0.45234375 0.3015625 0.0109375 0.0234375
3 0.5140625 0.303125 0.0109375 0.021875
3 0.58125 0.31171875 0.0109375 0.01875
3 0.66875 0.33046875 0.009375 0.0203125
0 0.5484375 0.3578125 0.021875 0.0421875
0 0.60703125 0.340625 0.015625 0.03125
0 0.553125 0.3234375 0.0140625 0.0265625
0 0.478125 0.32265625 0.015625 0.028125