3 0.60078125 0.33203125 0.0140625 0.0265625
3 0.6640625 0.36328125 0.0171875 0.0296875
0 0.52109375 0.3546875 0.01875 0.0359375
0 0.45625 0.33125 0.0171875 0.0328125
3 0.49921875 0.31328125 0.0125 0.0234375
0 0.35703125 0.3359375 0.0203125 0.034375
0 0.415625 0.4046875 0.0390625 0.0671875
0 0.06875 0.65078125 0.0765625 0.13125
0 0.2125 0.37109375 0.0234375 0.04375
0 0.0046875 0.49296875 0.009375 0.0734375
3 0.04765625 0.40234375 0.01875 0.0375
3 0.16796875 0.35234375 0.015625 0.0265625
3 0.2484375 0.328125 0.0109375 0.0234375
3 0.303125 0.31328125 0.0125 0.021875
3 0.3515625 0.30625 0.0125 0.021875
3 0.4234375 0.30546875 0.0109375 0.021875
3 0.72578125 0.41015625 0.0296875 0.0453125
3 0.825 0.528125 0.0453125 0.0765625