3 0.8001875 0.5993055555555555 0.06584375 0.1597222222222222
3 0.6115781250000001 0.45037499999999997 0.0333671875 0.07694444444444444
3 0.4923125 0.4081527777777778 0.0226015625 0.05254166666666667
3 0.3717265625 0.39736111111111116 0.0189453125 0.03847222222222222
3 0.2907265625 0.40205555555555555 0.0173828125 0.036597222222222225
3 0.1569140625 0.418 0.01484375 0.036597222222222225
3 0.061664062500000005 0.4348888888888889 0.009015625 0.029083333333333336
3 0.8562109375 0.3997083333333334 0.0178359375 0.043166666666666666
3 0.766234375 0.3664027777777778 0.016273437499999998 0.03847222222222222
3 0.7200546875 0.35420833333333335 0.011539062499999999 0.027208333333333334
0 0.903171875 0.3725 0.012546874999999999 0.03190277777777777
0 0.8073984375000001 0.3480972222222222 0.010984375000000001 0.026277777777777782
0 0.03340625 0.7370277777777777 0.065515625 0.17920833333333333
0 0.20201562499999998 0.5198055555555555 0.0323125 0.09195833333333332
0 0.22443749999999998 0.4728888888888889 0.026515624999999998 0.06755555555555556
0 0.1505546875 0.4564722222222223 0.023109374999999998 0.04597222222222223
0 0.035515625 0.4696111111111111 0.012750000000000001 0.04597222222222223