1 0.8815624999999999 0.34502777777777777 0.0136875 0.055453703703703706
3 0.9359166666666667 0.35455555555555557 0.008546875 0.032990740740740744
3 0.955 0.35532407407407407 0.010453125 0.031824074074074074
3 0.9717083333333334 0.3639907407407407 0.009609375 0.036537037037037035
3 0.9801562500000001 0.3485 0.0085 0.02876851851851852
3 0.937984375 0.5874166666666666 0.08095833333333333 0.15381481481481482
3 0.7232395833333333 0.47934259259259265 0.046609374999999995 0.0960462962962963
3 0.5647864583333334 0.43901851851851853 0.033776041666666666 0.07164814814814814
3 0.4057864583333333 0.42514814814814816 0.028093749999999997 0.06362037037037037
3 0.224609375 0.4198611111111111 0.028010416666666666 0.05960185185185186
3 0.05840104166666667 0.42625 0.027213541666666667 0.05720370370370371