0 0.019708333333333335 0.4892685185185185 0.039421875 0.07388888888888889
0 0.086234375 0.4475092592592593 0.023776041666666668 0.052833333333333336
0 0.12843229166666667 0.42441666666666666 0.015864583333333335 0.04236111111111111
0 0.11638541666666667 0.40417592592592594 0.010291666666666668 0.03715740740740741
0 0.09521354166666667 0.3953611111111111 0.009848958333333333 0.028555555555555556
0 0.04077083333333333 0.3981111111111111 0.013994791666666668 0.02761111111111111
3 0.01871875 0.39078703703703704 0.015140625 0.030694444444444444
3 0.08276041666666667 0.38246296296296295 0.007067708333333334 0.024638888888888887
3 0.15557812499999998 0.3799814814814815 0.013880208333333333 0.02763888888888889
3 0.23020833333333332 0.3735 0.013890625 0.032768518518518516
3 0.27996875 0.3767407407407407 0.01284375 0.031564814814814816
3 0.31609375 0.38178703703703704 0.015901041666666667 0.0315
3 0.35884895833333336 0.390537037037037 0.019104166666666665 0.04148148148148148
3 0.3979375 0.40626851851851853 0.01964583333333333 0.04560185185185185
3 0.42935416666666665 0.42689814814814814 0.0280625 0.05589814814814815
3 0.49146875 0.45549074074074075 0.035859375 0.07244444444444444
3 0.5907291666666666 0.5083148148148149 0.036078124999999996 0.10202777777777777
3 0.874140625 0.6555648148148148 0.08249479166666666 0.1804537037037037