1 0.19375 0.36875 0.015625 0.0453125
1 0.20625 0.37109375 0.0171875 0.040625
1 0.215625 0.39765625 0.025 0.0671875
1 0.23359375 0.39296875 0.028125 0.06875
0 0.034375 0.4734375 0.021875 0.046875
0 0.34765625 0.36953125 0.01875 0.0390625
0 0.45625 0.346875 0.0140625 0.03125
0 0.6953125 0.3640625 0.0203125 0.0359375
0 0.66875 0.403125 0.021875 0.046875
0 0.48203125 0.465625 0.0390625 0.08125
0 0.09765625 0.70234375 0.0671875 0.146875
3 0.88046875 0.42265625 0.015625 0.0375
3 0.91796875 0.48359375 0.025 0.0484375
3 0.96328125 0.63046875 0.0421875 0.0921875