3 0.89921875 0.86328125 0.0984375 0.178125
3 0.73671875 0.44609375 0.0328125 0.0546875
3 0.728125 0.38203125 0.0171875 0.0296875
3 0.73046875 0.35859375 0.0125 0.0203125
3 0.7375 0.3484375 0.0109375 0.01875
0 0.3125 0.48828125 0.0546875 0.1
0 0.4859375 0.365625 0.0296875 0.0515625
0 0.56796875 0.34296875 0.015625 0.03125
0 0.61796875 0.33203125 0.015625 0.025
0 0.63515625 0.32265625 0.0109375 0.0203125
0 0.5890625 0.31171875 0.009375 0.01875
0 0.52578125 0.3171875 0.0109375 0.0234375
0 0.45234375 0.32109375 0.015625 0.0265625
0 0.34296875 0.334375 0.0171875 0.03125
3 0.49140625 0.3046875 0.009375 0.0171875
3 0.43984375 0.309375 0.0109375 0.0203125
3 0.36484375 0.31875 0.009375 0.0203125
3 0.2703125 0.328125 0.009375 0.021875
3 0.178125 0.34375 0.009375 0.01875
3 0.0921875 0.365625 0.009375 0.0203125
0 0.22734375 0.3484375 0.015625 0.028125
0 0.14765625 0.3625 0.0140625 0.025
0 0.059375 0.3859375 0.0125 0.025