0 0.0171875 0.71328125 0.034375 0.1890625
0 0.128125 0.41328125 0.0125 0.0328125
0 0.15625 0.43203125 0.01875 0.0484375
0 0.140625 0.4890625 0.0359375 0.078125
0 0.0859375 0.4078125 0.0140625 0.0359375
0 0.0265625 0.409375 0.0125 0.0296875
3 0.01953125 0.3859375 0.009375 0.0171875
3 0.06484375 0.390625 0.009375 0.025
3 0.13203125 0.38203125 0.0125 0.0265625
3 0.2078125 0.38203125 0.0109375 0.025
3 0.2890625 0.384375 0.0140625 0.0328125
1 0.29375 0.35078125 0.009375 0.0328125
1 0.3140625 0.353125 0.0125 0.0328125
3 0.303125 0.36171875 0.0078125 0.025
3 0.34765625 0.36171875 0.0078125 0.01875
1 0.3703125 0.34609375 0.009375 0.0265625
3 0.384375 0.4015625 0.0171875 0.05
3 0.4578125 0.3640625 0.0125 0.028125
3 0.50625 0.45078125 0.034375 0.075
3 0.81875 0.6515625 0.084375 0.1984375
3 0.84375 0.40234375 0.015625 0.034375
3 0.7609375 0.3890625 0.0140625 0.0328125
0 0.78359375 0.3859375 0.0109375 0.028125
0 0.9 0.40234375 0.0109375 0.0296875
3 0.9328125 0.428125 0.015625 0.034375
3 0.59453125 0.36953125 0.0125 0.0296875
0 0.62734375 0.36484375 0.009375 0.0203125
3 0.22421875 0.359375 0.0078125 0.0203125
3 0.259375 0.3578125 0.0078125 0.0203125
3 0.19765625 0.359375 0.00625 0.015625
1 0.39921875 0.35390625 0.015625 0.0203125