0 0.028072916666666666 0.8140462962962962 0.053859375 0.14043518518518516
0 0.33748958333333334 0.5300925925925926 0.03894270833333333 0.08796296296296297
0 0.5761770833333333 0.4058611111111111 0.023260416666666665 0.058638888888888886
0 0.7133177083333333 0.3680555555555556 0.012812500000000001 0.041666666666666664
3 0.8968854166666667 0.38734259259259257 0.010166666666666666 0.03086111111111111
3 0.9220572916666666 0.43287037037037035 0.015364583333333333 0.04475
3 0.9433229166666667 0.5316388888888889 0.024911458333333334 0.06326851851851852
0 0.19297916666666665 0.4313240740740741 0.013802083333333333 0.03858333333333334
1 0.3444375 0.37113888888888885 0.012901041666666667 0.05092592592592592
1 0.35962500000000003 0.36574074074074076 0.015500000000000002 0.052472222222222226
0 0.450328125 0.34876851851851853 0.009401041666666667 0.03086111111111111