0 0.3484375 0.46484375 0.03125 0.0640625
0 0.425 0.41328125 0.01875 0.0390625
0 0.478125 0.39609375 0.015625 0.0359375
0 0.5421875 0.38203125 0.0125 0.0265625
0 0.17734375 0.6078125 0.0484375 0.1125
0 0.01953125 0.48359375 0.0078125 0.0234375
0 0.1234375 0.44921875 0.0078125 0.0234375
0 0.23203125 0.42109375 0.009375 0.0234375
0 0.33046875 0.3953125 0.00625 0.01875
3 0.3078125 0.39296875 0.0046875 0.01875
3 0.2625 0.3953125 0.00625 0.01875
3 0.0671875 0.44140625 0.0078125 0.0203125
3 0.1171875 0.4390625 0.0078125 0.025
3 0.1375 0.4234375 0.0078125 0.025
3 0.01171875 0.47109375 0.009375 0.028125
3 0.7328125 0.53515625 0.0578125 0.1140625
3 0.82578125 0.37421875 0.009375 0.0296875
3 0.74765625 0.37734375 0.0109375 0.0296875
3 0.67265625 0.378125 0.0140625 0.0328125
3 0.6140625 0.43515625 0.01875 0.05625
3 0.63125 0.38828125 0.009375 0.0328125
3 0.61015625 0.39296875 0.0140625 0.0328125
3 0.596875 0.4015625 0.0140625 0.04375
0 0.59921875 0.36875 0.00625 0.0203125
3 0.9546875 0.38671875 0.0125 0.034375