0 0.353125 0.70625 0.0796875 0.1953125
0 0.38203125 0.4328125 0.0296875 0.06875
0 0.4 0.3828125 0.0140625 0.028125
0 0.4 0.353125 0.009375 0.0203125
0 0.38203125 0.52734375 0.040625 0.115625
1 0.3671875 0.52734375 0.0640625 0.2046875
1 0.3703125 0.48046875 0.05625 0.1671875
1 0.86796875 0.4546875 0.0578125 0.1625
1 0.771875 0.415625 0.0484375 0.1375
3 0.81484375 0.4625 0.0390625 0.0953125
3 0.68828125 0.3953125 0.028125 0.0625
3 0.58515625 0.35546875 0.015625 0.0375
3 0.534375 0.33671875 0.009375 0.0296875
3 0.9734375 0.378125 0.0171875 0.0390625
3 0.84296875 0.346875 0.0125 0.0296875
3 0.7828125 0.32890625 0.009375 0.0234375
0 0.96484375 0.34765625 0.0109375 0.0265625
0 0.90625 0.33515625 0.009375 0.0234375
0 0.8765625 0.3234375 0.00625 0.0203125
3 0.5140625 0.3234375 0.0078125 0.0234375
3 0.5234375 0.31640625 0.0078125 0.0203125
3 0.7703125 0.31875 0.00625 0.0203125
0 0.41328125 0.33515625 0.009375 0.01875
0 0.43359375 0.325 0.0078125 0.015625