0 0.11140625 0.5727407407407407 0.073140625 0.13846296296296295
0 0.33032812500000003 0.4812222222222223 0.0386875 0.08407407407407406
0 0.45209375 0.4242962962962963 0.022338541666666666 0.047685185185185185
0 0.4724791666666667 0.3986944444444444 0.014927083333333334 0.0442037037037037
0 0.497046875 0.3826574074074074 0.012359375 0.03265740740740741
0 0.5158854166666667 0.3720277777777778 0.010270833333333333 0.0275
0 0.5044479166666667 0.36533333333333334 0.008828125 0.027444444444444445
0 0.446890625 0.3589907407407407 0.008833333333333334 0.022351851851851852
0 0.3954375 0.357287037037037 0.011255208333333332 0.02175
1 0.39353645833333334 0.42800925925925926 0.032255208333333334 0.10245370370370371
1 0.411984375 0.42687037037037034 0.024802083333333332 0.08827777777777777
0 0.40913541666666664 0.44537037037037036 0.014270833333333333 0.05961111111111111
1 0.7366302083333333 0.42974074074074076 0.025630208333333335 0.09599074074074074
1 0.7295937499999999 0.4285925925925926 0.02216145833333333 0.09456481481481481
3 0.788 0.4750740740740741 0.035250000000000004 0.08461111111111111
3 0.7125989583333333 0.42346296296296293 0.020520833333333332 0.04687962962962963
3 0.6991510416666666 0.3897685185185185 0.015494791666666667 0.03738888888888889
3 0.6808333333333334 0.371962962962963 0.013489583333333333 0.029324074074074075
3 0.6782239583333334 0.3657037037037037 0.011911458333333335 0.026185185185185186
3 0.66353125 0.3589722222222222 0.0105625 0.025537037037037035
3 0.6273489583333334 0.35418518518518516 0.008416666666666666 0.021296296296296296
3 0.5769739583333333 0.35285185185185186 0.007567708333333333 0.021222222222222222
3 0.5129375 0.35379629629629633 0.007104166666666667 0.021175925925925928
3 0.45997916666666666 0.3524259259259259 0.009734375 0.023925925925925927