0 0.56328125 0.38984375 0.028125 0.0390625
3 0.89140625 0.50234375 0.04375 0.08125
3 0.80078125 0.4328125 0.0265625 0.053125
1 0.8203125 0.43046875 0.040625 0.084375
1 0.78828125 0.41171875 0.0375 0.075
1 0.578125 0.36953125 0.0359375 0.0734375
1 0.5875 0.37109375 0.0359375 0.0453125
3 0.7640625 0.403125 0.0234375 0.0390625
3 0.7171875 0.36640625 0.0171875 0.0296875
3 0.68671875 0.346875 0.0109375 0.021875
3 0.67421875 0.334375 0.009375 0.01875
3 0.68515625 0.3328125 0.009375 0.01875
3 0.70859375 0.334375 0.009375 0.0171875
0 0.55390625 0.315625 0.0125 0.0203125
0 0.98984375 0.434375 0.0125 0.0234375
3 0.9921875 0.46015625 0.015625 0.0359375
3 0.91640625 0.41875 0.0140625 0.0296875
3 0.8875 0.39765625 0.0125 0.025