3 0.26015625 0.31328125 0.015625 0.03125
3 0.3703125 0.33125 0.0125 0.025
0 0.20078125 0.31953125 0.0203125 0.0359375
0 0.35 0.34296875 0.0203125 0.034375
0 0.4625 0.36328125 0.01875 0.0375
0 0.584375 0.38515625 0.0140625 0.028125
0 0.68671875 0.403125 0.0171875 0.0328125
0 0.80234375 0.4328125 0.0171875 0.0328125
0 0.9046875 0.46015625 0.0203125 0.0390625
0 0.996875 0.490625 0.00625 0.040625
0 0.98046875 0.5046875 0.03125 0.05
0 0.86171875 0.49921875 0.0375 0.0609375
0 0.69609375 0.51328125 0.0515625 0.090625
0 0.3390625 0.584375 0.1 0.16875