3 0.964421875 0.6137592592592592 0.07116145833333333 0.19312037037037036
3 0.5928229166666666 0.4742037037037037 0.04076041666666667 0.08862037037037036
3 0.326484375 0.45172222222222225 0.028921875 0.06746296296296296
3 0.040802083333333336 0.4722222222222222 0.028989583333333332 0.06878703703703705
3 0.19663541666666667 0.3838425925925926 0.010359375 0.030305555555555554
3 0.25747395833333336 0.3754166666666667 0.006083333333333333 0.02188888888888889
3 0.27948958333333335 0.370787037037037 0.007494791666666667 0.024407407407407405
3 0.099109375 0.39099074074074075 0.009432291666666667 0.031148148148148147
0 0.147875 0.37710185185185185 0.008473958333333333 0.025249999999999998
0 0.15473958333333335 0.3724722222222222 0.007151041666666667 0.02273148148148148
0 0.061947916666666665 0.38510185185185186 0.008020833333333333 0.02609259259259259