1 0.796875 0.4390625 0.0265625 0.065625
1 0.78203125 0.4375 0.0296875 0.078125
0 0.8828125 0.42265625 0.0125 0.0296875
0 0.85625 0.43125 0.0140625 0.034375
0 0.83359375 0.446875 0.01875 0.0390625
0 0.78828125 0.4515625 0.01875 0.0484375
0 0.73125 0.46171875 0.025 0.0515625
0 0.60859375 0.471875 0.0375 0.0703125
0 0.49921875 0.48359375 0.0515625 0.0921875
0 0.4796875 0.38671875 0.0125 0.028125
0 0.43828125 0.39140625 0.0140625 0.0359375
0 0.340625 0.3890625 0.0171875 0.0453125
0 0.103125 0.37890625 0.028125 0.05
0 0.225 0.5390625 0.08125 0.1390625
3 0.29296875 0.3578125 0.0125 0.028125
3 0.26953125 0.34921875 0.0125 0.025
3 0.271875 0.36328125 0.015625 0.03125
3 0.18515625 0.36171875 0.0171875 0.0359375