3 0.6959583333333333 0.3202129629629629 0.007609375 0.020064814814814817
3 0.685109375 0.3256203703703704 0.006744791666666666 0.02160185185185185
3 0.675125 0.33641666666666664 0.007614583333333333 0.02160185185185185
3 0.6516927083333334 0.35262037037037036 0.009354166666666667 0.029324074074074075
3 0.026333333333333334 0.3595648148148148 0.0069010416666666664 0.024694444444444446
3 0.04021875 0.37037037037037035 0.008630208333333333 0.027777777777777776
3 0.05280208333333333 0.36265740740740743 0.007760416666666667 0.024694444444444446
3 0.6213125 0.3680555555555556 0.012833333333333334 0.03858333333333334
3 0.5887656250000001 0.39351851851851855 0.020656249999999998 0.052472222222222226
3 0.49849479166666666 0.44136111111111115 0.032828125 0.07715740740740741
3 0.5783489583333333 0.5362685185185185 0.050166666666666665 0.14043518518518516
0 0.5401614583333333 0.3341018518518518 0.006776041666666666 0.020064814814814817
0 0.5145572916666666 0.3449074074074074 0.007651041666666666 0.023148148148148147
0 0.4919895833333333 0.35648148148148145 0.00765625 0.024694444444444446
0 0.45076041666666666 0.36574074074074076 0.012296875 0.03086111111111111
0 0.4025885416666667 0.375 0.011151041666666667 0.03086111111111111
0 0.3123229166666667 0.38502777777777775 0.018114583333333333 0.04475
0 0.23941145833333335 0.3966018518518518 0.023338541666666667 0.04937962962962963
0 0.10184375 0.43210185185185185 0.032921875 0.061731481481481484
0 0.18950520833333334 0.36574074074074076 0.013802083333333333 0.03086111111111111
1 0.634765625 0.35030555555555554 0.014072916666666666 0.04937962962962963
1 0.45466666666666666 0.3541666666666667 0.014901041666666667 0.047842592592592596
1 0.627390625 0.3533981481481482 0.013203125000000001 0.052472222222222226
1 0.4446822916666667 0.3549351851851852 0.013744791666666667 0.052472222222222226