0 0.08359375 0.65234375 0.0828125 0.203125
0 0.3640625 0.35546875 0.034375 0.0671875
0 0.3046875 0.29921875 0.0171875 0.0359375
0 0.29140625 0.27109375 0.0140625 0.028125
0 0.35625 0.25234375 0.009375 0.021875
3 0.73671875 0.35546875 0.028125 0.0578125
3 0.6625 0.31875 0.0234375 0.04375
3 0.52265625 0.28125 0.0140625 0.0296875
3 0.4921875 0.265625 0.0140625 0.028125
3 0.4921875 0.253125 0.0125 0.028125
3 0.56328125 0.253125 0.0109375 0.021875
3 0.7078125 0.27578125 0.009375 0.0203125
3 0.63046875 0.2578125 0.009375 0.01875