0 0.0046875 0.5390625 0.009375 0.059375
0 0.03515625 0.50859375 0.025 0.0484375
0 0.01796875 0.48828125 0.01875 0.0421875
3 0.05703125 0.45546875 0.0203125 0.0328125
3 0.13671875 0.4359375 0.0203125 0.0375
3 0.1921875 0.43046875 0.01875 0.0375
3 0.2328125 0.42890625 0.021875 0.0375
3 0.28046875 0.43203125 0.028125 0.0484375
3 0.3265625 0.4421875 0.0296875 0.053125
3 0.3640625 0.459375 0.040625 0.065625
3 0.43671875 0.4796875 0.0515625 0.0859375
3 0.55390625 0.52109375 0.0578125 0.11875
3 0.8890625 0.63203125 0.121875 0.2125