0 0.11171875 0.434375 0.0515625 0.0890625
0 0.0953125 0.64765625 0.1171875 0.2109375
0 0.121875 0.36484375 0.028125 0.0453125
0 0.140625 0.3359375 0.021875 0.034375
0 0.16796875 0.31953125 0.015625 0.028125
0 0.2 0.3140625 0.0109375 0.0265625
0 0.24765625 0.3046875 0.0125 0.021875
3 0.7703125 0.5109375 0.071875 0.128125
3 0.46953125 0.3828125 0.0390625 0.0703125
3 0.3515625 0.3453125 0.025 0.0453125
3 0.30546875 0.328125 0.01875 0.0375
3 0.3484375 0.30703125 0.0140625 0.0234375
3 0.29921875 0.31015625 0.0078125 0.0234375
3 0.2921875 0.309375 0.0109375 0.0265625
3 0.984375 0.39375 0.0125 0.0265625
3 0.89765625 0.36953125 0.0078125 0.01875
3 0.80546875 0.3484375 0.0125 0.0234375
3 0.0296875 0.30546875 0.0109375 0.0234375