0 0.017989583333333333 0.71825 0.035979166666666666 0.14021296296296296
0 0.24018229166666666 0.5291018518518518 0.046796874999999995 0.10317592592592593
0 0.33541145833333336 0.44973148148148145 0.030406250000000003 0.07142592592592592
0 0.45072395833333334 0.40806481481481477 0.019963541666666664 0.05687962962962963
0 0.5608333333333333 0.3862407407407407 0.01696354166666667 0.04762037037037037
0 0.6832135416666667 0.36508333333333337 0.017677083333333333 0.044972222222222226
0 0.85171875 0.3445740740740741 0.01540625 0.04100925925925926
3 0.82121875 0.4728796296296296 0.04070833333333333 0.09126851851851851
3 0.8104322916666666 0.4153425925925926 0.0280625 0.06349074074074074
3 0.8989635416666667 0.37962962962962965 0.023578125000000002 0.0582037037037037
1 0.3678697916666666 0.3618796296296296 0.012895833333333334 0.05092592592592592
1 0.3913072916666666 0.35648148148148145 0.014624999999999999 0.05555555555555555
1 0.3131875 0.3541666666666667 0.0094375 0.041666666666666664
1 0.3340208333333334 0.35030555555555554 0.011166666666666667 0.04321296296296297
3 0.03891666666666667 0.38734259259259257 0.011234375 0.03395370370370371
3 0.22509375 0.37037037037037035 0.008588541666666666 0.03086111111111111
3 0.5223645833333334 0.3341018518518518 0.011119791666666667 0.02623148148148148
3 0.4030260416666666 0.34876851851851853 0.008812500000000001 0.024694444444444446
3 0.32533854166666665 0.3595648148148148 0.009432291666666667 0.027777777777777776
3 0.607859375 0.32330555555555557 0.006760416666666667 0.02623148148148148
0 0.12006770833333333 0.3966018518518518 0.012083333333333333 0.03395370370370371
0 0.25286458333333334 0.38657407407407407 0.008583333333333333 0.03549074074074074
3 0.32490625 0.3587962962962963 0.008567708333333333 0.032407407407407406
0 0.3795885416666666 0.37037037037037035 0.008552083333333333 0.037037037037037035
0 0.4833072916666667 0.3549351851851852 0.0076614583333333335 0.03086111111111111
0 0.5844270833333333 0.33719444444444446 0.008505208333333332 0.029324074074074075
0 0.7089739583333333 0.3263888888888889 0.007604166666666666 0.029324074074074075