0 0.27438281249999996 0.5102222222222222 0.038890625 0.08497222222222223
0 0.3215078125 0.4275 0.02078125 0.04855555555555556
0 0.30121875 0.4018472222222222 0.012109375 0.03138888888888889
0 0.2635859375 0.39658333333333334 0.0143984375 0.024347222222222225
3 0.318015625 0.3744722222222222 0.0069609375 0.0205
3 0.37986718750000004 0.3745277777777778 0.0088203125 0.023972222222222225
3 0.45065625000000004 0.37631944444444443 0.0114921875 0.026430555555555558
3 0.49643750000000003 0.3453888888888889 0.00834375 0.018444444444444444
3 0.41282031249999995 0.35420833333333335 0.0071640625 0.017013888888888887
1 0.22003124999999998 0.36888888888888893 0.0096796875 0.022027777777777778
1 0.23674218749999998 0.36806944444444445 0.006609375000000001 0.021069444444444443
0 0.1796875 0.39711111111111114 0.0071953125 0.02272222222222222
3 0.19139062499999998 0.3862222222222222 0.010078125 0.020527777777777777
0 0.139796875 0.40402777777777776 0.006234375 0.022027777777777778
3 0.132671875 0.39705555555555555 0.006609375000000001 0.01788888888888889
0 0.0851328125 0.4136388888888889 0.0078203125 0.020999999999999998
3 0.0769921875 0.41063888888888894 0.0069140625 0.019027777777777775
3 0.54096875 0.3947638888888889 0.01665625 0.041527777777777775
3 0.674890625 0.4559861111111111 0.041375 0.07633333333333334
3 0.773921875 0.3695277777777778 0.0118515625 0.030694444444444448
3 0.68075 0.35429166666666667 0.0085234375 0.025444444444444443
3 0.616921875 0.3455 0.0105234375 0.02225
3 0.572859375 0.3433055555555556 0.0088515625 0.017847222222222223
3 0.535296875 0.3446388888888889 0.008015625 0.020513888888888887
0 0.7669921875 0.3453888888888889 0.008125 0.020819444444444446
3 0.9179999999999999 0.39937500000000004 0.0163515625 0.04234722222222222
0 0.8627578124999999 0.3640833333333333 0.008515625 0.025805555555555554
0 0.6888984375 0.3399027777777778 0.008046875 0.017875
0 0.223390625 0.39475000000000005 0.0082890625 0.020555555555555556