1 0.274703125 0.40249074074074076 0.0179375 0.057777777777777775
1 0.28018750000000003 0.39718518518518514 0.014817708333333334 0.052175925925925924
1 0.488875 0.35636111111111113 0.009546875 0.053814814814814815
1 0.49485416666666665 0.35880555555555554 0.01421875 0.06099074074074075
3 0.5502083333333334 0.4068333333333333 0.021687500000000002 0.053120370370370366
3 0.471890625 0.35474074074074075 0.011489583333333333 0.025703703703703704
3 0.7660520833333333 0.5878055555555556 0.037640625 0.11982407407407407
0 0.15932812500000001 0.6370833333333333 0.03690104166666666 0.1062037037037037
0 0.2497916666666667 0.46266666666666667 0.019177083333333334 0.051166666666666666
0 0.30777604166666667 0.37346296296296294 0.00946875 0.025333333333333333
0 0.3221041666666667 0.3500925925925926 0.006229166666666667 0.018611111111111113
0 0.06913541666666667 0.4925740740740741 0.010541666666666666 0.03426851851851852
0 0.12749479166666666 0.4424166666666667 0.007671875 0.024833333333333332
0 0.14051041666666667 0.42403703703703705 0.0078125 0.022555555555555554
3 0.4524270833333333 0.3329722222222222 0.006750000000000001 0.01810185185185185