0 0.03359375 0.7421875 0.0671875 0.25625
0 0.28984375 0.35234375 0.04375 0.0703125
0 0.24140625 0.30234375 0.0265625 0.0484375
0 0.15390625 0.28984375 0.021875 0.0375
0 0.95859375 0.41953125 0.015625 0.03125
0 0.8609375 0.3671875 0.0125 0.025
3 0.7875 0.5203125 0.075 0.1203125
3 0.86796875 0.37578125 0.015625 0.0296875
3 0.7453125 0.32265625 0.0140625 0.0296875
3 0.571875 0.321875 0.028125 0.0484375
3 0.63046875 0.284375 0.0140625 0.021875
3 0.5328125 0.26328125 0.0125 0.0234375
3 0.434375 0.27578125 0.0203125 0.0359375
3 0.315625 0.2640625 0.01875 0.0296875
3 0.21328125 0.2625 0.01875 0.0296875
3 0.41875 0.24609375 0.0125 0.0203125
3 0.109375 0.27421875 0.021875 0.03125