0 0.1765625 0.4765625 0.078125 0.1421875
0 0.353125 0.35390625 0.040625 0.071875
0 0.40703125 0.29375 0.03125 0.05625
0 0.3703125 0.25859375 0.021875 0.0390625
0 0.240625 0.22578125 0.0203125 0.0375
0 0.0875 0.2 0.025 0.04375
3 0.1859375 0.19765625 0.015625 0.034375
3 0.953125 0.65234375 0.08125 0.1703125
3 0.75703125 0.4015625 0.0359375 0.0625
3 0.6984375 0.334375 0.0234375 0.0484375
3 0.5890625 0.28671875 0.0203125 0.0359375
3 0.46484375 0.2484375 0.0171875 0.03125
3 0.33984375 0.22578125 0.015625 0.028125