0 0.40588281249999997 0.5816527777777778 0.060906249999999995 0.15008333333333335
0 0.680609375 0.45456944444444447 0.0413828125 0.08675000000000001
0 0.7754140625 0.3954722222222222 0.02203125 0.052555555555555564
0 0.8078515625 0.37476388888888884 0.0137578125 0.036069444444444446
0 0.83440625 0.3489305555555555 0.007789062500000001 0.02359722222222222
0 0.8490546875 0.3369027777777778 0.0064843750000000006 0.01826388888888889
1 0.821875 0.34981944444444446 0.01125 0.04943055555555556
1 0.9898281250000001 0.37743055555555555 0.0134765625 0.05388888888888888
1 0.9788046874999999 0.3732083333333333 0.014476562500000002 0.05611111111111111
3 0.9840703124999999 0.38522222222222224 0.0069609375 0.03919444444444444
3 0.9608984375 0.3515972222222222 0.00871875 0.02359722222222222
3 0.9471171875 0.34158333333333335 0.00621875 0.01959722222222222
3 0.943234375 0.3282222222222222 0.00496875 0.01425