0 0.1984375 0.478125 0.0625 0.1125
0 0.43984375 0.38359375 0.0390625 0.0625
0 0.50703125 0.36015625 0.01875 0.040625
0 0.54296875 0.34765625 0.015625 0.0390625
0 0.246875 0.325 0.015625 0.0265625
0 0.315625 0.325 0.0109375 0.0265625
0 0.1234375 0.3390625 0.0171875 0.034375
0 0.03046875 0.33515625 0.015625 0.03125
0 0.56328125 0.34296875 0.009375 0.0203125
0 0.3546875 0.31875 0.0078125 0.021875
3 0.78359375 0.596875 0.0734375 0.14375
3 0.72109375 0.43203125 0.028125 0.0625
3 0.696875 0.39140625 0.0203125 0.0453125
3 0.6890625 0.375 0.0109375 0.03125
3 0.68125 0.36015625 0.0109375 0.0234375
3 0.67578125 0.3484375 0.009375 0.01875
3 0.93125 0.44921875 0.01875 0.034375
3 0.85 0.40625 0.015625 0.03125
3 0.81015625 0.3828125 0.009375 0.01875
3 0.78984375 0.36484375 0.009375 0.01875
3 0.7953125 0.37265625 0.0078125 0.015625
3 0.19375 0.31796875 0.0109375 0.0234375