0 0.115625 0.7015625 0.06875 0.153125
0 0.121875 0.44140625 0.0234375 0.05
0 0.27734375 0.3921875 0.0296875 0.0546875
0 0.22109375 0.35390625 0.0171875 0.034375
0 0.3078125 0.32265625 0.01875 0.034375
3 0.04609375 0.45703125 0.0171875 0.0375
3 0.75625 0.41171875 0.0484375 0.0890625
3 0.56875 0.2984375 0.0234375 0.04375
3 0.5171875 0.271875 0.015625 0.0328125
3 0.50546875 0.253125 0.0125 0.0265625
3 0.5140625 0.2421875 0.0109375 0.0234375
3 0.1453125 0.37109375 0.0140625 0.0296875
0 0.2546875 0.31796875 0.0125 0.0234375
0 0.3609375 0.28125 0.0109375 0.0234375
3 0.534375 0.23046875 0.009375 0.025