1 0.6109375 0.34609375 0.025 0.05625
1 0.60234375 0.34375 0.0234375 0.05625
3 0.59140625 0.36171875 0.0234375 0.0421875
3 0.625 0.353125 0.0203125 0.0375
1 0.4234375 0.3078125 0.025 0.0578125
1 0.43671875 0.30859375 0.0234375 0.0453125
0 0.428125 0.31953125 0.0125 0.0328125
0 0.37578125 0.3171875 0.021875 0.040625
0 0.415625 0.275 0.009375 0.0171875
0 0.46953125 0.3203125 0.0171875 0.0328125
0 0.4703125 0.2859375 0.0125 0.021875
0 0.49296875 0.315625 0.015625 0.0296875
0 0.50546875 0.2953125 0.0109375 0.0171875
0 0.521875 0.3109375 0.0140625 0.025
3 0.5265625 0.28984375 0.0109375 0.01875
0 0.546875 0.31015625 0.009375 0.01875
0 0.5453125 0.30546875 0.009375 0.01875
3 0.56796875 0.29921875 0.009375 0.01875
3 0.5546875 0.37890625 0.034375 0.0609375
3 0.61796875 0.3109375 0.0109375 0.0171875
3 0.6546875 0.31953125 0.0109375 0.021875
3 0.65234375 0.34140625 0.015625 0.0296875
3 0.6640625 0.33359375 0.015625 0.0265625
3 0.67578125 0.32890625 0.0140625 0.025
3 0.45625 0.40078125 0.05 0.0890625
3 0.51953125 0.48671875 0.0609375 0.109375
0 0.28671875 0.30703125 0.03125 0.0578125
0 0.2125 0.30546875 0.0375 0.0609375
0 0.19453125 0.26171875 0.021875 0.03125
0 0.0640625 0.31171875 0.046875 0.0765625
0 0.16171875 0.26171875 0.01875 0.03125
0 0.159375 0.24375 0.0125 0.0296875
0 0.08046875 0.253125 0.0203125 0.0390625
3 0.38671875 0.2625 0.0109375 0.01875
3 0.45078125 0.2765625 0.0125 0.021875
3 0.98359375 0.3765625 0.009375 0.0171875
3 0.99375 0.38203125 0.009375 0.01875
3 0.9984375 0.38828125 0.003125 0.0171875
3 0.86875 0.6890625 0.14375 0.2234375