0 0.034953125 0.6655092592592593 0.06990625 0.2037037037037037
0 0.25116145833333337 0.4971481481481481 0.05113541666666667 0.10387962962962963
0 0.400015625 0.43828703703703703 0.03496875 0.07123148148148149
0 0.5535989583333334 0.40118518518518514 0.029369791666666666 0.062333333333333324
0 0.633171875 0.3927777777777778 0.019338541666666667 0.053425925925925925
0 0.7389010416666667 0.3799166666666667 0.018203125 0.043527777777777776
0 0.5035208333333333 0.36260185185185184 0.009348958333333332 0.030666666666666665
0 0.5343489583333334 0.35408333333333336 0.010354166666666666 0.025953703703703705
0 0.5319166666666667 0.3411111111111111 0.010354166666666666 0.02100925925925926
0 0.5001145833333334 0.34049074074074076 0.006536458333333333 0.02100925925925926
0 0.42747395833333335 0.36644444444444446 0.012807291666666666 0.028425925925925924
0 0.44398437500000004 0.3321481481481482 0.005505208333333333 0.017916666666666668
0 0.46118750000000003 0.32133333333333336 0.004458333333333333 0.014833333333333334
0 0.46796354166666665 0.33337962962962964 0.006197916666666667 0.019157407407407408
0 0.42799479166666665 0.3278240740740741 0.008291666666666666 0.019157407407407408
0 0.4189583333333333 0.32503703703703707 0.0069010416666666664 0.017305555555555557
0 0.26325 0.3754074074074074 0.011104166666666667 0.03769444444444445
0 0.06807291666666666 0.38869444444444445 0.012838541666666667 0.03460185185185185
0 0.795046875 0.36737037037037035 0.014677083333333334 0.04139814814814815
0 0.8428333333333333 0.36366666666666664 0.01503125 0.035222222222222224
0 0.8695937499999999 0.3506851851851852 0.012072916666666666 0.027805555555555556
0 0.9017447916666667 0.34018518518518515 0.010328124999999999 0.024101851851851853
0 0.9314635416666667 0.32905555555555555 0.009973958333333333 0.024101851851851853
0 0.9252083333333334 0.3244259259259259 0.007890625 0.02348148148148148
0 0.8225 0.320712962962963 0.008260416666666666 0.018537037037037036
0 0.75559375 0.3188611111111111 0.007927083333333333 0.019777777777777776
0 0.6786093750000001 0.3194814814814815 0.00759375 0.018537037037037036
0 0.8709895833333333 0.3216388888888889 0.006520833333333333 0.017916666666666668
0 0.6130989583333334 0.32102777777777775 0.005880208333333333 0.017916666666666668
0 0.5748697916666666 0.3179351851851852 0.00796875 0.019157407407407408
0 0.5102239583333333 0.320712962962963 0.004510416666666667 0.013592592592592592
3 0.9394583333333333 0.5107314814814815 0.06559374999999999 0.12297222222222222
3 0.9484947916666666 0.314537037037037 0.007895833333333333 0.018537037037037036
3 0.8914947916666667 0.3139166666666666 0.008598958333333333 0.02100925925925926
3 0.794703125 0.3132962962962963 0.006885416666666667 0.017305555555555557
3 0.7199739583333333 0.3151574074074074 0.0069010416666666664 0.019777777777777776
1 0.7872291666666666 0.35779629629629633 0.01696354166666667 0.06549999999999999
1 0.8030416666666667 0.35748148148148146 0.017447916666666667 0.05994444444444444
3 0.6659322916666667 0.3151574074074074 0.0065625 0.019777777777777776
3 0.6083958333333332 0.3139166666666666 0.005505208333333333 0.018537037037037036
3 0.5656302083333333 0.3139166666666666 0.005479166666666666 0.018537037037037036
3 0.5246145833333333 0.31700925925925927 0.006880208333333334 0.017305555555555557
3 0.36682291666666667 0.35810185185185184 0.009692708333333333 0.029046296296296296
3 0.3789895833333333 0.3491388888888889 0.008994791666666667 0.025953703703703705
3 0.38020312500000003 0.3241111111111111 0.0065625 0.017916666666666668
3 0.35848437499999997 0.3451203703703704 0.010385416666666668 0.027805555555555556
3 0.3035572916666667 0.36119444444444443 0.011765625 0.026574074074074073
3 0.17982291666666667 0.3701481481481481 0.012484374999999999 0.02965740740740741
3 0.3051197916666667 0.33832407407407405 0.007244791666666667 0.019157407407407408
3 0.31450520833333334 0.32875 0.008046875 0.018537037037037036
3 0.060244791666666665 0.37138888888888894 0.011088541666666667 0.030898148148148147