0 0.2906015625 0.5276111111111111 0.0464296875 0.10945833333333334
0 0.3893671875 0.4203472222222222 0.020585937500000002 0.05429166666666667
0 0.3850234375 0.3796805555555556 0.0180546875 0.04158333333333333
0 0.3535234375 0.36869444444444444 0.0093125 0.035541666666666666
0 0.3168046875 0.36727777777777776 0.0122421875 0.026236111111111113
3 0.41321874999999997 0.3451666666666667 0.01121875 0.025625
3 0.45150781249999994 0.3464027777777778 0.008734374999999999 0.023916666666666666
3 0.467859375 0.3369027777777778 0.005828125 0.017972222222222223
3 0.5174296875 0.34927777777777774 0.012140624999999999 0.029944444444444444
3 0.5770703125 0.36119444444444443 0.012718750000000001 0.03395833333333333
3 0.6468281250000001 0.3904722222222222 0.0185546875 0.05070833333333333
3 0.77625 0.48893055555555553 0.043960937500000005 0.11504166666666667
3 0.8499921875 0.3833888888888889 0.0168984375 0.043972222222222225
3 0.7653046875 0.35920833333333335 0.011484375 0.03219444444444444
3 0.7214140625 0.3424583333333333 0.0091171875 0.025958333333333337
3 0.7090625 0.3337361111111111 0.007359375 0.028833333333333336
3 0.76715625 0.3225138888888889 0.0095 0.024069444444444442
0 0.9469843750000001 0.3876111111111111 0.0049140625 0.014652777777777778
0 0.877765625 0.35886111111111113 0.0067109375 0.023
0 0.8447734375 0.3460138888888889 0.0061875 0.018583333333333334
0 0.8327734375 0.33684722222222224 0.0082578125 0.023333333333333334
0 0.8506406249999999 0.33205555555555555 0.0057890625 0.018958333333333334
0 0.86975 0.3322361111111111 0.0063984375 0.01948611111111111
0 0.2763203125 0.3670833333333334 0.0083828125 0.022861111111111113