0 0.10859375 0.64140625 0.0890625 0.14375
0 0.16953125 0.51640625 0.0546875 0.0875
0 0.21328125 0.45078125 0.0390625 0.0625
0 0.30078125 0.39296875 0.03125 0.05
0 0.3984375 0.3484375 0.0328125 0.0484375
0 0.31796875 0.33984375 0.0203125 0.0296875
0 0.21875 0.38046875 0.0203125 0.0328125
0 0.0984375 0.43203125 0.0296875 0.0453125
0 0.41015625 0.30234375 0.0140625 0.0265625
0 0.49921875 0.3015625 0.021875 0.040625
0 0.46171875 0.28203125 0.015625 0.028125
0 0.5234375 0.26171875 0.015625 0.0296875
0 0.55546875 0.246875 0.0140625 0.0265625
0 0.64296875 0.24375 0.0203125 0.034375
0 0.565625 0.2390625 0.0109375 0.0203125
0 0.8 0.19296875 0.0203125 0.0390625
0 0.7328125 0.1734375 0.0140625 0.025
0 0.6578125 0.19765625 0.0109375 0.0203125
0 0.6 0.21796875 0.009375 0.01875
0 0.821875 0.15078125 0.0109375 0.0171875
0 0.88671875 0.1390625 0.0140625 0.021875
3 0.7421875 0.37265625 0.0625 0.10625
3 0.6046875 0.35234375 0.04375 0.0765625
3 0.6046875 0.31015625 0.0390625 0.0625
3 0.67890625 0.26640625 0.0328125 0.053125
3 0.8328125 0.21015625 0.0265625 0.04375
3 0.35 0.31328125 0.0203125 0.0296875
3 0.43046875 0.28359375 0.015625 0.028125
3 0.478125 0.2578125 0.0109375 0.0203125
3 0.4984375 0.24921875 0.0125 0.01875
3 0.528125 0.2359375 0.0125 0.01875
3 0.575 0.21796875 0.0109375 0.01875
3 0.63671875 0.196875 0.0109375 0.0203125
3 0.9015625 0.12265625 0.0140625 0.0234375
3 0.06171875 0.428125 0.0171875 0.03125
3 0.15859375 0.38984375 0.015625 0.028125
3 0.234375 0.35859375 0.01875 0.0296875
1 0.228125 0.36796875 0.028125 0.0546875
1 0.20625 0.3796875 0.0265625 0.046875
1 0.16875 0.3796875 0.025 0.040625
1 0.1453125 0.384375 0.0234375 0.04375