0 0.38359375 0.571875 0.0828125 0.1359375
0 0.55625 0.38046875 0.0328125 0.0578125
0 0.60859375 0.33984375 0.0203125 0.0390625
0 0.6375 0.3171875 0.0125 0.025
3 0.84453125 0.34921875 0.034375 0.0640625
3 0.79375 0.31796875 0.01875 0.0390625
3 0.77265625 0.30390625 0.0140625 0.03125
0 0.671875 0.3015625 0.0109375 0.01875
3 0.93671875 0.2765625 0.009375 0.0203125
0 0.70546875 0.29140625 0.009375 0.0171875
0 0.7296875 0.28671875 0.0078125 0.015625
0 0.75 0.28203125 0.00625 0.0125
3 0.778125 0.29140625 0.0125 0.021875
3 0.79296875 0.2828125 0.009375 0.01875