0 0.24784375 0.5400277777777778 0.0509296875 0.09134722222222222
0 0.356390625 0.4246388888888889 0.026703125 0.06356944444444444
3 0.8052578125000001 0.5250972222222222 0.045164062500000005 0.10961111111111112
3 0.639421875 0.4092361111111111 0.029117187500000002 0.06238888888888889
3 0.5709765625000001 0.37004166666666666 0.0193671875 0.03673611111111111
3 0.5335234375 0.35384722222222226 0.012984375000000001 0.027041666666666665
3 0.5006015625 0.3453055555555556 0.009796875 0.016875
3 0.4711015625 0.3405972222222222 0.0070859375 0.015666666666666666
3 0.43010937499999996 0.34005555555555556 0.004125 0.01148611111111111
0 0.3932890625 0.382 0.013125000000000001 0.029361111111111112
0 0.404734375 0.36390277777777774 0.0086953125 0.01929166666666667
0 0.3973203125 0.3541388888888889 0.006140625 0.017902777777777778
0 0.827546875 0.3554583333333333 0.00971875 0.02309722222222222
0 0.8834296875 0.3735277777777778 0.008421874999999999 0.025069444444444446
3 0.84609375 0.3959722222222223 0.0183984375 0.04188888888888889
3 0.7590625 0.3652638888888889 0.0142734375 0.03111111111111111
3 0.723140625 0.3522638888888889 0.0113984375 0.026305555555555558
3 0.678640625 0.3418472222222222 0.0088046875 0.021861111111111112
3 0.6291249999999999 0.3353333333333333 0.0093828125 0.01977777777777778
3 0.58434375 0.33006944444444447 0.00596875 0.014305555555555556