0 0.13125 0.728125 0.075 0.196875
0 0.23671875 0.490625 0.0359375 0.0859375
0 0.1984375 0.4484375 0.0265625 0.065625
0 0.16015625 0.42421875 0.01875 0.046875
0 0.1859375 0.4 0.0109375 0.0359375
0 0.23359375 0.38125 0.0125 0.0296875
3 0.69609375 0.4703125 0.0296875 0.071875
3 0.528125 0.41796875 0.0203125 0.05
3 0.4515625 0.39375 0.015625 0.0421875
3 0.4609375 0.38125 0.0109375 0.0296875
3 0.559375 0.37578125 0.015625 0.0421875
3 0.640625 0.37578125 0.0125 0.0328125
0 0.2796875 0.37265625 0.0125 0.03125
3 0.68984375 0.375 0.015625 0.0359375
0 0.478125 0.3578125 0.009375 0.025
0 0.4046875 0.35703125 0.0078125 0.01875
0 0.3328125 0.36328125 0.0109375 0.0265625
1 0.728125 0.359375 0.0109375 0.03125
1 0.74453125 0.36015625 0.009375 0.028125
1 0.7953125 0.37265625 0.0125 0.03125
1 0.81640625 0.3734375 0.0109375 0.034375
3 0.7515625 0.37578125 0.0109375 0.0265625
3 0.80546875 0.37578125 0.009375 0.0296875
3 0.85546875 0.38203125 0.009375 0.021875