3 0.72734375 0.46484375 0.0265625 0.071875
3 0.659375 0.39765625 0.0109375 0.0421875
3 0.6375 0.375 0.009375 0.03125
3 0.621875 0.36015625 0.009375 0.0265625
0 0.34453125 0.4625 0.025 0.06875
0 0.4328125 0.39765625 0.0140625 0.04375
0 0.471875 0.37109375 0.009375 0.03125
0 0.49375 0.35703125 0.0078125 0.021875
3 0.60859375 0.34609375 0.00625 0.0203125
3 0.9234375 0.415625 0.0171875 0.0578125
3 0.8109375 0.37890625 0.0140625 0.040625
3 0.75703125 0.36171875 0.0109375 0.03125
3 0.734375 0.34765625 0.0078125 0.0265625
3 0.72578125 0.34453125 0.00625 0.025
3 0.70703125 0.33828125 0.00625 0.0171875
0 0.1359375 0.40859375 0.0109375 0.040625
0 0.21484375 0.38984375 0.0078125 0.0328125
0 0.26328125 0.371875 0.0078125 0.028125
3 0.00859375 0.425 0.0109375 0.0375
3 0.084375 0.40625 0.0109375 0.0359375
3 0.13125 0.39296875 0.0109375 0.0375
3 0.153125 0.3875 0.009375 0.034375
0 0.26953125 0.3671875 0.0078125 0.025
0 0.50703125 0.34921875 0.0078125 0.0234375
3 0.59609375 0.34140625 0.0078125 0.0234375
0 0.86484375 0.36875 0.0078125 0.028125
0 0.8296875 0.35703125 0.0078125 0.025
0 0.93515625 0.3875 0.009375 0.03125
0 0.80703125 0.353125 0.0078125 0.028125