1 0.915625 0.5734375 0.0875 0.2796875
1 0.9609375 0.63046875 0.078125 0.3421875
3 0.94140625 0.6359375 0.0703125 0.1671875
3 0.321875 0.32734375 0.009375 0.025
3 0.39375 0.321875 0.009375 0.0234375
3 0.478125 0.3203125 0.0125 0.028125
3 0.54609375 0.31953125 0.0125 0.028125
3 0.59609375 0.32421875 0.0125 0.03125
3 0.6203125 0.3328125 0.0125 0.034375
3 0.63359375 0.34921875 0.01875 0.04375
3 0.68046875 0.38671875 0.0296875 0.0609375
3 0.77265625 0.48828125 0.05 0.109375
0 0.11484375 0.35078125 0.0140625 0.0296875
0 0.2203125 0.3421875 0.0125 0.0296875
0 0.29140625 0.33984375 0.009375 0.0296875
0 0.36875 0.34296875 0.015625 0.034375
0 0.3828125 0.3578125 0.0140625 0.0375
0 0.3390625 0.38359375 0.0203125 0.05
0 0.275 0.4328125 0.03125 0.065625
0 0.1921875 0.51328125 0.05 0.0953125