3 0.959375 0.72734375 0.08125 0.2328125
3 0.678125 0.43828125 0.0234375 0.0734375
3 0.64375 0.3890625 0.015625 0.0421875
3 0.65625 0.375 0.009375 0.034375
3 0.67890625 0.36796875 0.0109375 0.0359375
3 0.721875 0.36328125 0.009375 0.028125
3 0.80078125 0.36328125 0.0078125 0.028125
0 0.728125 0.353125 0.0078125 0.0265625
0 0.5796875 0.35625 0.009375 0.0203125
0 0.51015625 0.3703125 0.009375 0.03125
0 0.44921875 0.3921875 0.0140625 0.0390625
0 0.34140625 0.4640625 0.0265625 0.0765625
0 0.25625 0.3875 0.00625 0.0203125
0 0.14375 0.4171875 0.0046875 0.015625
3 0.1734375 0.38671875 0.0046875 0.015625
3 0.14375 0.3984375 0.00625 0.0109375
3 0.22265625 0.378125 0.00625 0.01875
3 0.246875 0.3796875 0.009375 0.01875
3 0.3390625 0.3640625 0.0078125 0.0234375
3 0.4671875 0.3421875 0.0046875 0.0171875
3 0.41015625 0.34921875 0.00625 0.0171875
3 0.60234375 0.32734375 0.0078125 0.01875
3 0.5765625 0.3328125 0.0046875 0.0171875
0 0.56953125 0.3359375 0.00625 0.0171875
0 0.63984375 0.34921875 0.0109375 0.021875
3 0.88671875 0.36640625 0.0125 0.0375
0 0.359375 0.365625 0.0078125 0.01875
3 0.10234375 0.40390625 0.00625 0.01875
3 0.0421875 0.43828125 0.0078125 0.025
3 0.01875 0.434375 0.00625 0.01875
0 0.0359375 0.45234375 0.0046875 0.0203125