3 0.015479166666666665 0.4398148148148148 0.02859895833333333 0.058638888888888886
3 0.19471354166666668 0.42900925925925926 0.02421875 0.058638888888888886
3 0.396078125 0.4351851851851852 0.025906250000000002 0.06481481481481481
3 0.5800833333333333 0.45601851851851855 0.027598958333333333 0.07252777777777777
3 0.790125 0.5138888888888888 0.048380208333333334 0.10493518518518519
3 0.7402239583333333 0.30787037037037035 0.011067708333333334 0.02623148148148148
3 0.76409375 0.32175925925925924 0.010197916666666666 0.023148148148148147
3 0.7801458333333334 0.31636111111111115 0.0110625 0.02160185185185185
3 0.98325 0.34953703703703703 0.012750000000000001 0.029324074074074075
3 0.9303072916666667 0.32252777777777775 0.011541666666666667 0.027777777777777776
1 0.9224895833333334 0.33796296296296297 0.016234375000000002 0.052472222222222226