0 0.425 0.4515625 0.0390625 0.0796875
0 0.51953125 0.37578125 0.01875 0.040625
0 0.58359375 0.35390625 0.0140625 0.0296875
0 0.64453125 0.340625 0.0078125 0.0234375
3 0.81953125 0.45625 0.0328125 0.0828125
3 0.73984375 0.3859375 0.015625 0.034375
3 0.7421875 0.3609375 0.0125 0.028125
3 0.77109375 0.35078125 0.0109375 0.0265625
3 0.81328125 0.34375 0.009375 0.025
3 0.84453125 0.340625 0.0078125 0.01875
0 0.715625 0.3359375 0.0109375 0.0203125
0 0.7515625 0.33046875 0.009375 0.0203125
3 0.87265625 0.33671875 0.00625 0.01875
3 0.87734375 0.33203125 0.0046875 0.015625