3 0.86640625 0.44140625 0.1796875 0.35625
3 0.59453125 0.159375 0.04375 0.0828125
3 0.54375 0.125 0.0359375 0.059375
3 0.52421875 0.103125 0.0265625 0.04375
3 0.45390625 0.1 0.0265625 0.0375
3 0.34296875 0.12109375 0.0234375 0.0328125
3 0.23515625 0.159375 0.0203125 0.034375
3 0.13515625 0.203125 0.0203125 0.0359375
3 0.00625 0.28515625 0.0125 0.0296875
0 0.04375 0.5109375 0.0875 0.146875
0 0.2734375 0.2296875 0.0421875 0.065625
0 0.2515625 0.18671875 0.0328125 0.0515625
0 0.19140625 0.20546875 0.025 0.040625
0 0.13203125 0.225 0.0203125 0.0359375
0 0.03828125 0.28125 0.025 0.0390625