0 0.046875 0.6703125 0.03125 0.053125
0 0.1484375 0.5125 0.025 0.040625
0 0.23515625 0.5828125 0.053125 0.0875
0 0.2203125 0.409375 0.0109375 0.021875
0 0.203125 0.4375 0.0140625 0.025
0 0.2703125 0.4375 0.021875 0.0390625
0 0.27109375 0.39765625 0.0140625 0.025
3 0.415625 0.309375 0.0109375 0.01875
3 0.42109375 0.3015625 0.009375 0.0171875
3 0.42578125 0.3203125 0.0125 0.0203125
3 0.4671875 0.328125 0.01875 0.03125
3 0.5859375 0.3515625 0.0359375 0.0578125
3 0.8078125 0.4765625 0.0703125 0.125
3 0.07109375 0.5609375 0.015625 0.025
3 0.134375 0.47734375 0.0109375 0.0203125
0 0.30234375 0.359375 0.009375 0.0171875