0 0.1609375 0.7375 0.071875 0.14375
0 0.346875 0.4703125 0.0328125 0.0703125
0 0.5328125 0.375 0.0203125 0.046875
0 0.63984375 0.34140625 0.0171875 0.0390625
3 0.87890625 0.60078125 0.0625 0.146875
3 0.81328125 0.43203125 0.0328125 0.078125
3 0.93125 0.39375 0.0203125 0.05
3 0.9890625 0.3859375 0.009375 0.0421875
3 0.9625 0.32890625 0.0078125 0.0234375
3 0.91953125 0.31015625 0.0109375 0.021875
0 0.90078125 0.321875 0.0109375 0.025
0 0.8546875 0.32421875 0.0125 0.034375
0 0.75078125 0.32109375 0.015625 0.0375
0 0.6953125 0.296875 0.0125 0.028125
0 0.53046875 0.3171875 0.0125 0.0265625
0 0.390625 0.3484375 0.0109375 0.028125
0 0.28125 0.3765625 0.0109375 0.021875
0 0.20703125 0.40234375 0.009375 0.0203125
0 0.76015625 0.29609375 0.0078125 0.025
1 0.628125 0.30078125 0.0140625 0.0390625
1 0.63828125 0.30078125 0.0125 0.034375
3 0.6578125 0.28828125 0.0078125 0.0234375
3 0.77578125 0.2875 0.0078125 0.01875
3 0.7265625 0.2859375 0.009375 0.01875
3 0.55703125 0.30078125 0.0125 0.0265625
3 0.4625 0.3171875 0.015625 0.028125
3 0.37421875 0.33984375 0.00625 0.0203125
3 0.29296875 0.36171875 0.009375 0.01875
1 0.5984375 0.29453125 0.0109375 0.0296875
1 0.6078125 0.2921875 0.0109375 0.028125
0 0.828125 0.3 0.009375 0.0234375
0 0.8734375 0.30859375 0.009375 0.021875
3 0.8234375 0.2890625 0.0078125 0.01875
3 0.87265625 0.29609375 0.00625 0.015625