0 0.2859375 0.59296875 0.071875 0.1265625
0 0.36875 0.45703125 0.0328125 0.0625
0 0.35625 0.4140625 0.028125 0.0484375
0 0.31953125 0.40859375 0.0171875 0.040625
0 0.28046875 0.41484375 0.01875 0.03125
3 0.3796875 0.3703125 0.0171875 0.0296875
3 0.4203125 0.3640625 0.0140625 0.0265625
3 0.4359375 0.35078125 0.009375 0.0203125
3 0.49140625 0.35390625 0.01875 0.034375
3 0.55859375 0.35390625 0.0203125 0.0390625
3 0.6390625 0.37109375 0.03125 0.0578125
3 0.7984375 0.45 0.0703125 0.1328125
3 0.85546875 0.32109375 0.028125 0.0515625
3 0.759375 0.3125 0.01875 0.0375
3 0.709375 0.30390625 0.015625 0.0296875
3 0.69375 0.296875 0.0140625 0.0328125
3 0.7546875 0.2734375 0.015625 0.028125
0 0.96015625 0.30546875 0.0078125 0.0171875
0 0.8796875 0.2890625 0.0109375 0.0265625
0 0.8421875 0.28203125 0.0109375 0.021875
0 0.82734375 0.275 0.0140625 0.0265625
0 0.8453125 0.265625 0.0109375 0.021875
0 0.865625 0.26171875 0.0109375 0.021875
0 0.23671875 0.42265625 0.0140625 0.0265625