3 0.15390625 0.384375 0.0125 0.0328125
3 0.2953125 0.37734375 0.0125 0.034375
3 0.41328125 0.3796875 0.0125 0.034375
3 0.509375 0.384375 0.0140625 0.0375
3 0.56328125 0.3921875 0.015625 0.04375
3 0.61015625 0.4109375 0.01875 0.0515625
3 0.69140625 0.4421875 0.0328125 0.06875
3 0.79609375 0.50546875 0.05 0.103125
0 0.11953125 0.403125 0.015625 0.0359375
0 0.23828125 0.40546875 0.021875 0.0453125
0 0.315625 0.42578125 0.021875 0.0546875
0 0.2640625 0.45546875 0.0296875 0.0703125
0 0.146875 0.5390625 0.0609375 0.1125