3 0.55859375 0.48671875 0.0484375 0.109375
3 0.26875 0.4953125 0.059375 0.1078125
3 0.18203125 0.45 0.046875 0.0765625
3 0.26328125 0.3953125 0.0265625 0.0546875
3 0.29296875 0.36484375 0.0203125 0.04375
1 0.29765625 0.3453125 0.0171875 0.053125
1 0.30625 0.34453125 0.01875 0.0515625
0 0.06171875 0.4125 0.01875 0.0375
1 0.10390625 0.3859375 0.025 0.0546875
3 0.3234375 0.3484375 0.015625 0.0359375
3 0.34375 0.328125 0.0109375 0.0296875
3 0.3625 0.309375 0.0125 0.028125
3 0.35234375 0.31484375 0.0140625 0.028125
3 0.3390625 0.3046875 0.009375 0.0203125
1 0.11484375 0.3796875 0.025 0.059375
0 0.15625 0.378125 0.0140625 0.03125
0 0.178125 0.3671875 0.015625 0.03125
3 0.3015625 0.31015625 0.0125 0.025
3 0.24921875 0.3171875 0.009375 0.025
3 0.20234375 0.328125 0.009375 0.021875