1 0.821125 0.3380972222222222 0.0091796875 0.034138888888888885
1 0.8019453125 0.34352777777777777 0.00596875 0.034569444444444444
1 0.78 0.33699999999999997 0.011265625 0.018444444444444444
3 0.81125 0.34765277777777776 0.00609375 0.023930555555555556
3 0.7580390625 0.3527777777777778 0.008921875 0.027416666666666666
3 0.695265625 0.35550000000000004 0.007781250000000001 0.029152777777777774
3 0.64309375 0.3626388888888889 0.008984375 0.02773611111111111
3 0.56071875 0.37266666666666665 0.0110390625 0.029375
3 0.5316562499999999 0.4315555555555556 0.02684375 0.06452777777777778
3 0.7367109375 0.4788888888888889 0.03878125 0.09833333333333333
3 0.9206562500000001 0.3458611111111111 0.005093749999999999 0.01615277777777778
3 0.8623125 0.34726388888888887 0.007171874999999999 0.01995833333333333
3 0.4546015625 0.3894444444444444 0.0105078125 0.03840277777777778
3 0.44467187499999994 0.40547222222222223 0.0178515625 0.04654166666666666
0 0.4666796875 0.364625 0.0105546875 0.018083333333333333
0 0.1876328125 0.5622222222222223 0.03303125 0.09472222222222222
0 0.160203125 0.5080138888888889 0.0270859375 0.07447222222222222
0 0.1321953125 0.47579166666666667 0.0230234375 0.05773611111111111
0 0.1692109375 0.44050000000000006 0.0154140625 0.03791666666666667
0 0.220421875 0.41458333333333336 0.0138984375 0.03279166666666666
0 0.27165625000000004 0.3978333333333333 0.01159375 0.02972222222222222
0 0.324953125 0.3835138888888889 0.009375 0.02663888888888889
0 0.39878125 0.371625 0.01096875 0.018791666666666665
0 0.389390625 0.3856527777777778 0.00009375 0.00029166666666666664