0 0.14140625 0.5328125 0.0671875 0.1390625
0 0.2578125 0.4234375 0.0375 0.0875
0 0.3875 0.365625 0.03125 0.0609375
0 0.515625 0.33046875 0.0234375 0.053125
0 0.65390625 0.2984375 0.021875 0.046875
0 0.59921875 0.2640625 0.0125 0.03125
0 0.5375 0.275 0.0125 0.034375
0 0.67578125 0.253125 0.0109375 0.0296875
0 0.83984375 0.26484375 0.0171875 0.0421875
0 0.7140625 0.24453125 0.0109375 0.0265625
0 0.7234375 0.24296875 0.0078125 0.0234375
0 0.72734375 0.2359375 0.00625 0.021875
0 0.72265625 0.23125 0.0078125 0.021875
0 0.76328125 0.221875 0.0078125 0.021875
0 0.83671875 0.21484375 0.009375 0.0203125
0 0.93046875 0.20859375 0.009375 0.0203125
3 0.9046875 0.3046875 0.0296875 0.065625
3 0.81171875 0.34921875 0.0328125 0.0796875
3 0.83671875 0.4203125 0.0546875 0.115625
3 0.13203125 0.33203125 0.0140625 0.0328125
3 0.24453125 0.31484375 0.009375 0.028125
3 0.33046875 0.296875 0.0109375 0.028125
1 0.290625 0.3140625 0.01875 0.05625
1 0.3203125 0.3078125 0.0171875 0.0578125
0 0.30625 0.3203125 0.0140625 0.0375
1 0.23203125 0.30703125 0.015625 0.046875
1 0.2546875 0.303125 0.015625 0.046875
0 0.009375 0.36640625 0.0171875 0.0453125
3 0.46640625 0.2734375 0.0109375 0.028125
3 0.5625 0.2578125 0.009375 0.0265625
3 0.59453125 0.24765625 0.0109375 0.028125
3 0.61796875 0.2421875 0.009375 0.0203125
3 0.6421875 0.23359375 0.0078125 0.01875
3 0.67578125 0.228125 0.0078125 0.01875
3 0.734375 0.21875 0.0078125 0.01875
3 0.809375 0.21015625 0.0078125 0.01875
3 0.8890625 0.203125 0.009375 0.021875
3 0.96015625 0.19765625 0.009375 0.021875
0 0.16328125 0.35078125 0.01875 0.034375
0 0.42421875 0.29765625 0.0140625 0.03125