0 0.484375 0.36796875 0.021875 0.034375
3 0.8265625 0.39140625 0.0296875 0.0765625
3 0.72265625 0.34921875 0.0171875 0.0515625
1 0.740625 0.340625 0.025 0.08125
1 0.70546875 0.33203125 0.025 0.071875
1 0.49375 0.3453125 0.0234375 0.0703125
1 0.503125 0.34453125 0.0296875 0.040625
3 0.68046875 0.3296875 0.015625 0.0375
3 0.625 0.30625 0.0125 0.0265625
3 0.5921875 0.29609375 0.00625 0.0203125
3 0.57734375 0.2859375 0.00625 0.0171875
3 0.5859375 0.2828125 0.00625 0.0171875
3 0.60859375 0.27734375 0.00625 0.0171875
0 0.45703125 0.30078125 0.009375 0.01875
0 0.940625 0.31171875 0.0078125 0.021875
0 0.903125 0.3015625 0.0078125 0.021875
3 0.91328125 0.32421875 0.0125 0.0328125
3 0.8296875 0.30546875 0.009375 0.028125
3 0.796875 0.29296875 0.0078125 0.0234375