3 0.98515625 0.75546875 0.0296875 0.1765625
3 0.7359375 0.3890625 0.028125 0.0546875
3 0.70859375 0.328125 0.015625 0.0296875
3 0.7046875 0.3046875 0.0125 0.021875
3 0.70859375 0.29296875 0.009375 0.01875
0 0.32890625 0.55078125 0.0484375 0.0984375
0 0.46640625 0.38046875 0.0265625 0.05
0 0.53984375 0.33515625 0.0140625 0.03125
0 0.5859375 0.309375 0.0125 0.025
0 0.60078125 0.29609375 0.009375 0.0203125
0 0.55234375 0.2984375 0.0078125 0.01875
0 0.49140625 0.32109375 0.009375 0.0234375
0 0.41875 0.34609375 0.0125 0.028125
0 0.31484375 0.38984375 0.015625 0.03125
3 0.4546875 0.31875 0.0078125 0.0171875
3 0.403125 0.3375 0.009375 0.01875
3 0.33203125 0.36796875 0.0078125 0.01875
3 0.24140625 0.40390625 0.009375 0.021875
3 0.1546875 0.44609375 0.0078125 0.01875
3 0.0765625 0.4921875 0.0078125 0.01875
0 0.20390625 0.43671875 0.0140625 0.028125
0 0.13046875 0.47265625 0.0125 0.0265625
0 0.04921875 0.5203125 0.0109375 0.025