3 0.078125 0.28046875 0.0171875 0.0328125
3 0.26171875 0.30390625 0.015625 0.0296875
3 0.359375 0.3125 0.015625 0.028125
3 0.43515625 0.3171875 0.0171875 0.028125
3 0.5546875 0.32734375 0.0140625 0.0265625
3 0.9015625 0.43984375 0.0328125 0.0515625
3 0.81015625 0.45390625 0.0359375 0.0609375
3 0.8015625 0.5015625 0.05 0.0828125
3 0.96171875 0.6203125 0.0734375 0.1375
0 0.615625 0.3421875 0.0125 0.028125
0 0.41171875 0.33046875 0.0140625 0.03125
0 0.515625 0.33671875 0.0140625 0.03125
0 0.86875 0.39765625 0.0234375 0.0390625
0 0.73984375 0.35390625 0.0125 0.0234375
0 0.6703125 0.346875 0.0125 0.0265625
0 0.159375 0.30625 0.0203125 0.0375
0 0.2859375 0.3234375 0.01875 0.0375
0 0.703125 0.3859375 0.0203125 0.0390625
0 0.584375 0.3796875 0.0234375 0.0421875
0 0.47578125 0.3828125 0.028125 0.046875
0 0.36484375 0.396875 0.0359375 0.0640625
0 0.27890625 0.446875 0.0578125 0.0984375
0 0.09921875 0.57578125 0.115625 0.1921875
1 0.35 0.303125 0.01875 0.040625
1 0.36953125 0.30546875 0.0203125 0.04375
1 0.4015625 0.321875 0.0203125 0.046875
1 0.425 0.32265625 0.0265625 0.053125