0 0.0890625 0.63515625 0.096875 0.1671875
0 0.20390625 0.47578125 0.0609375 0.103125
0 0.28515625 0.3921875 0.04375 0.075
0 0.334375 0.3453125 0.025 0.046875
0 0.3171875 0.328125 0.025 0.0453125
3 0.94609375 0.4578125 0.1078125 0.209375
3 0.71953125 0.31328125 0.059375 0.090625
3 0.63828125 0.275 0.0375 0.065625
3 0.61015625 0.25859375 0.03125 0.053125
3 0.57734375 0.2546875 0.0265625 0.04375
3 0.5171875 0.2609375 0.0265625 0.04375
3 0.43671875 0.27578125 0.021875 0.0375
3 0.34375 0.29765625 0.0203125 0.034375
1 0.7765625 0.1578125 0.01875 0.0375
3 0.26328125 0.31875 0.0171875 0.034375
3 0.11953125 0.3578125 0.0140625 0.028125
3 0.0015625 0.38671875 0.003125 0.0265625
0 0.2296875 0.3421875 0.01875 0.0375
0 0.15234375 0.3640625 0.0171875 0.0375
0 0.03515625 0.38828125 0.0203125 0.0375