3 0.56640625 0.53515625 0.059375 0.1453125
3 0.4859375 0.4390625 0.040625 0.08125
3 0.58203125 0.39453125 0.0265625 0.05625
3 0.6140625 0.37265625 0.0171875 0.04375
3 0.6453125 0.35546875 0.015625 0.0375
3 0.67421875 0.340625 0.0109375 0.0265625
3 0.6828125 0.328125 0.0109375 0.0265625
3 0.69453125 0.32265625 0.009375 0.0234375
3 0.671875 0.3140625 0.0109375 0.0203125
3 0.63046875 0.31171875 0.009375 0.0203125
3 0.578125 0.31015625 0.0078125 0.0171875
3 0.53359375 0.309375 0.0078125 0.01875
3 0.453125 0.309375 0.00625 0.0203125
3 0.38671875 0.30546875 0.00625 0.015625
3 0.00859375 0.3390625 0.003125 0.0296875
3 0.0203125 0.33203125 0.009375 0.0234375
3 0.0140625 0.30234375 0.00625 0.01875
0 0.071875 0.40859375 0.03125 0.0671875
0 0.21640625 0.3796875 0.025 0.0578125
0 0.2921875 0.371875 0.01875 0.0453125
0 0.38515625 0.3609375 0.015625 0.0375
0 0.16328125 0.34375 0.0109375 0.0265625
0 0.1984375 0.3328125 0.0109375 0.025
0 0.08046875 0.35 0.015625 0.040625
0 0.0640625 0.3109375 0.0046875 0.021875
0 0.0953125 0.3109375 0.0078125 0.0203125
0 0.34765625 0.31015625 0.0078125 0.01875
0 0.43828125 0.35390625 0.0140625 0.0359375
0 0.4796875 0.35078125 0.0125 0.028125
0 0.5046875 0.340625 0.009375 0.021875
0 0.53203125 0.32890625 0.0078125 0.01875
0 0.55859375 0.32578125 0.0078125 0.0171875
0 0.55546875 0.31484375 0.0078125 0.01875
0 0.51328125 0.31484375 0.0078125 0.015625
0 0.47578125 0.3125 0.009375 0.0203125
1 0.43046875 0.3453125 0.0171875 0.0546875
1 0.44453125 0.3453125 0.01875 0.053125
1 0.62265625 0.35390625 0.0140625 0.053125
1 0.63046875 0.3515625 0.0171875 0.053125