3 0.8328125 0.65625 0.0796875 0.1765625
3 0.63671875 0.48359375 0.040625 0.0859375
3 0.5109375 0.43125 0.0265625 0.0578125
3 0.38046875 0.4125 0.021875 0.04375
3 0.29296875 0.4125 0.0203125 0.040625
3 0.146875 0.42265625 0.01875 0.040625
3 0.04296875 0.43515625 0.0125 0.03125
3 0.90546875 0.4421875 0.021875 0.0484375
3 0.809375 0.4015625 0.0203125 0.04375
3 0.76015625 0.38515625 0.0140625 0.0296875
0 0.95703125 0.41484375 0.015625 0.034375
0 0.8546875 0.38359375 0.0125 0.0296875
0 0.0171875 0.7609375 0.034375 0.196875
0 0.18984375 0.53515625 0.040625 0.1015625
0 0.21640625 0.4859375 0.0328125 0.075
0 0.1375 0.4640625 0.028125 0.0515625
0 0.0125 0.47109375 0.0171875 0.05