3 0.79296875 0.31328125 0.103125 0.16875
3 0.7703125 0.1546875 0.04375 0.08125
3 0.75546875 0.096875 0.0296875 0.05625
3 0.76796875 0.078125 0.021875 0.0421875
3 0.75859375 0.06796875 0.0234375 0.0484375
3 0.73828125 0.04921875 0.0171875 0.0328125
0 0.16953125 0.321875 0.0578125 0.0984375
0 0.3734375 0.184375 0.0390625 0.0640625
0 0.49609375 0.128125 0.03125 0.0546875
0 0.5421875 0.10625 0.0265625 0.046875
0 0.5625 0.0859375 0.01875 0.034375
0 0.58203125 0.0765625 0.0171875 0.0328125
0 0.61640625 0.06875 0.015625 0.028125
0 0.61875 0.05703125 0.0140625 0.0296875
0 0.11328125 0.2359375 0.0234375 0.040625
0 0.2109375 0.175 0.021875 0.0375
0 0.296875 0.134375 0.025 0.0390625
0 0.36328125 0.10703125 0.015625 0.028125
3 0.0359375 0.265625 0.025 0.04375
3 0.11328125 0.21328125 0.01875 0.034375
3 0.18203125 0.1765625 0.01875 0.0375
3 0.246875 0.14765625 0.0171875 0.034375
3 0.3109375 0.11875 0.0171875 0.0359375