1 0.1076875 0.6388888888888888 0.0976015625 0.25277777777777777
1 0.20846874999999998 0.5388888888888889 0.06959375 0.18333333333333332
1 0.8622890625 0.6048611111111111 0.09475781250000001 0.2763888888888889
1 0.7383671875 0.5011666666666666 0.059796875000000006 0.19955555555555557
0 0.16940625 0.6194444444444445 0.0461484375 0.14722222222222223
0 0.311578125 0.46458333333333335 0.032125 0.07916666666666666
0 0.393984375 0.3875 0.0173046875 0.05
0 0.4228828125 0.36041666666666666 0.0095 0.03194444444444444
3 0.7900234375 0.5673611111111111 0.054460937499999994 0.16527777777777777
3 0.669734375 0.4361111111111111 0.0345625 0.075
3 0.5900546875 0.36875 0.012671874999999999 0.04027777777777778
3 0.554265625 0.34815277777777776 0.007984375 0.028916666666666667
3 0.545296875 0.33443055555555556 0.0075625 0.02373611111111111
3 0.5580234374999999 0.328125 0.0063125 0.024472222222222225
3 0.8754062499999999 0.3755833333333334 0.01390625 0.034847222222222224
3 0.814328125 0.3492638888888889 0.007593750000000001 0.025208333333333333
3 0.8074453125 0.3374027777777778 0.0055078125 0.02373611111111111
0 0.9454921875 0.3670555555555555 0.012210937500000001 0.026694444444444444
0 0.9154609375 0.3529722222222222 0.0088671875 0.02225
0 0.447484375 0.3418888888888889 0.005734375 0.016833333333333332