0 0.19913020833333334 0.4496759259259259 0.031036458333333336 0.07343518518518519
0 0.21860937500000002 0.38605555555555554 0.012760416666666666 0.04375
0 0.22547395833333334 0.40919444444444447 0.02158854166666667 0.05087962962962963
0 0.17130208333333333 0.3812129629629629 0.014296874999999999 0.03507407407407408
3 0.166109375 0.37017592592592596 0.008953125000000001 0.026953703703703702
3 0.23823437500000003 0.36627777777777776 0.011234375 0.027129629629629632
3 0.31444791666666666 0.36430555555555555 0.011078125 0.026027777777777778
3 0.39544270833333334 0.36324074074074075 0.016557291666666665 0.039796296296296295
3 0.45522916666666663 0.3691851851851852 0.017604166666666664 0.04238888888888889
3 0.4974895833333333 0.38316666666666666 0.021755208333333335 0.05193518518518519
3 0.5570625 0.40461111111111114 0.028296875 0.061648148148148146
3 0.627078125 0.4500185185185185 0.03261979166666667 0.07987037037037037
3 0.7204114583333333 0.5326388888888889 0.05965625 0.13121296296296298
3 0.06572395833333333 0.37680555555555556 0.00771875 0.03322222222222222
0 0.0715 0.38725000000000004 0.015244791666666667 0.03425925925925926
0 0.07019791666666667 0.5145185185185185 0.05746875 0.10467592592592592