0 0.21640625 0.65234375 0.096875 0.19375
0 0.6390625 0.46328125 0.0578125 0.1125
0 0.7359375 0.34921875 0.0171875 0.0390625
0 0.80625 0.4046875 0.0359375 0.0765625
0 0.84296875 0.3578125 0.0171875 0.0421875
3 0.828125 0.33984375 0.0140625 0.0359375
3 0.71328125 0.3359375 0.0140625 0.034375
3 0.61953125 0.334375 0.00625 0.0265625
0 0.6140625 0.34765625 0.0109375 0.028125
0 0.50703125 0.34765625 0.0109375 0.034375
3 0.50703125 0.32421875 0.00625 0.009375
3 0.3859375 0.33515625 0.009375 0.0296875
0 0.375 0.34765625 0.0140625 0.034375
3 0.97265625 0.34921875 0.0109375 0.0296875
0 0.92890625 0.3875 0.025 0.0625
0 0.95078125 0.36875 0.0203125 0.0484375
3 0.009375 0.34609375 0.0140625 0.0390625
3 0.15 0.34140625 0.0125 0.034375
3 0.2734375 0.34140625 0.0125 0.025
0 0.2484375 0.353125 0.0171875 0.0390625
0 0.0796875 0.3625 0.015625 0.040625