0 0.125796875 0.5220694444444445 0.0342578125 0.0758888888888889
0 0.144796875 0.7142638888888888 0.0764609375 0.17995833333333333
0 0.1238046875 0.45908333333333334 0.019171874999999998 0.03855555555555556
0 0.1365 0.42954166666666665 0.014687500000000001 0.02795833333333333
0 0.15728906250000002 0.4106666666666667 0.0096875 0.023930555555555556
0 0.184984375 0.4009166666666667 0.0056640625 0.023291666666666665
0 0.227203125 0.3852083333333334 0.008304687500000001 0.019125
3 0.7245390625 0.4869027777777778 0.0472890625 0.10831944444444444
3 0.4368359375 0.41986111111111113 0.024703125 0.06023611111111111
3 0.3257734375 0.40504166666666663 0.0164609375 0.03776388888888889
3 0.282359375 0.39768055555555554 0.0119921875 0.03213888888888889
3 0.3169453125 0.3713194444444445 0.009546875 0.019819444444444445
3 0.27353125 0.38201388888888893 0.0045 0.020291666666666666
3 0.2669921875 0.3824305555555556 0.0053046875 0.022930555555555558
3 0.8968281250000001 0.34883333333333333 0.00784375 0.022361111111111113
3 0.815515625 0.3408611111111111 0.004796875 0.016444444444444446
3 0.7298125 0.3369166666666667 0.0076953125 0.02011111111111111
3 0.0303359375 0.4208055555555556 0.0117265625 0.020444444444444446