3 0.9496770833333333 0.7783611111111111 0.06683854166666667 0.16550925925925927
3 0.7144999999999999 0.40679629629629627 0.022765625 0.049990740740740745
3 0.6939531250000001 0.34581481481481485 0.011953125 0.02801851851851852
3 0.6920989583333333 0.3232962962962963 0.009484375 0.01923148148148148
3 0.6964270833333334 0.31230555555555556 0.007822916666666667 0.017027777777777777
0 0.31267187500000004 0.5268333333333334 0.037984375 0.09228703703703704
0 0.45773958333333337 0.37603703703703706 0.020963541666666665 0.04669444444444444
0 0.5318958333333333 0.33867592592592594 0.011057291666666667 0.02912037037037037
0 0.5779322916666667 0.31835185185185183 0.010432291666666668 0.022527777777777775
0 0.5930729166666667 0.3059907407407408 0.007338541666666667 0.01867592592592593
0 0.5468802083333333 0.3048888888888889 0.005802083333333334 0.017583333333333333
0 0.48663020833333337 0.32137037037037036 0.007052083333333333 0.021972222222222223
0 0.4161822916666667 0.3395 0.01015625 0.025268518518518517
0 0.31251562499999996 0.3721851851851852 0.012338541666666668 0.02912037037037037
3 0.45140625 0.3161574074074074 0.005822916666666666 0.015935185185185188
3 0.40165625 0.32988888888888884 0.007067708333333334 0.018129629629629627
3 0.3313489583333334 0.352962962962963 0.006130208333333333 0.018129629629629627
3 0.24159375 0.3798796296296296 0.006458333333333333 0.020324074074074074
3 0.155078125 0.412287037037037 0.005859375 0.017027777777777777
3 0.07642708333333334 0.44964814814814813 0.006151041666666667 0.018129629629629627
0 0.20341666666666666 0.4076203703703704 0.011067708333333334 0.025268518518518517
0 0.12988020833333333 0.4356388888888889 0.00984375 0.024175925925925927
0 0.04830729166666667 0.47491666666666665 0.008624999999999999 0.02362037037037037