0 0.0125 0.45390625 0.025 0.1328125
0 0.178125 0.4078125 0.0515625 0.0875
0 0.23046875 0.365625 0.028125 0.0515625
0 0.190625 0.32109375 0.021875 0.04375
0 0.2390625 0.33515625 0.0234375 0.0390625
3 0.7828125 0.68671875 0.109375 0.190625
3 0.678125 0.5234375 0.053125 0.1
3 0.60703125 0.44453125 0.0390625 0.0703125
3 0.5421875 0.403125 0.0296875 0.05625
3 0.5 0.3796875 0.025 0.05
3 0.43984375 0.3546875 0.0265625 0.046875
3 0.35390625 0.33359375 0.0203125 0.0375
3 0.271875 0.31875 0.0171875 0.0359375
3 0.19609375 0.30703125 0.0203125 0.040625
0 0.08203125 0.3046875 0.025 0.053125