1 0.1859375 0.3640625 0.015625 0.0453125
1 0.1984375 0.36640625 0.015625 0.040625
1 0.2078125 0.39140625 0.0234375 0.065625
1 0.22578125 0.3875 0.028125 0.06875
0 0.0296875 0.46640625 0.021875 0.0453125
0 0.3375 0.3640625 0.0171875 0.0390625
0 0.44453125 0.3421875 0.0140625 0.0296875
0 0.6796875 0.359375 0.0203125 0.0359375
0 0.653125 0.3984375 0.021875 0.0453125
0 0.46953125 0.45859375 0.0390625 0.078125
0 0.09140625 0.69140625 0.0671875 0.14375
3 0.8625 0.41640625 0.015625 0.0375
3 0.8984375 0.4765625 0.025 0.046875
3 0.94296875 0.6203125 0.040625 0.090625