0 0.5166796875 0.3803472222222223 0.01909375 0.03165277777777778
3 0.8289921874999999 0.41258333333333336 0.024648437500000002 0.06915277777777777
3 0.735390625 0.3703888888888889 0.014124999999999999 0.04688888888888888
1 0.7515390625 0.36393055555555553 0.020710937500000002 0.07384722222222223
1 0.7198984375 0.35397222222222224 0.0200546875 0.06563888888888889
1 0.525890625 0.35983333333333334 0.0183984375 0.06329166666666666
1 0.534625 0.35925 0.025437500000000002 0.036333333333333336
3 0.69665625 0.35133333333333333 0.013132812499999999 0.03340277777777778
3 0.647484375 0.3285 0.01021875 0.024402777777777777
3 0.61746875 0.3175972222222222 0.0058359375 0.018875
3 0.6039218749999999 0.3088194444444444 0.0058359375 0.015625
3 0.612703125 0.30572222222222223 0.0051015625 0.015291666666666667
3 0.6334765625000001 0.3018194444444445 0.0049140625 0.014638888888888887
0 0.493546875 0.3175972222222222 0.008765625 0.01626388888888889
0 0.9360546875000001 0.3433055555555556 0.007476562500000001 0.01952777777777778
0 0.9877578124999999 0.35730555555555554 0.0080078125 0.02538888888888889
0 0.9021953125 0.33290277777777777 0.0063828125 0.01952777777777778
3 0.9108828125 0.3545416666666667 0.009859375 0.03026388888888889
3 0.8338281249999999 0.33419444444444446 0.007664062500000001 0.02538888888888889
3 0.8048125 0.3215138888888889 0.0063828125 0.020819444444444446