0 0.24514062499999997 0.31725 0.0077421875 0.019680555555555555
0 0.1926640625 0.35130555555555554 0.00946875 0.023166666666666665
0 0.1371328125 0.3955416666666667 0.0140625 0.03806944444444445
0 0.10613281249999999 0.46447222222222223 0.02190625 0.05925
0 0.066484375 0.6894027777777778 0.0581640625 0.12986111111111112
3 0.3847578125 0.28854166666666664 0.0089375 0.025583333333333336
3 0.36436718749999997 0.31190277777777775 0.015562500000000002 0.03308333333333333
3 0.4385 0.33066666666666666 0.0187265625 0.041499999999999995
3 0.6902421875 0.4179861111111111 0.0335859375 0.090375
3 0.7237734375 0.2881944444444444 0.011164062499999999 0.027930555555555556
3 0.8568671875 0.32498611111111114 0.012328124999999999 0.02997222222222222