0 0.27521874999999996 0.5224166666666666 0.039578125 0.08972222222222222
0 0.3169296875 0.4263888888888889 0.0163203125 0.043013888888888886
0 0.2987890625 0.405625 0.010890625 0.03113888888888889
0 0.27751562500000004 0.3904166666666667 0.008296874999999999 0.025958333333333337
3 0.7110703125 0.45827777777777773 0.032828125 0.077125
3 0.5467500000000001 0.39376388888888886 0.0186953125 0.041527777777777775
3 0.463546875 0.37224999999999997 0.011625 0.029666666666666668
3 0.41703906249999995 0.3681805555555555 0.00871875 0.024472222222222225
3 0.39973437500000003 0.3663194444444444 0.0074687500000000006 0.02225
3 0.8447734375 0.38930555555555557 0.0149296875 0.04004166666666666
3 0.7440546875 0.361875 0.0095390625 0.026694444444444444
0 0.8466484375000001 0.3563055555555556 0.0086796875 0.025958333333333337
3 0.685875 0.34815277777777776 0.0108046875 0.03040277777777778
3 0.5758671875 0.34380555555555553 0.00871875 0.022263888888888892
3 0.62871875 0.34781944444444446 0.0082109375 0.03027777777777778