0 0.24921875 0.50859375 0.0734375 0.128125
0 0.2953125 0.403125 0.0375 0.0671875
0 0.26796875 0.371875 0.025 0.05
0 0.22265625 0.3609375 0.0234375 0.0484375
0 0.19375 0.32890625 0.0125 0.0234375
0 0.1671875 0.33203125 0.0125 0.0296875
0 0.17421875 0.34375 0.01875 0.034375
3 0.36328125 0.353125 0.0125 0.025
3 0.36875 0.34375 0.0125 0.0265625
3 0.41640625 0.3640625 0.01875 0.0375
3 0.440625 0.34921875 0.0125 0.021875
3 0.50390625 0.35546875 0.0109375 0.021875
3 0.503125 0.3890625 0.0265625 0.04375
3 0.54375 0.36015625 0.0109375 0.021875
3 0.5953125 0.4375 0.0328125 0.059375
3 0.73125 0.54296875 0.0515625 0.09375
3 0.80546875 0.41796875 0.0125 0.025
3 0.77578125 0.41484375 0.0140625 0.0265625
3 0.7734375 0.44453125 0.01875 0.0328125
3 0.75078125 0.42109375 0.0203125 0.034375
3 0.84375 0.4234375 0.0125 0.021875
3 0.8453125 0.48515625 0.025 0.04375
3 0.90390625 0.43515625 0.0078125 0.015625
0 0.92421875 0.4546875 0.0109375 0.01875
0 0.9171875 0.4765625 0.0140625 0.0296875
0 0.9078125 0.45390625 0.0125 0.021875
0 0.89453125 0.45703125 0.0125 0.0265625
3 0.7484375 0.38671875 0.009375 0.0203125
3 0.790625 0.3953125 0.0078125 0.0140625
0 0.37734375 0.3328125 0.0109375 0.0203125