3 0.269765625 0.3516481481481481 0.006489583333333334 0.014814814814814815
3 0.2619166666666667 0.35921296296296296 0.006479166666666666 0.015324074074074075
3 0.22259895833333332 0.38561111111111107 0.007973958333333333 0.02014814814814815
3 0.12259895833333333 0.44958333333333333 0.01175 0.031027777777777776
0 0.09025520833333332 0.5310092592592592 0.019395833333333334 0.050916666666666666
0 0.25111979166666665 0.40221296296296294 0.012854166666666667 0.032601851851851854
0 0.29709375 0.5014351851851852 0.03076041666666667 0.07275925925925926
0 0.440890625 0.38202777777777774 0.017520833333333333 0.04471296296296296
0 0.32057291666666665 0.3594351851851852 0.008963541666666667 0.02462037037037037
0 0.518453125 0.3372777777777778 0.011588541666666667 0.029583333333333333
0 0.5679531250000001 0.3182037037037037 0.007151041666666667 0.022685185185185187
3 0.7360364583333333 0.3234722222222222 0.007765625 0.01723148148148148
3 0.7270208333333333 0.34199074074074076 0.010385416666666668 0.025222222222222222
3 0.7269791666666666 0.37784259259259256 0.016890625 0.03696296296296296
3 0.7978124999999999 0.4878611111111111 0.033229166666666664 0.08042592592592593
0 0.620984375 0.3092962962962963 0.006505208333333333 0.017842592592592594