0 0.10625 0.3578125 0.0609375 0.1
0 0.2453125 0.34140625 0.04375 0.0703125
0 0.3953125 0.3453125 0.03125 0.059375
0 0.47109375 0.34921875 0.03125 0.0578125
0 0.5640625 0.3625 0.0234375 0.0421875
3 0.73671875 0.60546875 0.10625 0.1765625
3 0.65390625 0.471875 0.06875 0.1015625
3 0.765625 0.44375 0.046875 0.0703125
3 0.8046875 0.421875 0.025 0.046875
3 0.8421875 0.41484375 0.025 0.04375
1 0.81875 0.40703125 0.0234375 0.0609375
1 0.8265625 0.40859375 0.0265625 0.0609375
1 0.61328125 0.35390625 0.0296875 0.0609375
1 0.6265625 0.35625 0.0265625 0.0546875
0 0.66171875 0.37109375 0.0171875 0.03125
0 0.6890625 0.3640625 0.015625 0.0265625
3 0.87109375 0.403125 0.0203125 0.03125
3 0.884375 0.3953125 0.015625 0.028125
0 0.72109375 0.36015625 0.0171875 0.025
3 0.89765625 0.3921875 0.015625 0.0296875
3 0.87109375 0.37734375 0.0125 0.0234375
3 0.828125 0.36640625 0.0171875 0.0296875
0 0.38828125 0.2984375 0.01875 0.034375
0 0.35390625 0.3 0.01875 0.0328125
0 0.27578125 0.28671875 0.0203125 0.03125
0 0.35546875 0.278125 0.0125 0.0234375
3 0.771875 0.3484375 0.015625 0.025
3 0.72421875 0.33984375 0.0140625 0.025
3 0.6421875 0.31953125 0.0140625 0.0234375
3 0.5765625 0.30390625 0.0125 0.0234375
3 0.5265625 0.29296875 0.0125 0.0234375
3 0.47109375 0.28125 0.0109375 0.021875
3 0.42890625 0.2703125 0.0109375 0.0203125
0 0.09921875 0.26015625 0.0265625 0.046875
0 0.3234375 0.265625 0.0140625 0.028125
3 0.2109375 0.26015625 0.015625 0.0328125
0 0.66171875 0.3328125 0.0125 0.0234375
0 0.7484375 0.36015625 0.015625 0.03125
0 0.74609375 0.353125 0.0140625 0.03125
0 0.5359375 0.3015625 0.0109375 0.01875
0 0.703125 0.340625 0.0140625 0.0234375