0 0.13359375 0.5578125 0.0546875 0.13125
0 0.3265625 0.39296875 0.021875 0.05
0 0.37421875 0.34765625 0.0109375 0.0328125
0 0.4078125 0.32421875 0.0109375 0.025
0 0.440625 0.309375 0.009375 0.0203125
3 0.75625 0.53046875 0.0703125 0.1265625
3 0.59140625 0.38046875 0.025 0.0484375
3 0.5390625 0.33984375 0.0140625 0.0296875
3 0.52578125 0.31953125 0.0109375 0.0234375
3 0.53984375 0.3140625 0.0109375 0.0234375
3 0.95 0.403125 0.01875 0.040625
3 0.85390625 0.3578125 0.015625 0.0296875
3 0.83515625 0.33828125 0.009375 0.021875
3 0.840625 0.32734375 0.0078125 0.01875
0 0.9609375 0.36015625 0.009375 0.0296875
0 0.94375 0.35234375 0.009375 0.021875
3 0.90234375 0.3265625 0.0046875 0.0140625
3 0.86640625 0.32578125 0.0078125 0.0171875
0 0.50234375 0.3015625 0.00625 0.0171875