1 0.9515625 0.57265625 0.096875 0.3015625
1 0.97890625 0.63203125 0.0421875 0.3609375
3 0.975 0.6375 0.05 0.18125
3 0.31328125 0.36875 0.0109375 0.0265625
3 0.3890625 0.35625 0.0109375 0.025
3 0.47734375 0.346875 0.0140625 0.0296875
3 0.5484375 0.33984375 0.015625 0.0296875
3 0.60234375 0.33984375 0.015625 0.0328125
3 0.62734375 0.346875 0.0171875 0.0359375
3 0.64453125 0.36328125 0.0234375 0.046875
3 0.69609375 0.3984375 0.0359375 0.0671875
3 0.80234375 0.496875 0.0640625 0.11875
0 0.096875 0.4125 0.0171875 0.03125
0 0.2078125 0.39453125 0.0140625 0.03125
0 0.28125 0.38515625 0.0125 0.03125
0 0.3640625 0.38046875 0.01875 0.0359375
0 0.38046875 0.39609375 0.01875 0.040625
0 0.3359375 0.4265625 0.025 0.0546875
0 0.2734375 0.484375 0.0390625 0.0703125
0 0.19453125 0.5765625 0.0609375 0.1046875