3 0.8921875 0.515625 0.1125 0.3359375
3 0.64140625 0.2328125 0.0375 0.0953125
3 0.50703125 0.16953125 0.025 0.0671875
3 0.43828125 0.14296875 0.025 0.0546875
3 0.3734375 0.1296875 0.015625 0.0421875
3 0.33359375 0.1234375 0.0125 0.034375
0 0.0125 0.34765625 0.025 0.0921875
0 0.11015625 0.23203125 0.0265625 0.0609375
0 0.1484375 0.1859375 0.0171875 0.0453125
0 0.16328125 0.1640625 0.0125 0.0421875
0 0.15078125 0.15078125 0.0125 0.0375
3 0.30078125 0.1171875 0.0109375 0.028125
3 0.28125 0.1140625 0.009375 0.025