3 0.7796875 0.31171875 0.0125 0.0234375
3 0.7671875 0.315625 0.0125 0.025
3 0.75390625 0.325 0.0140625 0.025
3 0.72421875 0.33671875 0.0171875 0.034375
3 0.05546875 0.215625 0.015625 0.0328125
3 0.0703125 0.21015625 0.0140625 0.028125
3 0.6875 0.346875 0.0234375 0.0453125
3 0.64609375 0.3671875 0.034375 0.0625
3 0.53671875 0.3984375 0.053125 0.0921875
3 0.60234375 0.5203125 0.0875 0.1640625
0 0.6078125 0.29140625 0.0125 0.0234375
0 0.5765625 0.296875 0.0140625 0.0265625
0 0.54921875 0.3046875 0.0140625 0.028125
0 0.50234375 0.3046875 0.0203125 0.0359375
0 0.4484375 0.30390625 0.01875 0.0359375
0 0.3484375 0.29375 0.0296875 0.053125
0 0.265625 0.28984375 0.0359375 0.059375
0 0.1078125 0.29609375 0.05 0.075
0 0.21875 0.24453125 0.021875 0.0375
1 0.70625 0.33046875 0.0265625 0.05625
1 0.509375 0.29375 0.0265625 0.0546875
1 0.69765625 0.3328125 0.0265625 0.0609375
1 0.4984375 0.2921875 0.028125 0.0609375