0 0.2484375 0.475 0.0921875 0.153125
0 0.51484375 0.465625 0.05625 0.1015625
0 0.6296875 0.4703125 0.0484375 0.084375
0 0.76015625 0.48359375 0.0359375 0.0640625
0 0.871875 0.484375 0.0296875 0.05625
0 0.89921875 0.4703125 0.021875 0.0421875
1 0.81796875 0.4640625 0.0421875 0.090625
1 0.8359375 0.47109375 0.0328125 0.0765625
3 0.2015625 0.29921875 0.0265625 0.0453125
3 0.2890625 0.315625 0.0203125 0.0375
3 0.31171875 0.30703125 0.01875 0.034375
3 0.2859375 0.2953125 0.0171875 0.0359375
3 0.25 0.28359375 0.01875 0.0328125
3 0.2265625 0.27265625 0.015625 0.03125
0 0.825 0.48125 0.0296875 0.0640625
0 0.93203125 0.46484375 0.0171875 0.0328125
0 0.959375 0.465625 0.01875 0.0359375
0 0.94921875 0.45234375 0.0140625 0.0296875
0 0.88671875 0.4328125 0.0171875 0.03125
0 0.83359375 0.41796875 0.0140625 0.028125
3 0.90703125 0.4296875 0.0171875 0.03125
3 0.96953125 0.4453125 0.015625 0.03125
0 0.121875 0.30703125 0.03125 0.059375
0 0.36015625 0.3484375 0.025 0.0515625
0 0.45859375 0.36484375 0.01875 0.0375
0 0.503125 0.36484375 0.0140625 0.03125
0 0.4640625 0.33828125 0.0125 0.028125
0 0.42890625 0.3203125 0.0140625 0.025
0 0.40078125 0.30625 0.0140625 0.0265625