0 0.06338541666666667 0.8235 0.05992708333333333 0.15393518518518517
0 0.3361354166666667 0.4375 0.023348958333333333 0.06018518518518518
0 0.18478645833333335 0.45717592592592593 0.013614583333333334 0.041666666666666664
3 0.12456770833333333 0.45428703703703704 0.009067708333333334 0.028935185185185185
3 0.859328125 0.5774722222222222 0.03858854166666667 0.09223148148148148
3 0.6521979166666667 0.3819722222222222 0.018328124999999997 0.043444444444444445
3 0.6006979166666666 0.34153703703703703 0.011572916666666665 0.02539814814814815
3 0.591109375 0.31881481481481483 0.011197916666666667 0.024064814814814813
3 0.6005104166666667 0.3077870370370371 0.009854166666666667 0.01937962962962963
3 0.621 0.30010185185185184 0.0078125 0.018712962962962962
0 0.38755208333333335 0.3632592592592592 0.011619791666666665 0.032749999999999994
0 0.30296875 0.3793055555555555 0.010885416666666667 0.030074074074074073
0 0.3452604166666667 0.34922222222222227 0.007489583333333333 0.020722222222222222
0 0.38153645833333333 0.32449999999999996 0.006354166666666666 0.016712962962962964
0 0.4486354166666667 0.32716666666666666 0.00746875 0.020722222222222222
0 0.48096875 0.31380555555555556 0.006713541666666667 0.01937962962962963
0 0.5119791666666667 0.30110185185185184 0.005578125000000001 0.016712962962962964
3 0.23511458333333335 0.3826481481481481 0.008265625 0.024731481481481483
3 0.29319270833333333 0.35156481481481483 0.0063750000000000005 0.016037037037037037