3 0.34486979166666665 0.33178703703703705 0.01203125 0.027777777777777776
3 0.43166666666666664 0.3263888888888889 0.012010416666666666 0.029324074074074075
3 0.5319114583333333 0.3263888888888889 0.011119791666666667 0.029324074074074075
3 0.6161041666666667 0.33025 0.012833333333333334 0.03395370370370371
3 0.6842395833333333 0.3395092592592593 0.015421875 0.04012037037037037
3 0.7245989583333333 0.35262037037037036 0.019755208333333333 0.04475
3 0.7627864583333334 0.38039814814814815 0.028421875 0.06326851851851852
3 0.9025260416666666 0.4706759259259259 0.05616666666666667 0.10802777777777778
3 0.18603645833333332 0.33487962962962964 0.012067708333333335 0.03086111111111111
0 0.207734375 0.3479907407407407 0.017270833333333332 0.03858333333333334
0 0.07840625 0.34876851851851853 0.015567708333333334 0.037037037037037035
0 0.2966979166666667 0.3456759259259259 0.014645833333333334 0.037037037037037035
0 0.3913072916666666 0.35571296296296295 0.018098958333333335 0.041666666666666664
0 0.399984375 0.38039814814814815 0.023302083333333334 0.05400925925925926
0 0.3131875 0.43287037037037035 0.03720833333333333 0.08178703703703703
0 0.13525520833333332 0.5532407407407407 0.07196875 0.13425925925925927
1 0.8790937499999999 0.2854907407407407 0.011036458333333334 0.037037037037037035