3 0.14768229166666666 0.41394444444444445 0.006166666666666667 0.01525
3 0.10966145833333334 0.44310185185185186 0.008125 0.017018518518518516
3 0.14308854166666668 0.44834259259259257 0.011588541666666667 0.024685185185185185
3 0.07654166666666667 0.4807777777777778 0.010395833333333333 0.02574074074074074
3 0.06158333333333333 0.47974074074074075 0.010140624999999999 0.022537037037037036
0 0.05102083333333333 0.5419259259259259 0.016635416666666666 0.03981481481481482
0 0.19082291666666668 0.6141851851851853 0.040328125000000006 0.09609259259259259
0 0.13197916666666668 0.532962962962963 0.020677083333333336 0.060537037037037035
3 0.2553229166666667 0.4053703703703704 0.010770833333333334 0.027814814814814813
3 0.36262500000000003 0.38230555555555557 0.014557291666666666 0.03350925925925926
3 0.47972395833333337 0.3812685185185185 0.01963541666666667 0.04605555555555556
3 0.633578125 0.39759259259259255 0.022307291666666666 0.056416666666666664
3 0.8285208333333334 0.46252777777777776 0.02903125 0.06987037037037036
0 0.15586458333333333 0.9296296296296296 0.08180208333333333 0.14074074074074075