0 0.3171875 0.50390625 0.0390625 0.1015625
0 0.5859375 0.38828125 0.01875 0.05625
0 0.13046875 0.3359375 0.0171875 0.04375
0 0.23125 0.296875 0.0125 0.03125
0 0.275 0.28359375 0.0078125 0.025
3 0.071875 0.2984375 0.009375 0.025
3 0.88671875 0.34921875 0.015625 0.03125
3 0.76953125 0.31875 0.009375 0.025
3 0.6859375 0.30234375 0.009375 0.0234375
0 0.6734375 0.36015625 0.0125 0.0421875
0 0.6640625 0.3359375 0.0109375 0.034375
0 0.60625 0.31171875 0.009375 0.028125
0 0.57421875 0.29609375 0.00625 0.021875
1 0.55625 0.28203125 0.009375 0.025
0 0.309375 0.271875 0.00625 0.01875
0 0.32890625 0.26953125 0.0046875 0.015625