0 0.30625 0.55 0.0578125 0.1046875
0 0.3328125 0.44609375 0.025 0.0484375
0 0.32265625 0.41796875 0.015625 0.028125
0 0.29765625 0.409375 0.0125 0.0234375
3 0.73828125 0.434375 0.0453125 0.08125
3 0.56953125 0.38125 0.0234375 0.05
3 0.48046875 0.3703125 0.0140625 0.0296875
3 0.41953125 0.37109375 0.0140625 0.028125
3 0.80859375 0.3390625 0.01875 0.0421875
3 0.70546875 0.328125 0.015625 0.03125
3 0.63984375 0.32421875 0.0125 0.0328125
0 0.27265625 0.40703125 0.0078125 0.021875
3 0.38046875 0.375 0.00625 0.0171875