0 0.22421875 0.81796875 0.09375 0.19375
0 0.246875 0.56640625 0.0453125 0.0859375
0 0.1984375 0.53984375 0.0328125 0.0640625
0 0.15546875 0.5296875 0.021875 0.046875
0 0.171875 0.49921875 0.015625 0.0359375
0 0.209375 0.46796875 0.0140625 0.0296875
3 0.6609375 0.40234375 0.0359375 0.071875
3 0.49140625 0.4078125 0.025 0.0484375
3 0.41328125 0.41015625 0.0203125 0.0421875
3 0.4171875 0.3953125 0.0140625 0.0296875
3 0.50703125 0.35859375 0.0203125 0.040625
3 0.58046875 0.33359375 0.015625 0.0328125
0 0.24921875 0.44453125 0.015625 0.03125
3 0.625 0.3171875 0.01875 0.0359375
0 0.42578125 0.36875 0.0125 0.025
0 0.35859375 0.390625 0.009375 0.01875
0 0.29453125 0.41953125 0.0125 0.0265625
1 0.65625 0.290625 0.0140625 0.03125
1 0.67109375 0.28671875 0.0125 0.0265625
1 0.721875 0.28203125 0.0140625 0.03125
1 0.74140625 0.2765625 0.0140625 0.0328125
3 0.6828125 0.2984375 0.0140625 0.0265625
3 0.73125 0.28203125 0.0125 0.0296875
3 0.7796875 0.271875 0.0109375 0.021875