0 0.263203125 0.52775 0.04903125 0.10622222222222223
0 0.3609140625 0.4192916666666667 0.0178515625 0.05693055555555556
0 0.36609375 0.3498472222222222 0.00690625 0.013333333333333332
0 0.38854687499999996 0.35440277777777773 0.004828125 0.01576388888888889
0 0.40015625000000005 0.3571111111111111 0.0060390625 0.020694444444444446
0 0.4051875 0.3635833333333333 0.011289062499999999 0.027930555555555556
0 0.3949765625 0.38231944444444443 0.011773437500000001 0.028944444444444443
0 0.756734375 0.3417222222222222 0.0074296875 0.018694444444444444
0 0.8194375 0.35591666666666666 0.0095546875 0.021680555555555554
0 0.87165625 0.36706944444444445 0.0111328125 0.027305555555555555
0 0.007585937500000001 0.4484583333333333 0.011890625 0.031194444444444445
0 0.0235625 0.42897222222222225 0.0123515625 0.026083333333333333
0 0.0223984375 0.4150277777777778 0.0063281249999999995 0.018902777777777775
0 0.014445312499999998 0.41241666666666665 0.0043124999999999995 0.01904166666666667
3 0.3517734375 0.3447222222222222 0.006812500000000001 0.01647222222222222
3 0.39209375 0.34343055555555557 0.0054140625 0.014138888888888888
3 0.471140625 0.34305555555555556 0.0053437499999999995 0.016777777777777777
3 0.500109375 0.34694444444444444 0.0109453125 0.022125
3 0.531734375 0.3557222222222222 0.0084140625 0.022361111111111113
3 0.56459375 0.37024999999999997 0.0128203125 0.036166666666666666
3 0.6225390625 0.40704166666666663 0.027250000000000003 0.050749999999999997
3 0.626515625 0.33647222222222223 0.006828125 0.013875
3 0.5849765625 0.3334722222222222 0.0086484375 0.018805555555555555
3 0.7160390624999999 0.3549305555555556 0.008624999999999999 0.02731944444444445
3 0.6736171875 0.34234722222222225 0.00784375 0.018916666666666665
3 0.7481093750000001 0.36394444444444446 0.010015625 0.029347222222222222
3 0.8293906249999999 0.3904444444444444 0.0172421875 0.03869444444444444
3 0.7586796875 0.4997916666666667 0.050921875000000005 0.10854166666666668
3 0.432171875 0.3418333333333333 0.0058515625 0.017819444444444443