0 0.496875 0.4828125 0.0296875 0.0859375
1 0.49296875 0.40078125 0.025 0.09375
1 0.48828125 0.38828125 0.01875 0.0859375
1 0.77890625 0.39921875 0.025 0.09375
1 0.73671875 0.37890625 0.01875 0.075
3 0.9 0.47890625 0.028125 0.0828125
3 0.75390625 0.4 0.0140625 0.0546875
3 0.6953125 0.3671875 0.0140625 0.0375
3 0.93203125 0.37734375 0.0125 0.0421875
3 0.634375 0.3390625 0.0109375 0.0328125
3 0.59765625 0.32421875 0.00625 0.0203125
0 0.94921875 0.365625 0.009375 0.028125
0 0.90703125 0.3484375 0.00625 0.0234375
0 0.8875 0.33984375 0.0046875 0.01875