0 0.25546875 0.46953125 0.0421875 0.078125
0 0.34453125 0.3859375 0.0203125 0.05
0 0.38984375 0.3484375 0.0125 0.0390625
0 0.4296875 0.33125 0.0109375 0.025
3 0.65 0.4390625 0.0359375 0.0875
3 0.5546875 0.371875 0.015625 0.0515625
3 0.53046875 0.34375 0.009375 0.0328125
3 0.54765625 0.33359375 0.0125 0.028125
3 0.5828125 0.32578125 0.0125 0.0265625
0 0.50078125 0.31953125 0.0109375 0.0234375
3 0.94375 0.39140625 0.0171875 0.0453125
3 0.8984375 0.365625 0.0125 0.03125
3 0.9140625 0.34453125 0.0078125 0.021875
3 0.89140625 0.35078125 0.009375 0.028125
3 0.64140625 0.32265625 0.0078125 0.01875
3 0.71171875 0.32109375 0.003125 0.01875
3 0.76796875 0.3234375 0.0078125 0.0171875
0 0.571875 0.3140625 0.0046875 0.015625
0 0.6484375 0.3109375 0.0046875 0.015625
0 0.7046875 0.3109375 0.00625 0.015625
0 0.75859375 0.3125 0.0046875 0.0171875