3 0.88828125 0.5828125 0.05 0.121875
3 0.74140625 0.428125 0.021875 0.053125
3 0.7328125 0.39375 0.0140625 0.0328125
3 0.7578125 0.3828125 0.0125 0.028125
3 0.79921875 0.3796875 0.0109375 0.0265625
0 0.30625 0.51015625 0.046875 0.1046875
0 0.47421875 0.39296875 0.01875 0.046875
0 0.54921875 0.36484375 0.0140625 0.0359375
0 0.61875 0.359375 0.009375 0.025
0 0.6953125 0.3578125 0.0109375 0.028125
3 0.83046875 0.378125 0.0125 0.0296875
3 0.97578125 0.4109375 0.0109375 0.0296875
3 0.96796875 0.4046875 0.009375 0.028125
0 0.73203125 0.359375 0.009375 0.0234375