0 0.2097421875 0.5681805555555555 0.05389843749999999 0.1111111111111111
3 0.8197656249999999 0.5195694444444444 0.0509296875 0.12752777777777777
3 0.6386953125 0.3470972222222222 0.02628125 0.05594444444444445
3 0.5455078125 0.27570833333333333 0.012523437500000002 0.022902777777777775
3 0.53396875 0.25919444444444445 0.0080234375 0.017583333333333333
3 0.5425078125 0.2517361111111111 0.00665625 0.017583333333333333
0 0.360015625 0.36334722222222227 0.025742187500000003 0.049013888888888885
0 0.42024999999999996 0.2836944444444444 0.01075 0.027166666666666665
0 0.43972656250000003 0.26479166666666665 0.0071484375 0.01811111111111111
0 0.4499140625 0.25545833333333334 0.0054375 0.01651388888888889
1 0.4061640625 0.29488888888888887 0.014343749999999999 0.04529166666666667
1 0.40991406250000006 0.2916944444444445 0.009929687500000001 0.04741666666666667
1 0.5712734375 0.2829027777777778 0.0143125 0.050083333333333334
1 0.561234375 0.2789027777777778 0.01221875 0.04634722222222222