0 0.434375 0.41171875 0.021875 0.0515625
0 0.29375 0.503125 0.034375 0.090625
0 0.54609375 0.3734375 0.015625 0.0359375
0 0.590625 0.3625 0.0109375 0.028125
3 0.72734375 0.46953125 0.0390625 0.0953125
3 0.69140625 0.40078125 0.025 0.0609375
3 0.72109375 0.3796875 0.015625 0.0421875
3 0.734375 0.36328125 0.0109375 0.03125
3 0.91796875 0.36640625 0.0109375 0.034375
3 0.88515625 0.35078125 0.0125 0.0328125
3 0.74453125 0.3484375 0.009375 0.0296875
3 0.85859375 0.34453125 0.009375 0.025
3 0.8515625 0.33828125 0.009375 0.021875
0 0.62109375 0.353125 0.009375 0.028125
3 0.73125 0.34140625 0.009375 0.028125
3 0.7078125 0.334375 0.009375 0.021875
0 0.6234375 0.34296875 0.0078125 0.0265625