3 0.46875 0.490625 0.0546875 0.0875
3 0.38125 0.46875 0.0390625 0.06875
3 0.32265625 0.4546875 0.028125 0.05625
3 0.2890625 0.44296875 0.0265625 0.0515625
3 0.246875 0.43828125 0.0171875 0.0359375
3 0.2015625 0.43515625 0.0171875 0.034375
3 0.165625 0.43984375 0.015625 0.0296875
0 0.02578125 0.5015625 0.0265625 0.05
0 0.00703125 0.48828125 0.0140625 0.0421875
3 0.66484375 0.56484375 0.0765625 0.1796875
3 0.1109375 0.44453125 0.0125 0.0296875
3 0.03359375 0.4609375 0.0140625 0.03125
0 0.003125 0.52734375 0.00625 0.0421875