0 0.10311458333333333 0.4791759259259259 0.040625 0.07594444444444444
0 0.03253645833333333 0.40512037037037035 0.014484374999999999 0.03768518518518519
0 0.12529166666666666 0.3989259259259259 0.014973958333333334 0.034694444444444444
0 0.18234375 0.44408333333333333 0.027296874999999998 0.057749999999999996
0 0.190859375 0.41205555555555556 0.01984375 0.04587037037037037
0 0.17342708333333334 0.3972685185185185 0.016703125 0.036314814814814814
3 0.18093229166666666 0.38177777777777777 0.012072916666666666 0.03216666666666667
3 0.11403125 0.3887037037037037 0.011234375 0.03023148148148148
3 0.019776041666666667 0.398712962962963 0.009755208333333333 0.037722222222222226
3 0.25327083333333333 0.37736111111111115 0.013156250000000001 0.033166666666666664
3 0.32854687499999996 0.3748703703703704 0.012593749999999999 0.03567592592592593
3 0.38299479166666667 0.37867592592592597 0.014333333333333333 0.038120370370370374
3 0.4183177083333333 0.38628703703703704 0.020421875 0.040601851851851854
3 0.465546875 0.40221296296296294 0.020260416666666666 0.053148148148148146
3 0.5138697916666667 0.4253240740740741 0.03319791666666667 0.062064814814814816
3 0.5560781250000001 0.4644259259259259 0.0384375 0.08646296296296296
3 0.6653697916666667 0.5609999999999999 0.064109375 0.1824722222222222
3 0.9915104166666667 0.7057037037037037 0.016979166666666667 0.10189814814814814