1 0.69453125 0.45546875 0.04375 0.15
1 0.71015625 0.4703125 0.0546875 0.165625
1 0.14921875 0.50703125 0.053125 0.1453125
1 0.1078125 0.51953125 0.0578125 0.18125
0 0.13359375 0.546875 0.04375 0.10625
0 0.109375 0.36640625 0.0125 0.025
0 0.21015625 0.3609375 0.009375 0.021875
0 0.278125 0.35546875 0.0109375 0.0296875
0 0.35 0.3546875 0.0140625 0.0328125
0 0.36484375 0.365625 0.0171875 0.0359375
0 0.33359375 0.38515625 0.0171875 0.04375
0 0.290625 0.4203125 0.021875 0.053125
0 0.25 0.46953125 0.0296875 0.0640625
3 0.3 0.3390625 0.0109375 0.0265625
3 0.36875 0.3359375 0.009375 0.0265625
3 0.446875 0.33046875 0.009375 0.025
3 0.50859375 0.33046875 0.0125 0.028125
3 0.55234375 0.3328125 0.0125 0.0265625
3 0.5703125 0.33984375 0.0140625 0.0328125
3 0.57890625 0.353125 0.0171875 0.0375
3 0.60859375 0.37890625 0.0203125 0.0484375
3 0.6515625 0.43671875 0.0296875 0.0734375
3 0.8734375 0.59375 0.075 0.1671875