1 0.7033333333333334 0.4753055555555556 0.034515625 0.1388888888888889
1 0.7172239583333333 0.4899722222222222 0.043604166666666666 0.1527777777777778
1 0.18994270833333332 0.4961388888888889 0.04261458333333333 0.13425925925925927
1 0.15044791666666668 0.5069444444444444 0.0450625 0.16821296296296295
0 0.17345312499999999 0.533175925925926 0.035666666666666666 0.09722222222222222
0 0.03891666666666667 0.3672870370370371 0.011234375 0.027777777777777776
0 0.15999479166666666 0.36342592592592593 0.010338541666666668 0.023148148148148147
0 0.25416666666666665 0.36342592592592593 0.007713541666666667 0.020064814814814817
0 0.3179635416666667 0.3611111111111111 0.008567708333333333 0.027777777777777776
0 0.3856614583333334 0.36419444444444443 0.012020833333333333 0.03086111111111111
0 0.3986822916666667 0.375 0.014020833333333335 0.03395370370370371
0 0.36873958333333334 0.3919722222222222 0.014630208333333334 0.04012037037037037
0 0.327078125 0.4228425925925926 0.018114583333333333 0.04937962962962963
0 0.28584895833333335 0.4660462962962963 0.024197916666666666 0.058638888888888886
3 0.33966145833333333 0.3472222222222222 0.0085625 0.024694444444444446
3 0.4034583333333333 0.3472222222222222 0.007942708333333333 0.024694444444444446
3 0.477234375 0.3464537037037037 0.0076614583333333335 0.023148148148148147
3 0.5349531249999999 0.34953703703703703 0.01025 0.02623148148148148
3 0.5761770833333333 0.3533981481481482 0.011109375 0.024694444444444446
3 0.5926718750000001 0.3611111111111111 0.011463541666666667 0.03086111111111111
3 0.600046875 0.3742314814814815 0.014067708333333335 0.03549074074074074
3 0.6265208333333334 0.39891666666666664 0.016307291666666664 0.04475
3 0.66340625 0.45525 0.024109375 0.06789814814814815
3 0.8634687499999999 0.6134259259259259 0.06311979166666666 0.1527777777777778