3 0.103125 0.4578125 0.0109375 0.0171875
3 0.0703125 0.49765625 0.0125 0.0203125
3 0.10703125 0.4953125 0.01875 0.028125
3 0.04453125 0.54609375 0.0171875 0.0296875
3 0.028125 0.54765625 0.015625 0.0265625
0 0.03203125 0.6171875 0.0265625 0.0453125
0 0.19765625 0.65859375 0.065625 0.1125
0 0.115625 0.58671875 0.0375 0.06875
3 0.21484375 0.421875 0.01875 0.0328125
3 0.32265625 0.371875 0.0234375 0.0390625
3 0.44609375 0.34140625 0.03125 0.053125
3 0.6125 0.321875 0.0375 0.0640625
3 0.83515625 0.3421875 0.046875 0.08125
0 0.23671875 0.95859375 0.1203125 0.0828125