3 0.9640625 0.6578125 0.0546875 0.1328125
3 0.7046875 0.490625 0.053125 0.0890625
3 0.53046875 0.40625 0.028125 0.0578125
3 0.37890625 0.38046875 0.025 0.0390625
3 0.234375 0.3921875 0.021875 0.0390625
3 0.1546875 0.40234375 0.015625 0.034375
3 0.15 0.38828125 0.0140625 0.034375
3 0.22734375 0.36015625 0.0125 0.0296875
3 0.2859375 0.33984375 0.0125 0.0265625
0 0.08515625 0.56796875 0.0453125 0.096875
0 0.05 0.496875 0.025 0.0609375
0 0.03046875 0.428125 0.0109375 0.0296875
1 0.0625 0.39296875 0.009375 0.0296875
1 0.06796875 0.3890625 0.009375 0.03125
1 0.0421875 0.39609375 0.009375 0.03125
1 0.034375 0.39453125 0.0109375 0.0296875
0 0.075 0.4015625 0.009375 0.0265625