0 0.25390625 0.63671875 0.075 0.1625
0 0.4859375 0.3828125 0.0390625 0.071875
0 0.55 0.340625 0.01875 0.040625
0 0.58359375 0.315625 0.015625 0.028125
3 0.98359375 0.546875 0.0328125 0.178125
3 0.78984375 0.3546875 0.034375 0.0671875
3 0.740625 0.31796875 0.025 0.04375
3 0.71875 0.30390625 0.0125 0.028125
3 0.72421875 0.29140625 0.0125 0.028125
0 0.61875 0.296875 0.0125 0.0265625
3 0.7390625 0.2796875 0.009375 0.0203125
3 0.753125 0.271875 0.009375 0.021875
3 0.9234375 0.27890625 0.015625 0.0265625
3 0.8828125 0.2703125 0.0109375 0.01875