3 0.884375 0.353125 0.0828125 0.1296875
3 0.82421875 0.2859375 0.05625 0.0953125
3 0.9015625 0.21796875 0.0484375 0.0734375
0 0.165625 0.63984375 0.1015625 0.159375
0 0.26171875 0.48046875 0.05625 0.0921875
0 0.3875 0.39375 0.04375 0.06875
0 0.50859375 0.32890625 0.0390625 0.0625
0 0.6375 0.26796875 0.034375 0.0578125
0 0.8203125 0.196875 0.0296875 0.0453125
0 0.40546875 0.31484375 0.021875 0.0375
0 0.5140625 0.2703125 0.01875 0.0375
0 0.571875 0.24453125 0.0203125 0.034375
0 0.64609375 0.21640625 0.01875 0.034375
0 0.6828125 0.2046875 0.01875 0.0328125
0 0.2921875 0.3640625 0.021875 0.0421875
0 0.15390625 0.4234375 0.025 0.046875
1 0.3046875 0.34609375 0.03125 0.0609375
1 0.275 0.3578125 0.03125 0.059375
1 0.2390625 0.35546875 0.025 0.0515625
3 0.21484375 0.36328125 0.0265625 0.05
3 0.31328125 0.33515625 0.01875 0.03125
3 0.23046875 0.36953125 0.021875 0.0375
3 0.12265625 0.41328125 0.021875 0.0390625
0 0.009375 0.475 0.01875 0.05
3 0.44140625 0.2828125 0.01875 0.03125