0 0.190625 0.5859375 0.0828125 0.1484375
0 0.43984375 0.39609375 0.0359375 0.06875
0 0.5859375 0.33046875 0.021875 0.0453125
0 0.6921875 0.3015625 0.0171875 0.0390625
0 0.74296875 0.28671875 0.0125 0.03125
0 0.7734375 0.27890625 0.0125 0.0265625
0 0.8 0.27265625 0.009375 0.0265625
3 0.90078125 0.5265625 0.0828125 0.1640625
3 0.80390625 0.38671875 0.0453125 0.0859375
3 0.81875 0.32890625 0.03125 0.0625
3 0.8640625 0.29921875 0.0171875 0.0390625
3 0.88125 0.28671875 0.0171875 0.034375
3 0.89375 0.27890625 0.0140625 0.028125