0 0.075 0.82109375 0.103125 0.234375
0 0.14296875 0.425 0.0140625 0.0390625
0 0.1171875 0.459375 0.01875 0.05
0 0.15078125 0.48359375 0.025 0.0625
0 0.18828125 0.51875 0.0375 0.0890625
0 0.18984375 0.40390625 0.009375 0.03125
0 0.2390625 0.3875 0.009375 0.03125
0 0.43203125 0.35078125 0.009375 0.0171875
3 0.41875 0.37890625 0.0125 0.0296875
3 0.40859375 0.39453125 0.0140625 0.040625
3 0.4859375 0.40625 0.028125 0.0609375
3 0.51953125 0.36328125 0.0109375 0.025
3 0.6 0.35 0.0140625 0.028125
3 0.65 0.3453125 0.009375 0.0296875
3 0.6625 0.44296875 0.03125 0.08125
3 0.7140625 0.3375 0.009375 0.0203125
3 0.76796875 0.33515625 0.0046875 0.01875
1 0.75703125 0.33046875 0.009375 0.03125
1 0.778125 0.33125 0.0078125 0.03125
3 0.81953125 0.3328125 0.0078125 0.021875
3 0.878125 0.3296875 0.0046875 0.0171875
0 0.3625 0.36015625 0.009375 0.021875