0 0.14609375 0.51796875 0.0625 0.109375
0 0.1234375 0.3609375 0.0203125 0.0390625
0 0.39140625 0.37265625 0.034375 0.0609375
0 0.49453125 0.334375 0.0203125 0.0375
0 0.57421875 0.32734375 0.021875 0.0328125
0 0.61796875 0.3203125 0.015625 0.028125
3 0.0296875 0.371875 0.01875 0.0328125
3 0.10546875 0.3328125 0.015625 0.0265625
3 0.784375 0.5703125 0.05 0.0921875
3 0.7390625 0.42109375 0.0265625 0.046875
3 0.7328125 0.375 0.015625 0.028125
3 0.7265625 0.353125 0.0125 0.021875
3 0.690625 0.32890625 0.009375 0.0171875
0 0.590625 0.30234375 0.0125 0.025
0 0.18828125 0.31953125 0.0171875 0.0328125
3 0.13125 0.31796875 0.0109375 0.0203125