3 0.23203125 0.35546875 0.0109375 0.0296875
3 0.34140625 0.3546875 0.0078125 0.025
0 0.175 0.3703125 0.015625 0.034375
0 0.32265625 0.36953125 0.015625 0.0328125
0 0.4359375 0.37265625 0.0140625 0.0359375
0 0.55546875 0.37578125 0.009375 0.0265625
0 0.65859375 0.3765625 0.0125 0.03125
0 0.77421875 0.3875 0.0140625 0.03125
0 0.878125 0.39765625 0.015625 0.0375
0 0.98203125 0.41328125 0.0171875 0.0390625
0 0.9578125 0.43046875 0.0234375 0.0453125
0 0.8421875 0.4421875 0.028125 0.0578125
0 0.684375 0.48125 0.0390625 0.0859375
0 0.35078125 0.60390625 0.075 0.159375