3 0.05002604166666667 0.3898611111111111 0.010989583333333334 0.030074074074074073
0 0.05949479166666667 0.4002685185185185 0.010833333333333334 0.03671296296296296
0 0.15456770833333333 0.39025925925925925 0.014046874999999999 0.03812962962962963
0 0.11242708333333334 0.48724074074074075 0.038671875 0.0813888888888889
0 0.20194791666666667 0.4450462962962963 0.027411458333333336 0.0589537037037037
0 0.20379166666666665 0.39181481481481484 0.016546875 0.03902777777777778
0 0.21398958333333334 0.4110185185185185 0.01828645833333333 0.0442037037037037
3 0.14347916666666669 0.37949074074074074 0.011140625 0.030416666666666668
3 0.21246354166666667 0.3721481481481482 0.013760416666666667 0.03125
3 0.286203125 0.37019444444444444 0.013041666666666667 0.03241666666666666
3 0.36406770833333335 0.37019444444444444 0.016192708333333333 0.03356481481481482
3 0.41917187499999997 0.37560185185185185 0.01671875 0.03712962962962963
3 0.45711979166666666 0.3838611111111111 0.023692708333333333 0.04772222222222222
3 0.5083958333333334 0.40090740740740743 0.02471354166666667 0.05480555555555555
3 0.5639479166666667 0.4338611111111111 0.028890625 0.06497222222222222
3 0.6194010416666667 0.48118518518518516 0.04356770833333334 0.09703703703703703
3 0.7865989583333334 0.6096203703703703 0.08536979166666667 0.17102777777777778