3 0.8930052083333333 0.5138888888888888 0.062265625 0.11772222222222223
3 0.73640625 0.4464259259259259 0.03328645833333333 0.08068518518518518
3 0.7427291666666667 0.4014537037037037 0.023614583333333335 0.05687962962962963
3 0.8234479166666666 0.37102777777777773 0.019874999999999997 0.04894444444444444
0 0.14086458333333332 0.6243425925925925 0.07136979166666667 0.1587314814814815
0 0.26176041666666666 0.4940462962962963 0.040838541666666665 0.09126851851851851
0 0.32834375 0.43650925925925926 0.028177083333333335 0.06349074074074074
0 0.426921875 0.4034351851851852 0.018484375 0.05026851851851852
0 0.526859375 0.38065740740740744 0.018197916666666664 0.043787037037037034
0 0.6366875000000001 0.36335185185185187 0.013802083333333333 0.04025925925925926
0 0.238109375 0.3888888888888889 0.013791666666666667 0.04321296296296297
0 0.11182291666666666 0.3919722222222222 0.014692708333333334 0.04012037037037037
0 0.4550989583333333 0.3549351851851852 0.012005208333333333 0.037037037037037035
0 0.7901302083333334 0.3449074074074074 0.015395833333333333 0.041666666666666664
0 0.9593802083333334 0.3333333333333333 0.015359375 0.052472222222222226
0 0.5496302083333333 0.3420740740740741 0.010880208333333334 0.029833333333333333
0 0.6014166666666667 0.3333333333333333 0.009130208333333334 0.03086111111111111
0 0.6665156250000001 0.32510185185185186 0.008536458333333333 0.03086111111111111
0 0.6994947916666666 0.3215 0.008526041666666668 0.029833333333333333
0 0.7090416666666666 0.3194444444444444 0.0059375 0.023666666666666666
0 0.713671875 0.3173888888888889 0.005942708333333334 0.023666666666666666
0 0.35694270833333336 0.36934259259259256 0.008609375 0.03086111111111111
1 0.369671875 0.3595648148148148 0.012223958333333333 0.05040740740740741
1 0.34566145833333334 0.36265740740740743 0.013817708333333335 0.048351851851851854
1 0.2930052083333334 0.35648148148148145 0.011515625 0.04218518518518519
1 0.313546875 0.3544259259259259 0.012213541666666666 0.04218518518518519
3 0.20910416666666667 0.3739722222222222 0.010380208333333333 0.029833333333333333
3 0.377484375 0.3523703703703704 0.009333333333333334 0.03188888888888889
3 0.304 0.36368518518518517 0.011630208333333333 0.03395370370370371
0 0.3563645833333334 0.36934259259259256 0.010921875 0.03292592592592593
3 0.49176562500000004 0.33796296296296297 0.009734375 0.029833333333333333
3 0.572484375 0.3287037037037037 0.009135416666666667 0.027777777777777776
3 0.6028645833333334 0.3220185185185185 0.009708333333333334 0.024694444444444446
3 0.6225364583333334 0.3148148148148148 0.006234375 0.018518518518518517
3 0.6445260416666667 0.3132685185185185 0.007385416666666667 0.02160185185185185
3 0.6737447916666667 0.30607407407407405 0.006796875 0.02160185185185185
3 0.7232187499999999 0.30092592592592593 0.007364583333333333 0.02160185185185185
3 0.7877395833333334 0.29577777777777775 0.0067708333333333336 0.019546296296296294
3 0.8545677083333333 0.2937222222222223 0.007333333333333333 0.02160185185185185
3 0.47879166666666667 0.6171296296296296 0.07611979166666667 0.017592592592592594
0 0.8868125 0.3 0.008666666666666666 0.025925925925925925
0 0.8089583333333333 0.3023148148148148 0.0050416666666666665 0.021296296296296296
0 0.7475052083333333 0.30462962962962964 0.008182291666666668 0.022222222222222223
3 0.9914739583333334 0.3595648148148148 0.017046875 0.04937962962962963
3 0.030234374999999997 0.3904351851851852 0.016447916666666666 0.03395370370370371