3 0.74921875 0.46484375 0.034375 0.071875
3 0.665625 0.35 0.015625 0.0296875
3 0.671875 0.32734375 0.0109375 0.0234375
3 0.65703125 0.3140625 0.00625 0.015625
3 0.03125 0.43984375 0.0140625 0.0296875
3 0.15390625 0.37734375 0.0109375 0.0265625
3 0.24140625 0.33984375 0.009375 0.0203125
0 0.3140625 0.47578125 0.040625 0.0859375
0 0.0984375 0.4515625 0.0234375 0.05625
0 0.325 0.34453125 0.0171875 0.034375
0 0.4265625 0.35234375 0.01875 0.0390625
0 0.3875 0.3140625 0.009375 0.021875
0 0.4921875 0.31953125 0.009375 0.0234375