3 0.565625 0.48515625 0.05625 0.0984375
3 0.3625 0.43984375 0.040625 0.08125
3 0.20078125 0.4109375 0.0421875 0.071875
3 0.11015625 0.3890625 0.0265625 0.0484375
3 0.88828125 0.37578125 0.0140625 0.0296875
3 0.86015625 0.37734375 0.0140625 0.0296875
3 0.7875 0.37421875 0.0140625 0.0296875
3 0.68125 0.3640625 0.0140625 0.0328125
3 0.56640625 0.3578125 0.0171875 0.0328125
3 0.42578125 0.35234375 0.01875 0.034375
3 0.3078125 0.3453125 0.015625 0.034375
3 0.1171875 0.3625 0.021875 0.046875
3 0.1859375 0.346875 0.01875 0.0390625
0 0.0265625 0.33125 0.01875 0.0375
0 0.16796875 0.321875 0.0140625 0.0296875
0 0.05390625 0.3046875 0.0125 0.0234375
0 0.29375 0.3296875 0.0109375 0.025
0 0.42265625 0.33671875 0.0125 0.028125
0 0.5390625 0.3421875 0.0109375 0.0234375
0 0.64609375 0.353125 0.0109375 0.028125
0 0.73359375 0.35859375 0.0109375 0.025