0 0.12875 0.4027777777777778 0.019026041666666667 0.046296296296296294
0 0.23333854166666665 0.4066388888888889 0.019869791666666668 0.047842592592592596
0 0.35007812499999996 0.41898148148148145 0.022687500000000003 0.057101851851851855
0 0.3470364583333333 0.46141666666666664 0.030260416666666668 0.07715740740740741
0 0.14827604166666666 0.5995370370370371 0.06849479166666667 0.15895370370370368
3 0.3079791666666667 0.3765462962962963 0.014645833333333334 0.037037037037037035
3 0.411703125 0.3757685185185185 0.012015625 0.03549074074074074
3 0.5301770833333334 0.3773148148148148 0.012854166666666667 0.03549074074074074
3 0.63259375 0.3811759259259259 0.014567708333333334 0.04321296296296297
3 0.7215625 0.39428703703703705 0.017151041666666665 0.047842592592592596
3 0.7901302083333334 0.4205277777777778 0.025812500000000002 0.06326851851851852
3 0.8851718749999999 0.4776203703703704 0.047984374999999996 0.09722222222222222