1 0.022208333333333333 0.38153703703703706 0.013822916666666666 0.04594444444444444
1 0.043875 0.38143518518518515 0.014718750000000001 0.048777777777777774
1 0.0836875 0.38556481481481486 0.01846354166666667 0.052472222222222226
1 0.11183854166666667 0.3814722222222222 0.019546875000000002 0.06012037037037038
0 0.09874999999999999 0.3943240740740741 0.010760416666666666 0.036564814814814814
3 0.03288541666666667 0.38812962962962966 0.011177083333333334 0.027870370370370372
0 0.05119791666666666 0.4901018518518518 0.04203125 0.08074074074074074
0 0.09235416666666667 0.44787037037037036 0.027651041666666668 0.057435185185185186
0 0.17874479166666665 0.4194351851851852 0.019828125 0.046268518518518514
0 0.19886458333333332 0.3751481481481482 0.012614583333333334 0.03621296296296296
0 0.27383854166666666 0.3987037037037037 0.018526041666666666 0.04139814814814815
0 0.29324479166666667 0.3580462962962963 0.010182291666666668 0.033249999999999995
0 0.34104166666666663 0.3555925925925926 0.009343750000000001 0.025175925925925928
0 0.37146875 0.3785925925925926 0.015734375000000002 0.033944444444444444
0 0.3993229166666667 0.3501388888888889 0.010994791666666667 0.022759259259259257
0 0.4964895833333333 0.3592222222222222 0.01421875 0.03088888888888889
0 0.6220416666666666 0.3510462962962963 0.010973958333333334 0.030453703703703705
3 0.6388593749999999 0.3674444444444444 0.015515625 0.04137037037037037
3 0.5161822916666667 0.38113888888888886 0.021531250000000002 0.040907407407407406
3 0.5294375 0.4623611111111111 0.036104166666666666 0.07472222222222223
3 0.7374635416666667 0.5049351851851852 0.058916666666666666 0.11091666666666668
3 0.775859375 0.3583518518518518 0.016354166666666666 0.03905555555555556
3 0.8383177083333333 0.30894444444444447 0.0072187499999999995 0.020666666666666667
3 0.9040833333333332 0.3065648148148148 0.010145833333333333 0.021675925925925925
3 0.9652083333333333 0.35582407407407407 0.018848958333333332 0.04087037037037037
3 0.9779270833333332 0.3034907407407407 0.008421875 0.022509259259259257
0 0.9179375000000001 0.3354259259259259 0.013916666666666666 0.0362037037037037
0 0.8464322916666667 0.31399074074074074 0.010458333333333332 0.020259259259259258
0 0.9145989583333333 0.31228703703703703 0.011223958333333334 0.020694444444444446
0 0.7663802083333333 0.34178703703703706 0.011651041666666667 0.03012037037037037
0 0.65296875 0.3209444444444444 0.005625000000000001 0.015981481481481482
0 0.42941145833333333 0.3451018518518518 0.008640625 0.02210185185185185
0 0.4374895833333333 0.34314814814814815 0.006208333333333333 0.02022222222222222
0 0.44269270833333335 0.338537037037037 0.006354166666666666 0.021435185185185186
3 0.4404010416666667 0.43098148148148147 0.027000000000000003 0.05823148148148148
3 0.44931249999999995 0.40475925925925926 0.026338541666666666 0.05255555555555556
0 0.014489583333333333 0.55775 0.028984375 0.13964814814814813