0 0.22252343749999998 0.5150555555555555 0.0444609375 0.09920833333333334
0 0.43414843750000004 0.3957916666666667 0.0283828125 0.05488888888888889
0 0.49380468750000006 0.36465277777777777 0.0123359375 0.036944444444444446
0 0.5255703125 0.34881944444444446 0.010546875 0.034833333333333334
0 0.24739062500000003 0.3661388888888889 0.010781250000000001 0.02352777777777778
0 0.3111484375 0.3575833333333333 0.0075546875 0.02352777777777778
0 0.1351015625 0.39537500000000003 0.0124453125 0.030666666666666665
0 0.0486640625 0.4046388888888889 0.0112578125 0.027805555555555556
0 0.5437578125 0.34261111111111114 0.006921874999999999 0.01925
0 0.346453125 0.34652777777777777 0.005171875 0.01995833333333333
3 0.781578125 0.5483055555555555 0.051617187499999995 0.12834722222222222
3 0.70178125 0.4039305555555555 0.0181328125 0.05633333333333334
3 0.6739140625 0.3693472222222222 0.013718749999999998 0.03993055555555555
3 0.664484375 0.3550833333333333 0.006734374999999999 0.02851388888888889
3 0.6558671875 0.34225 0.0079453125 0.021388888888888888
3 0.649046875 0.332625 0.0072968749999999995 0.01640277777777778
3 0.8997109375000001 0.39287500000000003 0.0129296875 0.029944444444444444
3 0.8185 0.36327777777777776 0.0101015625 0.027805555555555556
3 0.778203125 0.34652777777777777 0.0056796875 0.01711111111111111
3 0.7569453125 0.332625 0.005554687500000001 0.017819444444444443
3 0.7635390625 0.33968055555555554 0.0052421875 0.01476388888888889
3 0.1968515625 0.36723611111111115 0.006742187500000001 0.021958333333333333