0 0.10234375 0.5921875 0.059375 0.0859375
0 0.0125 0.53515625 0.0234375 0.0421875
0 0.1046875 0.50625 0.0234375 0.0390625
0 0.17265625 0.53671875 0.0421875 0.0640625
0 0.1734375 0.50234375 0.03125 0.0515625
0 0.15234375 0.4921875 0.025 0.040625
3 0.15546875 0.475 0.0203125 0.0359375
3 0.090625 0.4984375 0.01875 0.0328125
3 0.00390625 0.53125 0.0078125 0.040625
3 0.22734375 0.45234375 0.021875 0.0359375
3 0.30234375 0.43125 0.021875 0.0390625
3 0.35703125 0.42109375 0.0234375 0.0421875
3 0.39453125 0.4203125 0.03125 0.0453125
3 0.44609375 0.42421875 0.034375 0.0578125
3 0.5 0.4359375 0.0484375 0.0703125
3 0.55234375 0.46328125 0.0609375 0.0953125
3 0.6859375 0.53359375 0.109375 0.1984375