1 0.1703125 0.325 0.009375 0.03125
1 0.178125 0.32265625 0.0125 0.034375
1 0.0640625 0.37109375 0.0109375 0.0359375
0 0.08984375 0.38828125 0.0125 0.03125
0 0.12421875 0.409375 0.01875 0.0453125
0 0.2109375 0.4578125 0.03125 0.075
3 0.3171875 0.3234375 0.015625 0.040625
3 0.44921875 0.328125 0.021875 0.05
3 0.62890625 0.4015625 0.0390625 0.08125
3 0.85703125 0.30859375 0.0125 0.034375
0 0.91953125 0.30546875 0.0078125 0.025
0 0.82265625 0.27421875 0.009375 0.021875
3 0.71875 0.26640625 0.0109375 0.0265625