3 0.06328125 0.34140625 0.0203125 0.04375
3 0.0703125 0.33046875 0.015625 0.0375
3 0.11328125 0.32421875 0.015625 0.028125
3 0.15625 0.31640625 0.0140625 0.0265625
3 0.21015625 0.31484375 0.015625 0.0296875
3 0.29296875 0.3109375 0.0125 0.025
3 0.39140625 0.3125 0.0125 0.0265625
3 0.48515625 0.31640625 0.0140625 0.028125
3 0.56328125 0.32265625 0.0125 0.0265625
3 0.6453125 0.32890625 0.0125 0.028125
3 0.7421875 0.3375 0.0140625 0.03125
3 0.8375 0.34375 0.015625 0.03125
3 0.94140625 0.34921875 0.015625 0.028125
0 0.99375 0.465625 0.0125 0.090625
0 0.89375 0.36015625 0.0171875 0.0328125
0 0.7640625 0.35 0.015625 0.03125
0 0.671875 0.34296875 0.015625 0.028125
0 0.7078125 0.49375 0.0640625 0.115625
0 0.54765625 0.3328125 0.0140625 0.028125
0 0.4375 0.32578125 0.0140625 0.028125
0 0.34140625 0.325 0.0125 0.025
0 0.2859375 0.32890625 0.0125 0.028125
0 0.29375 0.36328125 0.0171875 0.040625
0 0.3 0.353125 0.01875 0.0375
0 0.29765625 0.3390625 0.0125 0.0328125
0 0.22578125 0.36875 0.0265625 0.0625
0 0.0453125 0.38515625 0.0390625 0.075
0 0.196875 0.75 0.1125 0.290625