0 0.25859375 0.51328125 0.0796875 0.128125
0 0.24296875 0.39375 0.03125 0.059375
0 0.13984375 0.4109375 0.03125 0.0546875
0 0.36796875 0.415625 0.0453125 0.078125
0 0.353125 0.38125 0.0328125 0.0640625
1 0.89765625 0.20546875 0.025 0.0546875
3 0.82109375 0.3421875 0.0546875 0.09375
3 0.75625 0.3125 0.040625 0.0765625
3 0.95 0.2078125 0.0109375 0.0234375
3 0.61328125 0.3078125 0.0265625 0.0484375
3 0.69609375 0.3046875 0.0328125 0.0546875
3 0.515625 0.31875 0.0265625 0.0484375
3 0.39765625 0.33828125 0.0234375 0.04375
3 0.3 0.359375 0.0234375 0.0390625
3 0.11640625 0.3953125 0.021875 0.0421875
3 0.75 0.20703125 0.0109375 0.01875
3 0.771875 0.21328125 0.0109375 0.01875
3 0.78359375 0.20625 0.0109375 0.0171875