0 0.43046875 0.3640625 0.03125 0.0828125
0 0.2328125 0.2703125 0.025 0.0515625
0 0.44765625 0.26640625 0.0171875 0.04375
0 0.5625 0.25625 0.0140625 0.0390625
0 0.6828125 0.33828125 0.0234375 0.0578125
0 0.8875 0.340625 0.021875 0.0453125
0 0.99765625 0.34765625 0.0046875 0.0421875
0 0.97890625 0.3078125 0.015625 0.0359375
0 0.95390625 0.29375 0.0125 0.03125
3 0.128125 0.2296875 0.01875 0.0359375
3 0.94921875 0.55546875 0.0859375 0.1546875
3 0.321875 0.234375 0.0140625 0.034375
3 0.43046875 0.234375 0.0125 0.03125
3 0.509375 0.23046875 0.009375 0.0234375
0 0.61484375 0.24453125 0.0109375 0.0234375
0 0.6453125 0.2390625 0.0078125 0.021875
1 0.93828125 0.27734375 0.0125 0.03125
0 0.9203125 0.2703125 0.0078125 0.01875
0 0.90859375 0.26796875 0.00625 0.015625