3 0.76425 0.5699722222222222 0.0436953125 0.13568055555555555
3 0.5214921875 0.4310833333333333 0.024523437500000002 0.05448611111111111
3 0.46801562499999994 0.3915555555555556 0.0113203125 0.03525
0 0.2096328125 0.4770277777777778 0.0233984375 0.06302777777777778
0 0.2808359375 0.4161388888888889 0.0143671875 0.033125
0 0.328578125 0.3888888888888889 0.0083125 0.027777777777777776
0 0.3673515625 0.3740138888888889 0.0077421875 0.027777777777777776
3 0.4602578125 0.3735138888888889 0.00828125 0.03273611111111111
3 0.46974218749999996 0.3680555555555556 0.0082734375 0.02976388888888889
3 0.48815625 0.3611111111111111 0.009390625 0.025791666666666668
3 0.5219140624999999 0.3576388888888889 0.0110546875 0.024805555555555556
3 0.5799375 0.3541666666666667 0.009921875 0.025791666666666668
3 0.6410390625 0.3541666666666667 0.008234374999999999 0.025791666666666668
3 0.739515625 0.3566527777777778 0.009882812500000001 0.02876388888888889
3 0.8463671875 0.3616111111111111 0.010421875 0.02876388888888889