0 0.21015625 0.61015625 0.0734375 0.134375
0 0.3109375 0.49921875 0.040625 0.0828125
0 0.42734375 0.43359375 0.034375 0.059375
0 0.54375 0.38984375 0.0265625 0.05
0 0.6703125 0.35 0.025 0.04375
0 0.61796875 0.32109375 0.0140625 0.0296875
0 0.56015625 0.33671875 0.0140625 0.0328125
0 0.68828125 0.3046875 0.0125 0.028125
0 0.8421875 0.30234375 0.0203125 0.0421875
0 0.7234375 0.29453125 0.0125 0.025
0 0.73203125 0.290625 0.009375 0.021875
0 0.73515625 0.284375 0.0078125 0.0203125
0 0.73046875 0.2796875 0.009375 0.0203125
0 0.7671875 0.26875 0.009375 0.0203125
0 0.8359375 0.25625 0.0109375 0.0203125
0 0.921875 0.24296875 0.009375 0.01875
3 0.90546875 0.334375 0.0328125 0.0625
3 0.82265625 0.38359375 0.0375 0.0765625
3 0.85234375 0.4484375 0.059375 0.1109375
3 0.18515625 0.4234375 0.015625 0.03125
3 0.2890625 0.39765625 0.0109375 0.0265625
3 0.36796875 0.37421875 0.0125 0.0265625
1 0.3328125 0.39296875 0.0234375 0.0546875
1 0.359375 0.38515625 0.021875 0.0546875
0 0.34765625 0.39765625 0.015625 0.0359375
1 0.2765625 0.39140625 0.01875 0.0453125
1 0.2984375 0.3859375 0.01875 0.04375
0 0.0734375 0.46484375 0.01875 0.04375
3 0.49375 0.34140625 0.0125 0.028125
3 0.58203125 0.31875 0.0109375 0.0265625
3 0.61171875 0.30703125 0.0125 0.028125
3 0.6328125 0.3 0.009375 0.01875
3 0.6546875 0.28984375 0.009375 0.01875
3 0.6859375 0.28125 0.009375 0.01875
3 0.73984375 0.2671875 0.0078125 0.0171875
3 0.809375 0.25390625 0.009375 0.01875
3 0.88359375 0.240625 0.0109375 0.021875
3 0.95 0.23046875 0.0109375 0.0203125
0 0.21640625 0.43828125 0.0203125 0.0328125
0 0.45625 0.3671875 0.0140625 0.0296875