0 0.0328125 0.7125 0.065625 0.26875
0 0.584375 0.534375 0.0734375 0.1265625
0 0.86796875 0.53828125 0.0546875 0.090625
0 0.9921875 0.46796875 0.015625 0.0328125
0 0.89140625 0.44609375 0.0171875 0.0296875
0 0.77890625 0.4203125 0.0203125 0.034375
0 0.66484375 0.396875 0.015625 0.028125
0 0.5828125 0.37421875 0.015625 0.03125
0 0.46796875 0.34609375 0.015625 0.0265625
0 0.3625 0.3234375 0.015625 0.0265625
0 0.21015625 0.33359375 0.0234375 0.0453125
0 0.13828125 0.33359375 0.0328125 0.0609375
0 0.26953125 0.30546875 0.015625 0.0265625
0 0.221875 0.33046875 0.021875 0.0421875
0 0.22265625 0.31484375 0.0203125 0.0390625
0 0.21328125 0.3015625 0.0171875 0.03125
3 0.0421875 0.26796875 0.0140625 0.034375
3 0.140625 0.275 0.0171875 0.03125
3 0.225 0.2875 0.0140625 0.0265625
3 0.40859375 0.3234375 0.015625 0.0296875
3 0.48359375 0.340625 0.015625 0.028125
3 0.55859375 0.3609375 0.0171875 0.028125
3 0.646875 0.38125 0.015625 0.0265625
3 0.73046875 0.39921875 0.015625 0.0296875
3 0.81953125 0.42109375 0.0171875 0.0296875
3 0.91171875 0.43984375 0.0171875 0.0296875
3 0.32109375 0.303125 0.0125 0.025