0 0.19035416666666669 0.5295555555555556 0.04851041666666667 0.11083333333333334
0 0.28536979166666665 0.44150925925925927 0.039609374999999995 0.07083333333333333
0 0.3577083333333333 0.3943425925925926 0.02363541666666667 0.055712962962962964
0 0.314046875 0.34517592592592594 0.012244791666666668 0.03436111111111111
0 0.3903020833333333 0.3491666666666667 0.01603125 0.037879629629629624
0 0.40336458333333336 0.3678703703703704 0.018093750000000002 0.04298148148148148
0 0.24416666666666667 0.34677777777777774 0.013302083333333332 0.0349537037037037
0 0.13980729166666667 0.3471666666666667 0.014302083333333333 0.03194444444444444
3 0.101171875 0.33869444444444446 0.011250000000000001 0.027685185185185184
3 0.21332812499999998 0.3376296296296296 0.01096875 0.025361111111111112
3 0.3461666666666667 0.33294444444444443 0.012630208333333334 0.02914814814814815
3 0.015411458333333333 0.3397314814814815 0.010687499999999999 0.02889814814814815
0 0.008432291666666668 0.35061111111111115 0.0134375 0.03601851851851852
3 0.4160052083333333 0.33012962962962966 0.012916666666666667 0.025425925925925928
3 0.4987291666666666 0.32893518518518516 0.012604166666666666 0.028537037037037038
3 0.5668854166666667 0.331 0.012364583333333333 0.031166666666666662
3 0.6171770833333333 0.33802777777777776 0.017140625 0.03621296296296296
3 0.6423229166666666 0.34797222222222224 0.017984375 0.03712037037037037
3 0.6573385416666666 0.3647037037037037 0.021046875 0.04878703703703703
3 0.7058333333333333 0.40617592592592594 0.03234375 0.06623148148148149
3 0.6930885416666667 0.27696296296296297 0.006286458333333333 0.01349074074074074
3 0.7087916666666667 0.2854351851851852 0.007072916666666667 0.016444444444444446
3 0.71865625 0.28079629629629627 0.004875 0.012814814814814815
1 0.806546875 0.2953703703703704 0.008729166666666668 0.03482407407407408
3 0.8431145833333333 0.3007592592592592 0.0065625 0.01912962962962963
3 0.8501718749999999 0.3042407407407407 0.009276041666666667 0.02050925925925926
3 0.8775572916666667 0.29636111111111113 0.006338541666666667 0.018814814814814815
3 0.8825572916666666 0.30653703703703705 0.008666666666666666 0.02375
3 0.9333125 0.30883333333333335 0.006765625 0.020462962962962964
3 0.9520989583333334 0.2967592592592593 0.008151041666666668 0.02353703703703704
3 0.9753020833333333 0.30377777777777776 0.0070572916666666674 0.02325925925925926
3 0.9799791666666666 0.3135740740740741 0.0076875 0.025851851851851855
3 0.8154427083333334 0.5270370370370371 0.06706770833333334 0.1363425925925926
1 0.9797760416666667 0.6076666666666667 0.039385416666666666 0.26961111111111113