3 0.7671875 0.51796875 0.0625 0.140625
3 0.634375 0.4203125 0.034375 0.0875
3 0.546875 0.38125 0.0265625 0.065625
3 0.49375 0.36015625 0.021875 0.05625
3 0.42109375 0.3515625 0.015625 0.046875
3 0.3296875 0.34609375 0.015625 0.040625
3 0.24140625 0.35 0.0125 0.034375
3 0.16015625 0.3546875 0.0125 0.028125
0 0.10390625 0.49453125 0.0484375 0.10625
0 0.1859375 0.41484375 0.028125 0.065625
0 0.20078125 0.3796875 0.015625 0.0453125
0 0.1484375 0.37265625 0.015625 0.0390625
3 0.04375 0.365625 0.0140625 0.04375
0 0.03203125 0.37421875 0.015625 0.0546875