0 0.2078125 0.56875 0.0578125 0.115625
3 0.83671875 0.50703125 0.0546875 0.1328125
3 0.646875 0.3328125 0.028125 0.0578125
3 0.54921875 0.2609375 0.0140625 0.0234375
3 0.53671875 0.24375 0.009375 0.01875
3 0.5453125 0.2359375 0.0078125 0.01875
0 0.359375 0.35390625 0.028125 0.0515625
0 0.4203125 0.27109375 0.0109375 0.028125
0 0.43984375 0.25078125 0.0078125 0.01875
0 0.45 0.24140625 0.00625 0.0171875
1 0.40546875 0.2828125 0.015625 0.046875
1 0.409375 0.2796875 0.0109375 0.05
1 0.57578125 0.2671875 0.015625 0.0515625
1 0.565625 0.26328125 0.0140625 0.0484375