0 0.2359375 0.58125 0.05 0.115625
0 0.4375 0.40703125 0.01875 0.046875
0 0.51953125 0.3671875 0.0140625 0.0328125
3 0.8375 0.51875 0.0515625 0.1234375
3 0.7140625 0.38984375 0.01875 0.053125
3 0.7203125 0.3640625 0.0171875 0.04375
3 0.74609375 0.35234375 0.0140625 0.040625
3 0.796875 0.3421875 0.015625 0.0359375
3 0.8953125 0.3359375 0.0171875 0.0375
0 0.609375 0.34296875 0.009375 0.03125
0 0.6828125 0.3296875 0.0125 0.0296875
0 0.07421875 0.44609375 0.0125 0.03125
0 0.209375 0.40234375 0.0078125 0.0296875
0 0.33671875 0.3671875 0.0109375 0.0296875
3 0.08515625 0.4296875 0.0109375 0.028125
3 0.04765625 0.42890625 0.0078125 0.021875