3 0.9421875 0.43984375 0.0953125 0.1984375
3 0.640625 0.23359375 0.046875 0.0890625
3 0.52734375 0.17890625 0.028125 0.059375
3 0.44453125 0.15390625 0.01875 0.0421875
3 0.39609375 0.14296875 0.015625 0.0375
3 0.3609375 0.13515625 0.015625 0.034375
0 0.084375 0.32421875 0.0484375 0.0890625
0 0.16640625 0.2390625 0.028125 0.0578125
0 0.19765625 0.19921875 0.01875 0.0421875
0 0.19921875 0.1828125 0.0171875 0.04375
0 0.0140625 0.24921875 0.0140625 0.0265625
0 0.02265625 0.23671875 0.0125 0.028125
3 0.3421875 0.13046875 0.0109375 0.025
3 0.33046875 0.12734375 0.0125 0.028125
3 0.31875 0.128125 0.009375 0.021875