0 0.24296875 0.41875 0.05 0.0859375
0 0.371875 0.33359375 0.0234375 0.0484375
0 0.43125 0.31015625 0.01875 0.040625
0 0.528125 0.30390625 0.0140625 0.0359375
0 0.6171875 0.303125 0.0109375 0.0203125
0 0.70703125 0.3078125 0.0109375 0.021875
0 0.771875 0.3171875 0.0078125 0.01875
3 0.66171875 0.43359375 0.0453125 0.0890625
3 0.58359375 0.34921875 0.021875 0.0484375
3 0.6 0.33046875 0.0171875 0.040625
3 0.64140625 0.325 0.015625 0.0375
3 0.7125 0.33046875 0.0125 0.028125
3 0.7921875 0.3359375 0.0125 0.028125
3 0.85078125 0.340625 0.0109375 0.0203125