3 0.9761510416666667 0.6796296296296296 0.047697916666666666 0.11388888888888889
3 0.611328125 0.5359814814814815 0.03716666666666667 0.11813888888888889
3 0.4940104166666667 0.46621296296296294 0.034421875000000005 0.08947222222222222
3 0.432640625 0.4310185185185185 0.023171875 0.05923148148148148
3 0.40114062500000003 0.40656481481481477 0.019067708333333332 0.0505462962962963
3 0.36112500000000003 0.3916759259259259 0.020494791666666668 0.04538888888888889
3 0.317515625 0.3795 0.01708854166666667 0.03747222222222222
3 0.28268229166666664 0.3755277777777778 0.015015625 0.03303703703703704
3 0.230125 0.3741759259259259 0.013052083333333332 0.028398148148148148
3 0.15610937500000002 0.378 0.013953125 0.03202777777777778
3 0.016 0.38864814814814813 0.011796875 0.029555555555555557
0 0.037807291666666666 0.3973055555555555 0.012723958333333334 0.028425925925925924
0 0.09192708333333334 0.39399999999999996 0.0125625 0.03212962962962963
0 0.11264583333333333 0.40579629629629627 0.012401041666666666 0.03732407407407408
0 0.12074479166666667 0.42553703703703705 0.019598958333333336 0.048388888888888884
0 0.06996354166666667 0.45004629629629633 0.025645833333333333 0.06197222222222223
3 0.08403125 0.3816574074074074 0.008901041666666666 0.025037037037037035
0 0.003463541666666667 0.5221111111111111 0.006927083333333334 0.03814814814814815