0 0.18984375 0.63828125 0.0921875 0.175
0 0.41953125 0.3484375 0.046875 0.078125
0 0.48515625 0.2984375 0.0234375 0.04375
0 0.51875 0.26875 0.01875 0.0296875
3 0.97109375 0.48515625 0.0578125 0.1953125
3 0.74453125 0.2953125 0.040625 0.0734375
3 0.68828125 0.259375 0.0296875 0.0484375
3 0.6640625 0.24609375 0.015625 0.0296875
3 0.66875 0.2328125 0.015625 0.0296875
0 0.55625 0.24609375 0.0140625 0.028125
3 0.68359375 0.21796875 0.0109375 0.0234375
3 0.69921875 0.209375 0.0125 0.0234375
3 0.88125 0.20390625 0.01875 0.0296875
3 0.8375 0.19765625 0.0125 0.0203125