3 0.834609375 0.5 0.052609375 0.10317592592592593
3 0.6943697916666667 0.4398148148148148 0.026604166666666665 0.07275
3 0.70590625 0.39814814814814814 0.018416666666666668 0.05555555555555555
3 0.7832760416666668 0.3736759259259259 0.019885416666666666 0.04100925925925926
3 0.9473177083333333 0.359787037037037 0.017614583333333333 0.044972222222222226
0 0.13416666666666668 0.6045 0.06393229166666667 0.14021296296296296
0 0.24353125 0.49074074074074076 0.04009895833333333 0.08730555555555557
0 0.307140625 0.43716666666666665 0.02 0.059527777777777784
0 0.4027395833333333 0.4041018518518519 0.014770833333333334 0.054231481481481485
0 0.5013177083333333 0.38491666666666663 0.016979166666666667 0.039685185185185184
0 0.6071666666666666 0.36542592592592593 0.015541666666666667 0.03654629629629629
0 0.755953125 0.3451666666666666 0.014614583333333332 0.037333333333333336
0 0.9164947916666667 0.3357407407407408 0.013510416666666667 0.04014814814814815
3 0.007697916666666666 0.39219444444444446 0.011921875 0.03306481481481482
3 0.18587499999999998 0.3769814814814815 0.009614583333333334 0.03175
3 0.35326562499999997 0.35780555555555554 0.008083333333333333 0.02512962962962963
3 0.280734375 0.36441666666666667 0.010333333333333333 0.02512962962962963
3 0.46634895833333334 0.33994444444444444 0.008057291666666667 0.021166666666666667
3 0.5466979166666667 0.3320092592592592 0.006552083333333333 0.018518518518518517
1 0.27031770833333335 0.3584629629629629 0.010338541666666668 0.042324074074074076
1 0.28966145833333334 0.35648148148148145 0.010333333333333333 0.03571296296296296
1 0.3220208333333333 0.3624351851851852 0.012557291666666666 0.04762037037037037
1 0.3450833333333333 0.3611111111111111 0.012552083333333333 0.044972222222222226
0 0.334296875 0.3736759259259259 0.008833333333333334 0.022490740740740738
0 0.4321302083333334 0.3584629629629629 0.008067708333333333 0.026453703703703705
0 0.5232604166666667 0.3412685185185185 0.008786458333333334 0.026453703703703705
0 0.573953125 0.33928703703703705 0.00803125 0.02512962962962963
0 0.6378333333333334 0.3306851851851852 0.007270833333333334 0.026453703703703705
0 0.21489062499999997 0.390212962962963 0.009604166666666667 0.03175