3 0.928125 0.84765625 0.0703125 0.1703125
3 0.7765625 0.4734375 0.0359375 0.0671875
3 0.69453125 0.39140625 0.021875 0.040625
3 0.63984375 0.35390625 0.01875 0.0296875
3 0.58125 0.33125 0.0140625 0.0265625
3 0.4828125 0.31640625 0.0125 0.0265625
3 0.409375 0.309375 0.0109375 0.0265625
3 0.34296875 0.31328125 0.0109375 0.025
3 0.2953125 0.3234375 0.0125 0.0265625
3 0.24453125 0.3390625 0.0125 0.0265625
3 0.16953125 0.35859375 0.015625 0.0328125
3 0.06015625 0.40625 0.015625 0.0328125
0 0.04453125 0.4703125 0.028125 0.0640625
0 0.20234375 0.5421875 0.05625 0.1109375
0 0.4296875 0.39375 0.0265625 0.0578125
0 0.51171875 0.35234375 0.01875 0.0359375
0 0.446875 0.334375 0.0203125 0.034375
0 0.3578125 0.33828125 0.01875 0.0375
0 0.23046875 0.36796875 0.0234375 0.04375