3 0.1 0.2671875 0.0203125 0.034375
3 0.29609375 0.29921875 0.0171875 0.03125
3 0.40078125 0.3125 0.01875 0.03125
3 0.48203125 0.32109375 0.0203125 0.03125
3 0.61015625 0.3359375 0.0171875 0.0296875
3 0.9796875 0.46953125 0.0375 0.05625
3 0.88046875 0.48203125 0.040625 0.065625
3 0.86953125 0.53359375 0.05625 0.090625
0 0.67578125 0.3546875 0.015625 0.0296875
0 0.45703125 0.33359375 0.015625 0.034375
0 0.56796875 0.34375 0.0171875 0.034375
0 0.946875 0.4234375 0.0265625 0.0421875
0 0.80859375 0.37109375 0.015625 0.025
0 0.734375 0.3609375 0.015625 0.028125
0 0.1859375 0.2984375 0.025 0.040625
0 0.321875 0.321875 0.021875 0.0390625
0 0.76796875 0.40390625 0.0234375 0.040625
0 0.640625 0.39375 0.0265625 0.0453125
0 0.52421875 0.39296875 0.03125 0.0515625
0 0.403125 0.403125 0.040625 0.06875
0 0.31015625 0.45390625 0.065625 0.10625
0 0.1109375 0.58671875 0.1296875 0.2078125
1 0.39140625 0.3015625 0.021875 0.04375
1 0.4125 0.30546875 0.0234375 0.0484375
1 0.4453125 0.3234375 0.0234375 0.05
1 0.471875 0.32578125 0.0296875 0.0578125