3 0.73984375 0.33046875 0.0109375 0.021875
3 0.72734375 0.334375 0.009375 0.0234375
3 0.715625 0.34453125 0.0109375 0.0234375
3 0.6890625 0.35859375 0.0140625 0.0328125
3 0.0296875 0.28515625 0.0109375 0.0265625
3 0.04296875 0.2984375 0.0125 0.03125
3 0.05703125 0.2921875 0.0125 0.028125
3 0.65546875 0.37109375 0.01875 0.0421875
3 0.61796875 0.39375 0.028125 0.0578125
3 0.51640625 0.4328125 0.0453125 0.0859375
3 0.5875 0.5421875 0.0703125 0.1546875
0 0.57421875 0.325 0.009375 0.021875
0 0.5453125 0.33359375 0.0109375 0.025
0 0.5203125 0.3421875 0.0109375 0.0265625
0 0.47578125 0.346875 0.0171875 0.034375
0 0.42421875 0.35 0.015625 0.034375
0 0.32734375 0.34921875 0.025 0.05
0 0.24921875 0.3515625 0.03125 0.0546875
0 0.09921875 0.37109375 0.0421875 0.06875
0 0.2 0.3125 0.01875 0.034375
1 0.67109375 0.35390625 0.021875 0.053125
1 0.48125 0.334375 0.021875 0.0515625
1 0.66328125 0.35625 0.0203125 0.05625
1 0.47109375 0.334375 0.021875 0.05625