0 0.059375 0.9359375 0.06875 0.128125
3 0.93359375 0.553125 0.05 0.121875
3 0.66640625 0.446875 0.0453125 0.08125
3 0.4921875 0.4015625 0.0234375 0.053125
3 0.35078125 0.4046875 0.021875 0.0359375
3 0.221875 0.440625 0.01875 0.0359375
3 0.15078125 0.46484375 0.0140625 0.03125
3 0.1453125 0.45234375 0.0109375 0.03125
3 0.21015625 0.41328125 0.0109375 0.0265625
3 0.259375 0.38359375 0.0109375 0.0234375
0 0.11796875 0.62578125 0.0375 0.0890625
0 0.0734375 0.56796875 0.01875 0.05625
0 0.01953125 0.56328125 0.0140625 0.0390625
0 0.00625 0.5484375 0.009375 0.034375
0 0.0421875 0.509375 0.009375 0.028125
1 0.06484375 0.471875 0.00625 0.028125
1 0.0703125 0.46640625 0.00625 0.028125
1 0.04765625 0.47734375 0.0078125 0.028125
1 0.04140625 0.478125 0.009375 0.0265625
0 0.07890625 0.47734375 0.0078125 0.0234375