3 0.75703125 0.60234375 0.059375 0.140625
3 0.5328125 0.43359375 0.03125 0.0578125
3 0.48359375 0.3875 0.015625 0.0359375
0 0.21484375 0.44140625 0.03125 0.065625
0 0.29375 0.38984375 0.01875 0.034375
0 0.34453125 0.36796875 0.0125 0.0296875
0 0.38515625 0.35859375 0.0109375 0.028125
3 0.478125 0.36875 0.0125 0.034375
3 0.48828125 0.36484375 0.0125 0.03125
3 0.5078125 0.36015625 0.0125 0.0265625
3 0.54140625 0.3609375 0.0140625 0.0265625
3 0.6 0.3640625 0.0125 0.0265625
3 0.66171875 0.371875 0.0109375 0.0265625
3 0.759375 0.3859375 0.0140625 0.0296875
3 0.86484375 0.4046875 0.0140625 0.0296875