0 0.32578125 0.56171875 0.0703125 0.1203125
0 0.45234375 0.40234375 0.0296875 0.05625
0 0.5171875 0.36015625 0.0203125 0.0390625
0 0.578125 0.334375 0.015625 0.03125
0 0.6515625 0.3140625 0.0125 0.0234375
0 0.68671875 0.30625 0.009375 0.021875
0 0.7171875 0.296875 0.0078125 0.0171875
3 0.88359375 0.47265625 0.0671875 0.1296875
3 0.7125 0.36875 0.0296875 0.053125
3 0.6953125 0.340625 0.0203125 0.0375
3 0.7171875 0.32265625 0.0171875 0.0328125
3 0.75625 0.309375 0.0140625 0.0265625
3 0.784375 0.30078125 0.0125 0.0265625
3 0.93125 0.29609375 0.0125 0.021875
3 0.92265625 0.290625 0.0109375 0.01875
3 0.809375 0.29375 0.00625 0.0140625