3 0.5515625 0.3234375 0.0140625 0.0265625
3 0.62265625 0.328125 0.0171875 0.0296875
0 0.484375 0.37578125 0.01875 0.0359375
0 0.4140625 0.378125 0.0171875 0.0328125
3 0.446875 0.34453125 0.0109375 0.0234375
0 0.321875 0.4203125 0.01875 0.034375
0 0.403125 0.4640625 0.0375 0.0671875
0 0.16875 0.8296875 0.0734375 0.1328125
0 0.1984375 0.50859375 0.0234375 0.04375
0 0.03671875 0.70859375 0.028125 0.0765625
3 0.0546875 0.60234375 0.01875 0.0390625
3 0.1484375 0.5078125 0.015625 0.028125
3 0.21484375 0.4546875 0.0109375 0.0234375
3 0.26171875 0.4203125 0.0125 0.021875
3 0.30625 0.39453125 0.0125 0.021875
3 0.37265625 0.36640625 0.0109375 0.0234375
3 0.69921875 0.35 0.0296875 0.046875
3 0.8390625 0.4234375 0.04375 0.0765625