0 0.10859375 0.66171875 0.096875 0.203125
0 0.4515625 0.465625 0.0453125 0.0921875
0 0.5875 0.4140625 0.028125 0.0625
0 0.60234375 0.38828125 0.021875 0.04375
0 0.4875 0.3734375 0.015625 0.04375
0 0.36875 0.36640625 0.015625 0.04375
0 0.21484375 0.3625 0.01875 0.040625
0 0.059375 0.36875 0.0203125 0.046875
3 0.0765625 0.35078125 0.015625 0.0375
3 0.22578125 0.35 0.0140625 0.0359375
3 0.34296875 0.35 0.0140625 0.03125
3 0.46875 0.35390625 0.0125 0.0359375
3 0.6125 0.35859375 0.015625 0.034375
3 0.740625 0.36875 0.0171875 0.0375
3 0.82890625 0.37890625 0.0171875 0.04375
3 0.90859375 0.39921875 0.025 0.05625
3 0.9859375 0.434375 0.028125 0.078125