0 0.2796875 0.6796875 0.096875 0.2
0 0.35078125 0.41484375 0.0359375 0.0703125
0 0.37578125 0.36796875 0.0171875 0.0296875
0 0.38125 0.3390625 0.0109375 0.021875
0 0.3359375 0.50859375 0.05 0.1171875
1 0.32109375 0.50546875 0.08125 0.2078125
1 0.3328125 0.459375 0.0703125 0.1703125
1 0.82734375 0.51171875 0.0703125 0.165625
1 0.7390625 0.45859375 0.059375 0.140625
3 0.7734375 0.5109375 0.046875 0.096875
3 0.659375 0.42578125 0.034375 0.0640625
3 0.56328125 0.3703125 0.01875 0.0375
3 0.51640625 0.34375 0.0125 0.0296875
3 0.94375 0.45234375 0.0203125 0.040625
3 0.81953125 0.4015625 0.015625 0.0296875
3 0.7625 0.375 0.0109375 0.0234375
0 0.93984375 0.421875 0.0125 0.028125
0 0.88359375 0.4 0.0109375 0.025
0 0.85625 0.384375 0.0078125 0.0203125
3 0.4984375 0.3265625 0.009375 0.0234375
3 0.50859375 0.321875 0.0109375 0.021875
3 0.75234375 0.3625 0.009375 0.0203125
0 0.396875 0.32265625 0.0109375 0.01875
0 0.41875 0.31640625 0.009375 0.015625