0 0.103125 0.57578125 0.0765625 0.15
0 0.190625 0.340625 0.025 0.0484375
0 0.34765625 0.34453125 0.0328125 0.053125
0 0.30859375 0.29140625 0.0203125 0.034375
0 0.396875 0.290625 0.0203125 0.034375
3 0.11640625 0.33046875 0.01875 0.0375
3 0.77890625 0.51328125 0.053125 0.0875
3 0.64375 0.35078125 0.0265625 0.04375
3 0.6046875 0.309375 0.01875 0.0328125
3 0.6 0.2890625 0.0140625 0.025
3 0.6109375 0.28125 0.0125 0.021875
3 0.23359375 0.28359375 0.015625 0.028125
0 0.35078125 0.2703125 0.0125 0.021875
0 0.459375 0.26875 0.0125 0.0234375
3 0.63359375 0.27734375 0.0109375 0.025