3 0.87578125 0.51015625 0.06875 0.11875
3 0.72578125 0.4296875 0.0359375 0.0828125
3 0.74296875 0.38515625 0.025 0.0625
3 0.83125 0.36484375 0.025 0.046875
0 0.08984375 0.5578125 0.084375 0.1609375
0 0.221875 0.44296875 0.053125 0.1
0 0.296875 0.38984375 0.028125 0.06875
0 0.40625 0.3625 0.021875 0.0609375
0 0.51796875 0.35 0.021875 0.0453125
0 0.63671875 0.3390625 0.0203125 0.0421875
0 0.803125 0.33125 0.0203125 0.0421875
0 0.98203125 0.3359375 0.01875 0.0453125
3 0.16875 0.3109375 0.0140625 0.0359375
3 0.35625 0.30625 0.0109375 0.028125
3 0.27578125 0.30625 0.0140625 0.0296875
3 0.48359375 0.296875 0.0109375 0.0234375
3 0.57265625 0.29609375 0.009375 0.0203125
1 0.2640625 0.29921875 0.015625 0.0484375
1 0.2859375 0.2984375 0.015625 0.040625
1 0.321875 0.3078125 0.01875 0.0546875
1 0.346875 0.30859375 0.01875 0.0515625
0 0.33359375 0.321875 0.0125 0.0265625
0 0.44296875 0.31484375 0.0109375 0.0296875
0 0.54609375 0.30390625 0.0125 0.0296875
0 0.60234375 0.30625 0.0109375 0.028125
0 0.67421875 0.303125 0.0109375 0.0296875
0 0.2 0.32890625 0.0140625 0.0359375