3 0.17265625 0.41015625 0.0140625 0.0265625
3 0.2484375 0.40234375 0.015625 0.028125
3 0.3046875 0.40078125 0.0140625 0.0296875
3 0.340625 0.4046875 0.015625 0.034375
3 0.38671875 0.4140625 0.0171875 0.0375
3 0.4328125 0.43125 0.021875 0.053125
3 0.47109375 0.45703125 0.028125 0.0625
3 0.553125 0.5015625 0.04375 0.0953125
3 0.728125 0.60703125 0.084375 0.1671875
3 0.02890625 0.43203125 0.0140625 0.0296875
0 0.04765625 0.4375 0.0140625 0.03125
0 0.1015625 0.43515625 0.015625 0.03125
0 0.11953125 0.4453125 0.015625 0.0359375
0 0.1234375 0.47109375 0.0234375 0.046875
0 0.06484375 0.50625 0.0328125 0.0609375