0 0.29296875 0.51875 0.0453125 0.084375
0 0.384375 0.43046875 0.025 0.046875
0 0.421875 0.3921875 0.0203125 0.0375
0 0.43359375 0.371875 0.0109375 0.0203125
3 0.70234375 0.43125 0.0390625 0.084375
3 0.6453125 0.3796875 0.028125 0.0546875
3 0.60234375 0.35546875 0.01875 0.0359375
3 0.56484375 0.33984375 0.0140625 0.025
3 0.8796875 0.33515625 0.01875 0.0421875
3 0.7578125 0.3203125 0.015625 0.0296875
3 0.696875 0.31484375 0.0109375 0.0234375
0 0.79765625 0.30078125 0.0109375 0.0203125
0 0.88046875 0.30625 0.0125 0.025
0 0.4296875 0.35703125 0.0078125 0.0140625
0 0.41875 0.35546875 0.009375 0.015625
0 0.3984375 0.3578125 0.00625 0.0125