3 0.2611145833333333 0.3533981481481482 0.009447916666666667 0.027777777777777776
3 0.23160416666666667 0.3672870370370371 0.014661458333333332 0.03086111111111111
3 0.20295833333333332 0.38580555555555557 0.018140625 0.04321296296296297
3 0.12397395833333333 0.4228425925925926 0.028578125 0.06789814814814815
3 0.20035416666666667 0.4699074074074074 0.04244270833333333 0.08487962962962962
3 0.4481614583333334 0.5023148148148148 0.04527604166666667 0.10339814814814816
3 0.9585104166666666 0.6512314814814815 0.08132291666666666 0.17900925925925928
1 0.24592708333333332 0.34876851851851853 0.012244791666666668 0.04321296296296297
1 0.23767708333333332 0.35185185185185186 0.014848958333333334 0.04937962962962963
1 0.05844791666666667 0.35725 0.015671875 0.047842592592592596
1 0.04542708333333333 0.35725 0.013838541666666667 0.05400925925925926