3 0.03985416666666666 0.38980555555555557 0.011572916666666665 0.033944444444444444
0 0.05103645833333333 0.3996388888888889 0.013015625 0.03663888888888889
3 0.13556249999999997 0.3821296296296296 0.010723958333333334 0.030999999999999996
0 0.145484375 0.3914814814814815 0.014484374999999999 0.03602777777777778
0 0.10117708333333333 0.48234259259259255 0.036619791666666665 0.09052777777777778
0 0.192515625 0.4442962962962963 0.024526041666666668 0.0630462962962963
0 0.20515624999999998 0.4133148148148148 0.01825 0.04763888888888889
0 0.19113541666666667 0.39282407407407405 0.015223958333333334 0.046287037037037036
3 0.20380208333333333 0.37473148148148144 0.0183125 0.036675925925925924
3 0.3514583333333333 0.3705648148148148 0.016723958333333334 0.033805555555555554
3 0.40616145833333334 0.37633333333333335 0.020166666666666666 0.039712962962962964
3 0.44193229166666664 0.38393518518518516 0.019052083333333334 0.04437962962962963
3 0.49255208333333333 0.3983518518518519 0.020395833333333332 0.05555555555555555
3 0.5416041666666668 0.4287685185185185 0.03078125 0.06690740740740742
3 0.5890833333333333 0.47709259259259257 0.03827604166666666 0.08441666666666667
3 0.726328125 0.5854259259259259 0.065984375 0.16028703703703706
3 0.27529687500000005 0.36995370370370373 0.014333333333333333 0.035500000000000004