3 0.7823802083333333 0.48842592592592593 0.03468229166666667 0.08101851851851852
3 0.65771875 0.3761574074074074 0.020984375 0.046296296296296294
3 0.5900208333333333 0.3385462962962963 0.014463541666666666 0.03125
3 0.52459375 0.32234259259259257 0.009890624999999998 0.024305555555555556
0 0.32442187499999997 0.45023148148148145 0.02742708333333333 0.07175925925925926
0 0.018026041666666666 0.7928240740740741 0.03605208333333333 0.12731481481481483
0 0.43886458333333334 0.3654351851851852 0.013109375000000001 0.03975925925925926
0 0.37746875 0.35748148148148146 0.00903125 0.03398148148148149
0 0.27907291666666667 0.3853148148148148 0.011453125 0.036148148148148145
0 0.14367708333333334 0.45471296296296293 0.014677083333333334 0.04337037037037037
3 0.00990625 0.5237499999999999 0.00975 0.03542592592592592
3 0.11155729166666667 0.44025000000000003 0.008098958333333333 0.027472222222222224
3 0.18433854166666666 0.40085185185185185 0.008083333333333333 0.023851851851851853
3 0.23434895833333333 0.3759166666666667 0.0073750000000000005 0.02312962962962963
3 0.28253125 0.35459259259259257 0.008604166666666666 0.022407407407407407
3 0.3492135416666667 0.3372407407407408 0.008619791666666666 0.022407407407407407
3 0.42260416666666667 0.32820370370370366 0.009041666666666667 0.028916666666666667