0 0.3060260416666667 0.5330648148148148 0.05347916666666667 0.12962962962962962
0 0.53628125 0.46693518518518523 0.030359375 0.08730555555555557
0 0.6378333333333334 0.4457685185185185 0.026614583333333334 0.07142592592592592
0 0.7546354166666667 0.4292314814814815 0.020635416666666666 0.054231481481481485
0 0.85209375 0.40475925925925926 0.016151041666666668 0.04762037037037037
0 0.872921875 0.3869074074074074 0.011682291666666667 0.03571296296296296
1 0.8007604166666666 0.39947222222222223 0.01913541666666667 0.0793611111111111
1 0.8175 0.4014537037037037 0.013927083333333333 0.06746296296296296
3 0.06423958333333334 0.39682407407407405 0.016338541666666668 0.042324074074074076
3 0.22642187500000002 0.3895462962962963 0.014812500000000001 0.03836111111111111
3 0.3067708333333333 0.38491666666666663 0.010328124999999999 0.03175
3 0.324625 0.3730185185185185 0.010505208333333333 0.02910185185185185
3 0.29970312499999996 0.36772222222222223 0.008098958333333333 0.03175
3 0.265484375 0.36574074074074076 0.00975 0.027777777777777776
3 0.24279166666666668 0.3611111111111111 0.007510416666666667 0.026453703703703705
0 0.8104322916666666 0.4126944444444444 0.013598958333333333 0.05555555555555555
0 0.9008229166666666 0.375 0.009442708333333332 0.027777777777777776
0 0.9246302083333333 0.36971296296296297 0.00990625 0.030425925925925926
0 0.9127239583333334 0.3604537037037037 0.006463541666666667 0.02512962962962963
0 0.854328125 0.3571388888888889 0.009145833333333332 0.026453703703703705
0 0.804109375 0.35582407407407407 0.0069010416666666664 0.023805555555555555
3 0.8710625000000001 0.35052777777777777 0.009890624999999998 0.026453703703703705
3 0.9283489583333334 0.35052777777777777 0.008416666666666666 0.026453703703703705
0 0.15909374999999998 0.4133611111111111 0.017057291666666665 0.051583333333333335
0 0.37521354166666665 0.39814814814814814 0.011796875 0.044972222222222226
0 0.465234375 0.39087037037037037 0.008802083333333332 0.03306481481481482
0 0.503921875 0.3809537037037037 0.007307291666666666 0.026453703703703705
0 0.46411979166666667 0.36639814814814814 0.006572916666666666 0.023805555555555555
0 0.4295260416666667 0.3584629629629629 0.007557291666666666 0.021166666666666667
0 0.40236979166666664 0.35250925925925924 0.006807291666666667 0.022490740740740738