3 0.79453125 0.55234375 0.0546875 0.0921875
3 0.68984375 0.40703125 0.0328125 0.053125
3 0.628125 0.353125 0.021875 0.0359375
3 0.5625 0.321875 0.015625 0.028125
0 0.32578125 0.4109375 0.04375 0.08125
0 0.4640625 0.34765625 0.021875 0.04375
0 0.40234375 0.32578125 0.0171875 0.0375
0 0.29296875 0.3328125 0.0203125 0.040625
0 0.1359375 0.37578125 0.025 0.0484375
3 0.10625 0.353125 0.0140625 0.03125
3 0.190625 0.328125 0.0140625 0.0265625
3 0.2484375 0.31328125 0.0125 0.0265625
3 0.303125 0.3015625 0.0140625 0.025
3 0.3765625 0.2984375 0.0140625 0.025
3 0.45546875 0.30546875 0.015625 0.0328125