0 0.28984375 0.4890625 0.06875 0.121875
0 0.5234375 0.4515625 0.04375 0.0796875
0 0.4234375 0.36484375 0.0203125 0.04375
0 0.71875 0.44140625 0.0328125 0.06875
0 0.94921875 0.4421875 0.028125 0.059375
0 0.7203125 0.37578125 0.0171875 0.0328125
0 0.6359375 0.36875 0.0203125 0.0390625
0 0.56484375 0.36640625 0.0203125 0.040625
0 0.75703125 0.375 0.0125 0.0265625
0 0.765625 0.36875 0.0109375 0.028125
0 0.7578125 0.35546875 0.009375 0.0234375
0 0.7984375 0.35859375 0.0125 0.025
0 0.87265625 0.3640625 0.0125 0.025
0 0.2578125 0.365625 0.0203125 0.0453125
0 0.040625 0.36875 0.028125 0.0578125
3 0.040625 0.334375 0.025 0.0421875
3 0.19765625 0.33671875 0.021875 0.04375
3 0.3140625 0.340625 0.01875 0.0359375
3 0.4828125 0.34296875 0.0171875 0.03125
3 0.59296875 0.35234375 0.0140625 0.0265625
3 0.62734375 0.3515625 0.0125 0.0265625
3 0.65 0.34609375 0.0109375 0.0203125
3 0.67421875 0.34296875 0.0109375 0.021875
3 0.7078125 0.34375 0.0109375 0.0203125
3 0.7671875 0.346875 0.009375 0.0203125
3 0.840625 0.3546875 0.009375 0.0203125
3 0.91953125 0.36484375 0.009375 0.0234375
3 0.990625 0.3734375 0.0109375 0.025
0 0.96640625 0.37890625 0.0140625 0.025
1 0.28046875 0.35 0.0328125 0.078125
1 0.24140625 0.34921875 0.03125 0.075
1 0.21640625 0.32890625 0.025 0.0625
1 0.18359375 0.325 0.0265625 0.0609375