0 0.464984375 0.5598518518518518 0.04525520833333333 0.1514537037037037
0 0.75165625 0.4596574074074074 0.03997916666666667 0.08862037037037036
0 0.9097500000000001 0.41732407407407407 0.028781249999999998 0.06746296296296296
0 0.9650208333333333 0.3773148148148148 0.013286458333333334 0.041666666666666664
0 0.8608697916666667 0.37037037037037035 0.011526041666666665 0.03395370370370371
0 0.7445625 0.36574074074074076 0.0115 0.03086111111111111
0 0.6473541666666667 0.3688240740740741 0.011473958333333334 0.03086111111111111
0 0.5366875 0.37037037037037035 0.010578124999999999 0.03086111111111111
0 0.43643750000000003 0.375 0.011421875 0.03395370370370371
0 0.3110208333333333 0.38039814814814815 0.014 0.03858333333333334
0 0.16303645833333333 0.38580555555555557 0.01309375 0.03395370370370371
0 0.041958333333333334 0.38734259259259257 0.013932291666666667 0.037037037037037035
3 0.952 0.36497222222222225 0.011020833333333334 0.03858333333333334
3 0.8417760416666666 0.3580277777777778 0.011520833333333334 0.03086111111111111
3 0.7489010416666667 0.3580277777777778 0.0115 0.03086111111111111
3 0.6469166666666666 0.3595648148148148 0.012343749999999999 0.03086111111111111
3 0.5418958333333334 0.3580277777777778 0.010583333333333333 0.03086111111111111
3 0.4524947916666667 0.3611111111111111 0.0105625 0.03086111111111111
3 0.3574583333333334 0.36342592592592593 0.01140625 0.032407407407407406
3 0.2533020833333333 0.37037037037037035 0.011380208333333334 0.03395370370370371
3 0.14307291666666666 0.3719166666666667 0.011354166666666667 0.03395370370370371
3 0.011578125 0.3726851851851852 0.012192708333333333 0.03549074074074074