3 0.19453125 0.45078125 0.015625 0.028125
3 0.2703125 0.43515625 0.01875 0.0296875
3 0.3265625 0.42734375 0.0171875 0.03125
3 0.36328125 0.42734375 0.0203125 0.0359375
3 0.4109375 0.43203125 0.021875 0.0390625
3 0.459375 0.44453125 0.0265625 0.0546875
3 0.5015625 0.4671875 0.0359375 0.065625
3 0.58828125 0.50234375 0.053125 0.1
3 0.7765625 0.58984375 0.1015625 0.1765625
3 0.05234375 0.4875 0.0171875 0.03125
0 0.07109375 0.4921875 0.01875 0.0328125
0 0.125 0.484375 0.01875 0.0328125
0 0.14453125 0.49140625 0.0203125 0.0375
0 0.15078125 0.5171875 0.028125 0.0484375
0 0.0953125 0.559375 0.0375 0.065625