3 0.13265625 0.3773148148148148 0.011213541666666667 0.02623148148148148
3 0.25590625 0.36419444444444443 0.009447916666666667 0.027777777777777776
3 0.39825 0.35648148148148145 0.009416666666666665 0.024694444444444446
3 0.5070104166666667 0.3472222222222222 0.00834375 0.020833333333333332
3 0.4080625 0.4664351851851852 0.027895833333333335 0.07407407407407407
3 0.7823645833333334 0.4762777777777778 0.036921875 0.09143518518518519
3 0.20854166666666665 0.45660185185185187 0.027291666666666665 0.06365740740740741
3 0.03538541666666666 0.45428703703703704 0.02603125 0.059027777777777776
0 0.37186458333333333 0.3445740740740741 0.00659375 0.019842592592592592
0 0.47676562499999997 0.3412685185185185 0.008057291666666667 0.021166666666666667
3 0.603609375 0.34325 0.00728125 0.022490740740740738