0 0.381859375 0.40613888888888894 0.021406249999999998 0.06786111111111111
3 0.883609375 0.49544444444444447 0.036859375 0.1087638888888889
3 0.7062578125 0.33429166666666665 0.015570312499999999 0.03991666666666666
3 0.5541875 0.2845277777777778 0.006554687500000001 0.02305555555555556
3 0.43219531250000004 0.27891666666666665 0.0065859375 0.018069444444444444
3 0.3084453125 0.293875 0.0073124999999999996 0.021819444444444447
3 0.1876796875 0.31755555555555554 0.006984374999999999 0.018069444444444444
3 0.1054765625 0.3424861111111111 0.008054687500000001 0.018069444444444444
0 0.419921875 0.3322083333333333 0.013593749999999998 0.04113888888888889
0 0.3671640625 0.30695833333333333 0.00975 0.03179166666666667
0 0.2432421875 0.3203611111111111 0.010828125 0.026180555555555558
0 0.121078125 0.3530833333333333 0.010499999999999999 0.02804166666666667
0 0.029046875 0.38425000000000004 0.01015625 0.02804166666666667