0 0.1634296875 0.5398472222222223 0.0445859375 0.10677777777777778
0 0.3542421875 0.4137777777777778 0.0224375 0.05190277777777778
0 0.512546875 0.3711388888888889 0.013703125 0.036333333333333336
0 0.6301640625 0.35668055555555556 0.011171875000000001 0.03113888888888889
0 0.73109375 0.350375 0.009484375 0.024472222222222225
0 0.79178125 0.34852777777777777 0.00821875 0.020763888888888887
3 0.7315078125000001 0.5650555555555555 0.0628671875 0.164625
3 0.682609375 0.4429166666666666 0.0297734375 0.06695833333333333
3 0.71634375 0.4024583333333333 0.0170390625 0.051541666666666666
3 0.78759375 0.38343055555555555 0.014851562500000002 0.04045833333333333
3 0.8562734375 0.375 0.0096953125 0.030347222222222223
3 0.8999062500000001 0.3725833333333333 0.008624999999999999 0.02359722222222222
3 0.9309296874999999 0.37283333333333335 0.0061796875 0.018305555555555554
0 0.8419296875000001 0.3498472222222222 0.006578125 0.014472222222222221