3 0.975578125 0.5469537037037038 0.048838541666666666 0.12830555555555556
3 0.5634374999999999 0.46428703703703705 0.03258333333333333 0.07672222222222222
3 0.24576562500000002 0.4695740740740741 0.03266145833333333 0.07142592592592592
3 0.045640625 0.4695740740740741 0.03121875 0.06878703703703705
3 0.22454166666666667 0.3765462962962963 0.010401041666666666 0.03395370370370371
3 0.3358541666666667 0.3653518518518518 0.008208333333333333 0.023916666666666666
3 0.42851041666666667 0.3603425925925926 0.008619791666666666 0.023148148148148147
3 0.48775 0.3568703703703704 0.006432291666666667 0.017750000000000002
3 0.51075 0.35108333333333336 0.006427083333333333 0.02160185185185185
0 0.390953125 0.3479907407407407 0.006421875 0.020064814814814817
0 0.38401041666666663 0.35377777777777775 0.006421875 0.023916666666666666
0 0.3646979166666667 0.3445185185185185 0.005989583333333334 0.017750000000000002
0 0.3037239583333333 0.3576388888888889 0.008177083333333333 0.02546296296296296
0 0.19675 0.3615 0.0069010416666666664 0.023916666666666666
3 0.07458333333333332 0.3854166666666667 0.011703125 0.03317592592592592