0 0.19609375 0.6015625 0.075 0.1234375
0 0.40703125 0.4125 0.0359375 0.0671875
0 0.4640625 0.3734375 0.0265625 0.0453125
0 0.4921875 0.3453125 0.01875 0.034375
0 0.46328125 0.33125 0.0109375 0.01875
0 0.484375 0.32734375 0.0140625 0.025
0 0.4359375 0.33515625 0.0109375 0.0203125
3 0.75546875 0.46015625 0.071875 0.11875
3 0.70078125 0.36953125 0.04375 0.071875
3 0.66796875 0.33203125 0.0234375 0.0421875
3 0.646875 0.3109375 0.01875 0.0328125
3 0.6140625 0.30234375 0.015625 0.0265625
3 0.57890625 0.3015625 0.0125 0.021875
3 0.5 0.31015625 0.009375 0.01875
3 0.53125 0.3078125 0.009375 0.0171875
3 0.8671875 0.29140625 0.01875 0.0328125
3 0.8078125 0.284375 0.0125 0.0234375
3 0.7609375 0.27890625 0.0125 0.0234375
3 0.740625 0.27265625 0.009375 0.01875
0 0.91328125 0.2703125 0.0140625 0.028125
0 0.8671875 0.26484375 0.0140625 0.0234375
3 0.7703125 0.25390625 0.0109375 0.021875
0 0.85 0.2578125 0.0109375 0.0203125