3 0.85859375 0.5296875 0.053125 0.1171875
3 0.48125 0.45703125 0.028125 0.08125
3 0.1625 0.45546875 0.0328125 0.075
3 0.1359375 0.3640625 0.015625 0.0328125
3 0.2546875 0.3578125 0.0109375 0.0296875
3 0.3515625 0.35390625 0.0140625 0.0265625
3 0.41484375 0.353125 0.009375 0.021875
3 0.4234375 0.34375 0.009375 0.01875
3 0.4375 0.346875 0.009375 0.021875
3 0.38671875 0.33671875 0.00625 0.015625
0 0.30546875 0.34609375 0.0109375 0.025
0 0.3125 0.33984375 0.009375 0.01875
0 0.28515625 0.33671875 0.0078125 0.01875
0 0.22109375 0.3484375 0.0140625 0.025
0 0.23671875 0.33203125 0.0078125 0.015625
0 0.178125 0.33125 0.009375 0.01875
0 0.10390625 0.35078125 0.0125 0.025