0 0.125 0.43125 0.0453125 0.090625
0 0.22578125 0.35078125 0.03125 0.0703125
0 0.34296875 0.31875 0.021875 0.0484375
0 0.4421875 0.3078125 0.01875 0.04375
0 0.5421875 0.30546875 0.01875 0.0375
0 0.63828125 0.31171875 0.0140625 0.0375
0 0.765625 0.328125 0.0171875 0.040625
3 0.8484375 0.6203125 0.096875 0.1953125
3 0.5796875 0.41875 0.0484375 0.096875
3 0.5234375 0.35859375 0.0328125 0.0625
3 0.58515625 0.3359375 0.0296875 0.0609375
3 0.696875 0.33984375 0.0234375 0.0546875
3 0.79765625 0.3484375 0.028125 0.0546875
3 0.91640625 0.3796875 0.0203125 0.046875
0 0.9109375 0.35859375 0.0171875 0.0421875