0 0.24609375 0.50234375 0.05625 0.1140625
0 0.2828125 0.4328125 0.0359375 0.0796875
0 0.15234375 0.39921875 0.03125 0.0625
0 0.028125 0.38359375 0.028125 0.0640625
3 0.04609375 0.3515625 0.0203125 0.040625
3 0.265625 0.37265625 0.028125 0.0515625
3 0.38671875 0.38203125 0.025 0.046875
3 0.5234375 0.39921875 0.025 0.0546875
3 0.63828125 0.4203125 0.028125 0.053125
3 0.74140625 0.453125 0.034375 0.0640625
3 0.83046875 0.5015625 0.046875 0.0859375
3 0.96953125 0.625 0.0546875 0.14375
3 0.99140625 0.4109375 0.0140625 0.0296875
3 0.9515625 0.3796875 0.0125 0.021875
3 0.828125 0.36015625 0.009375 0.0234375
3 0.81484375 0.36484375 0.0125 0.021875
3 0.7953125 0.3546875 0.0125 0.0234375
1 0.9421875 0.39375 0.021875 0.046875