0 0.021875 0.57890625 0.04375 0.084375
0 0.08203125 0.5234375 0.034375 0.0609375
0 0.1234375 0.49140625 0.0234375 0.0484375
0 0.10703125 0.47109375 0.0171875 0.0421875
0 0.0828125 0.465625 0.015625 0.0328125
0 0.02421875 0.478125 0.0203125 0.0328125
3 0.0046875 0.47421875 0.009375 0.0359375
3 0.0671875 0.45390625 0.0125 0.028125
3 0.1453125 0.4390625 0.01875 0.0328125
3 0.22421875 0.41875 0.0203125 0.0375
3 0.27890625 0.4140625 0.01875 0.0359375
3 0.31875 0.41328125 0.021875 0.0359375
3 0.36640625 0.41484375 0.028125 0.0484375
3 0.4109375 0.42578125 0.028125 0.053125
3 0.4484375 0.4421875 0.0390625 0.065625
3 0.5203125 0.4625 0.0515625 0.084375
3 0.63671875 0.503125 0.05625 0.1171875
3 0.953125 0.61328125 0.09375 0.2078125