0 0.1925546875 0.5915694444444445 0.06415625 0.14248611111111112
0 0.32125 0.4604722222222222 0.0230234375 0.06394444444444444
0 0.371859375 0.4074027777777778 0.0189609375 0.048777777777777774
0 0.41931250000000003 0.36883333333333335 0.0130390625 0.02834722222222222
0 0.43600000000000005 0.3484027777777778 0.007109374999999999 0.023069444444444445
1 0.3010390625 0.4532222222222222 0.0374765625 0.118
1 0.3318125 0.4275138888888889 0.0271015625 0.09954166666666667
1 0.6762890625 0.4350833333333333 0.044187500000000005 0.12525
1 0.636609375 0.41036111111111107 0.029976562499999998 0.09954166666666667
3 0.8182890625000001 0.5880277777777778 0.05015625 0.14502777777777778
3 0.617890625 0.3919027777777778 0.020710937500000002 0.052083333333333336
3 0.6518125 0.4400277777777778 0.020453125 0.07054166666666667
3 0.573953125 0.3533472222222222 0.011453125 0.028999999999999998
3 0.549671875 0.3398333333333333 0.007453125 0.023069444444444445
3 0.54225 0.32795833333333335 0.0073828125 0.02175
3 0.8099453125 0.3638888888888889 0.013453125 0.03031944444444444
3 0.7728671874999999 0.3434583333333333 0.0075078125 0.022416666666666668
3 0.788625 0.3315972222222222 0.0063984375 0.021097222222222222
3 0.9115390624999999 0.39520833333333333 0.014960937499999999 0.03888888888888889
0 0.9356640625000001 0.3750972222222222 0.011953125 0.025055555555555553
0 0.8900546874999999 0.3592777777777778 0.010453125 0.018458333333333334
0 0.8726328125 0.3480694444444445 0.006742187500000001 0.018458333333333334
0 0.45525000000000004 0.3333472222222222 0.0064843750000000006 0.01647222222222222