3 0.8359375 0.58984375 0.071875 0.1140625
3 0.72890625 0.51171875 0.046875 0.078125
3 0.6125 0.46484375 0.0390625 0.059375
3 0.48359375 0.42421875 0.0328125 0.053125
3 0.33515625 0.3875 0.0296875 0.0515625
3 0.2 0.36171875 0.0296875 0.0515625
0 0.1078125 0.534375 0.09375 0.15625
0 0.19375 0.4390625 0.0546875 0.09375
0 0.053125 0.3796875 0.040625 0.0765625
1 0.9296875 0.46171875 0.0265625 0.0578125
3 0.98046875 0.484375 0.0203125 0.0375
3 0.99375 0.4890625 0.0125 0.03125
3 0.7796875 0.403125 0.0125 0.0265625
3 0.7984375 0.4203125 0.0140625 0.028125
3 0.81328125 0.4171875 0.0125 0.0265625