3 0.7771718750000001 0.5156296296296297 0.060359375 0.12152777777777778
3 0.62646875 0.44039814814814815 0.03500520833333333 0.08217592592592593
3 0.5467239583333333 0.40567592592592594 0.025255208333333334 0.06597222222222222
3 0.460796875 0.3854166666666667 0.018765625 0.04861111111111111
3 0.3567395833333334 0.37663888888888886 0.017010416666666663 0.04337037037037037
3 0.260578125 0.3809722222222222 0.016625 0.04048148148148148
3 0.17234895833333336 0.38387037037037036 0.014203125 0.03903703703703704
3 0.04223958333333333 0.39290740740740737 0.016671875 0.04264814814814815
0 0.1341302083333333 0.4857962962962963 0.041859375000000004 0.09542592592592593
0 0.18292187499999998 0.42615740740740743 0.026395833333333334 0.06434259259259259
0 0.13859895833333333 0.40808333333333335 0.02234375 0.048435185185185185
0 0.010557291666666666 0.4166666666666667 0.021114583333333332 0.0582037037037037