3 0.8539479166666666 0.6177222222222222 0.08384895833333333 0.17725000000000002
3 0.4023645833333333 0.4913981481481482 0.046760416666666665 0.09920370370370371
3 0.16095312499999997 0.4675925925925926 0.03714583333333333 0.08862037037037036
3 0.08134895833333333 0.42394444444444446 0.025260416666666667 0.06746296296296296
3 0.15983854166666667 0.3875648148148148 0.02003125 0.04762037037037037
1 0.19404166666666667 0.35291666666666666 0.008786458333333334 0.05288888888888889
1 0.20083333333333334 0.3516111111111111 0.012088541666666668 0.05288888888888889
3 0.18743229166666667 0.3685925925925926 0.010255208333333333 0.028074074074074074
1 0.009286458333333332 0.3600462962962963 0.018572916666666665 0.060537037037037035
3 0.21685416666666668 0.35648148148148145 0.011151041666666667 0.03347222222222222
3 0.239890625 0.3401018518518519 0.007536458333333333 0.0235
3 0.24709895833333334 0.3319074074074074 0.007536458333333333 0.02421296296296296
3 0.2595208333333333 0.32513888888888887 0.008489583333333333 0.022083333333333333
3 0.23688541666666665 0.3194444444444444 0.008083333333333333 0.022083333333333333
3 0.19883333333333333 0.32336111111111115 0.009677083333333333 0.022796296296296297
0 0.04780729166666667 0.36360185185185184 0.010385416666666668 0.030629629629629628