1 0.0203125 0.48515625 0.040625 0.2203125
3 0.06953125 0.2609375 0.015625 0.028125
0 0.1125 0.28125 0.01875 0.0359375
0 0.18125 0.4546875 0.065625 0.10625
0 0.26796875 0.39921875 0.0484375 0.0765625
0 0.33671875 0.36875 0.0359375 0.0640625
0 0.3734375 0.33515625 0.0234375 0.0421875
0 0.384375 0.35546875 0.028125 0.0453125
3 0.40234375 0.31953125 0.01875 0.0328125
3 0.32734375 0.30859375 0.015625 0.0328125
0 0.2953125 0.31484375 0.01875 0.0359375
0 0.221875 0.29765625 0.0171875 0.0390625
3 0.1890625 0.28125 0.015625 0.03125
3 0.4890625 0.33828125 0.01875 0.03125
3 0.55625 0.35390625 0.0203125 0.040625
3 0.603125 0.371875 0.0203125 0.0359375
3 0.62421875 0.3875 0.021875 0.040625
3 0.63359375 0.40546875 0.0296875 0.0546875
3 0.6640625 0.44765625 0.0390625 0.0703125
3 0.71484375 0.553125 0.06875 0.1171875
1 0.79140625 0.6109375 0.1046875 0.2546875
1 0.82578125 0.6734375 0.1328125 0.2890625
3 0.78984375 0.68515625 0.078125 0.1796875
3 0.878125 0.3984375 0.0125 0.0234375
3 0.846875 0.38984375 0.0125 0.0203125
1 0.8078125 0.3703125 0.0171875 0.0375
3 0.92890625 0.4109375 0.0109375 0.0234375
3 0.953125 0.40234375 0.0109375 0.01875
3 0.97421875 0.4265625 0.0125 0.021875
3 0.9734375 0.41796875 0.0109375 0.0203125
3 0.99453125 0.42265625 0.0109375 0.0234375
3 0.696875 0.3296875 0.0109375 0.0203125
3 0.7109375 0.3390625 0.009375 0.0140625
3 0.72265625 0.33671875 0.009375 0.0171875