0 0.12578125 0.39609375 0.04375 0.0734375
0 0.196875 0.36875 0.028125 0.053125
0 0.20390625 0.34140625 0.0203125 0.0421875
0 0.18671875 0.32890625 0.01875 0.040625
0 0.13671875 0.31796875 0.0171875 0.0328125
0 0.040625 0.3171875 0.01875 0.034375
3 0.0234375 0.30859375 0.015625 0.0328125
3 0.121875 0.309375 0.0140625 0.0328125
3 0.19140625 0.3140625 0.0140625 0.0359375
3 0.26796875 0.315625 0.0171875 0.0359375
3 0.34609375 0.32109375 0.015625 0.034375
3 0.4015625 0.33046875 0.01875 0.0375
3 0.4390625 0.34140625 0.0203125 0.040625
3 0.48671875 0.36015625 0.0234375 0.05
3 0.53203125 0.38984375 0.0265625 0.0640625
3 0.575 0.4296875 0.0390625 0.08125
3 0.66953125 0.51328125 0.0609375 0.1203125
3 0.9125 0.7546875 0.11875 0.2671875