0 0.21953125 0.54140625 0.0703125 0.1484375
0 0.40859375 0.3703125 0.0296875 0.0609375
0 0.475 0.31640625 0.015625 0.0421875
0 0.521875 0.30234375 0.0109375 0.0296875
0 0.60390625 0.28671875 0.015625 0.0296875
0 0.68203125 0.28359375 0.0125 0.0265625
3 0.85859375 0.5109375 0.0671875 0.140625
3 0.68046875 0.36328125 0.025 0.05625
3 0.64140625 0.321875 0.0140625 0.0390625
3 0.659375 0.30390625 0.0140625 0.0359375
3 0.6953125 0.3 0.015625 0.034375
3 0.7609375 0.29765625 0.0109375 0.028125
3 0.8359375 0.3 0.009375 0.03125