3 0.58203125 0.46953125 0.0546875 0.1046875
3 0.3078125 0.5015625 0.0640625 0.103125
3 0.22265625 0.465625 0.0484375 0.0734375
3 0.29453125 0.40703125 0.0296875 0.0515625
3 0.3203125 0.37578125 0.021875 0.0421875
1 0.3234375 0.35625 0.0203125 0.05
1 0.33046875 0.35546875 0.0234375 0.05
0 0.01484375 0.478125 0.025 0.04375
0 0.10546875 0.440625 0.0203125 0.0375
1 0.1421875 0.4109375 0.0265625 0.0515625
3 0.34765625 0.35703125 0.01875 0.034375
3 0.365625 0.33515625 0.0140625 0.0296875
3 0.38125 0.31640625 0.0140625 0.0265625
3 0.37109375 0.32265625 0.015625 0.0265625
3 0.35859375 0.31484375 0.0109375 0.01875
1 0.153125 0.4046875 0.028125 0.05625
0 0.19140625 0.39921875 0.015625 0.0296875
0 0.21171875 0.3875 0.0171875 0.03125
3 0.32421875 0.3234375 0.0125 0.025
3 0.27421875 0.334375 0.0109375 0.0234375
3 0.23125 0.3484375 0.0109375 0.0203125