3 0.78515625 0.5875 0.0609375 0.1265625
3 0.55859375 0.43359375 0.0390625 0.0765625
3 0.434375 0.38515625 0.0203125 0.040625
3 0.34375 0.37265625 0.0125 0.028125
3 0.30703125 0.36796875 0.0078125 0.01875
3 0.29765625 0.3609375 0.0078125 0.015625
0 0.17265625 0.425 0.009375 0.021875
0 0.18203125 0.44921875 0.0140625 0.0359375
0 0.17734375 0.52890625 0.028125 0.0609375
0 0.12109375 0.44296875 0.0078125 0.0234375
0 0.1109375 0.4609375 0.0125 0.0234375
0 0.06875 0.5171875 0.015625 0.0375
0 0.0359375 0.86484375 0.0203125 0.084375