1 0.8671875 0.46953125 0.0859375 0.253125
1 0.7109375 0.41015625 0.0640625 0.175
1 0.13046875 0.584375 0.0859375 0.2328125
3 0.77578125 0.47109375 0.0625 0.1375
3 0.58359375 0.37109375 0.0328125 0.071875
3 0.45859375 0.32578125 0.0171875 0.0390625
3 0.40546875 0.309375 0.0109375 0.025
0 0.19609375 0.475 0.0328125 0.0828125
0 0.25 0.37890625 0.0171875 0.0421875
0 0.26171875 0.34375 0.0140625 0.03125
3 0.89375 0.30625 0.021875 0.05
3 0.74140625 0.2828125 0.015625 0.0421875
3 0.66953125 0.2703125 0.0125 0.0296875
3 0.65546875 0.26015625 0.009375 0.0265625
0 0.86640625 0.271875 0.0125 0.0359375
0 0.79921875 0.26171875 0.0109375 0.0296875
0 0.2796875 0.32109375 0.009375 0.0203125
3 0.38671875 0.296875 0.0125 0.0296875
3 0.39765625 0.290625 0.0109375 0.0296875
0 0.76484375 0.25546875 0.0109375 0.0296875
3 0.4234375 0.27890625 0.009375 0.0234375
0 0.95390625 0.28203125 0.015625 0.04375