0 0.20832812500000003 0.5868055555555556 0.0390234375 0.1259861111111111
0 0.3520078125 0.4340277777777778 0.018351562499999998 0.05456944444444444
0 0.3986015625 0.38640277777777776 0.00996875 0.034722222222222224
0 0.4192421875 0.3645833333333333 0.006617187500000001 0.022819444444444444
0 0.42621875 0.3541666666666667 0.0060546875 0.01984722222222222
3 0.8153984375000001 0.5347222222222222 0.037765625000000004 0.1111111111111111
3 0.6566562499999999 0.41815277777777776 0.019390625 0.06051388888888889
3 0.5930546875 0.37897222222222227 0.009359375 0.03769444444444445
3 0.559015625 0.3571388888888889 0.007140625 0.025791666666666668
3 0.5341875 0.34573611111111113 0.0065859375 0.018847222222222224
3 0.8968906249999999 0.4105 0.015375 0.058638888888888886
3 0.769296875 0.3711388888888889 0.017140625 0.04475
3 0.7163515625 0.35184722222222226 0.0102109375 0.03086111111111111
3 0.69421875 0.3441388888888889 0.009343750000000001 0.03086111111111111
3 0.662640625 0.33873611111111107 0.006750000000000001 0.026236111111111113
0 0.8930234374999999 0.3729583333333333 0.009984375 0.028597222222222222
0 0.8293828124999999 0.3566111111111111 0.0076953125 0.026958333333333334
0 0.789171875 0.34681944444444446 0.0072499999999999995 0.02369444444444444
0 0.05965625 0.4358611111111111 0.01053125 0.041666666666666664
0 0.09274218749999999 0.4121666666666667 0.007765625 0.028597222222222222
0 0.0913671875 0.39991666666666664 0.0059296875 0.022055555555555557
0 0.08102343749999999 0.3933888888888889 0.006390625 0.022055555555555557
0 0.420140625 0.3472222222222222 0.0053906250000000005 0.02123611111111111
3 0.50790625 0.34068055555555554 0.007203125 0.02123611111111111
3 0.48218750000000005 0.3365972222222222 0.0063203124999999995 0.01961111111111111
0 0.7393125 0.3370138888888889 0.00678125 0.020430555555555556