0 0.17265625 0.46171875 0.0984375 0.1546875
0 0.478125 0.37265625 0.04375 0.071875
0 0.63984375 0.36328125 0.0265625 0.046875
0 0.75 0.375 0.021875 0.040625
0 0.803125 0.37890625 0.015625 0.03125
0 0.83515625 0.3828125 0.015625 0.028125
0 0.86328125 0.38671875 0.0125 0.028125
3 0.86484375 0.6625 0.1015625 0.1703125
3 0.825 0.496875 0.0546875 0.0890625
3 0.859375 0.44609375 0.0375 0.065625
3 0.91328125 0.43515625 0.021875 0.040625
3 0.934375 0.43046875 0.021875 0.0359375
3 0.94921875 0.42734375 0.0171875 0.0296875