1 0.04453125 0.66328125 0.0875 0.2328125
0 0.228125 0.5625 0.059375 0.1015625
0 0.29140625 0.46953125 0.04375 0.075
0 0.346875 0.40859375 0.0296875 0.0546875
0 0.38515625 0.375 0.021875 0.040625
0 0.36796875 0.36171875 0.021875 0.040625
1 0.94375 0.52578125 0.1125 0.3328125
1 0.90546875 0.47890625 0.125 0.2625
3 0.93359375 0.54296875 0.1046875 0.203125
3 0.77578125 0.43515625 0.0625 0.11875
3 0.68203125 0.35078125 0.0390625 0.0703125
3 0.63125 0.325 0.03125 0.0484375
3 0.61640625 0.30625 0.03125 0.0484375
3 0.59140625 0.3015625 0.0203125 0.0328125
3 0.53984375 0.3078125 0.021875 0.0359375
3 0.471875 0.3203125 0.01875 0.034375
3 0.65546875 0.2265625 0.009375 0.01875
3 0.67109375 0.23125 0.0109375 0.01875
3 0.68203125 0.22578125 0.009375 0.0171875
3 0.94375 0.2046875 0.0140625 0.0234375
3 0.8984375 0.2109375 0.0140625 0.025
3 0.940625 0.19609375 0.0125 0.025
3 0.8484375 0.21875 0.0109375 0.021875
3 0.84453125 0.21015625 0.0109375 0.0203125
3 0.77578125 0.20859375 0.009375 0.0171875
1 0.771875 0.221875 0.015625 0.0359375
3 0.38671875 0.33671875 0.015625 0.028125
3 0.315625 0.35390625 0.015625 0.0296875
3 0.184375 0.3890625 0.0140625 0.0265625
3 0.06796875 0.41484375 0.0171875 0.0328125
0 0.11484375 0.41640625 0.0140625 0.0296875
0 0.21796875 0.39140625 0.015625 0.0296875
0 0.290625 0.3734375 0.021875 0.0390625