0 0.053760416666666665 0.6383240740740741 0.09506250000000001 0.1804537037037037
0 0.247421875 0.4898611111111111 0.05097395833333333 0.10948148148148147
0 0.3845208333333333 0.43243518518518514 0.030354166666666668 0.08363888888888889
0 0.248390625 0.3745740740740741 0.017020833333333332 0.04108333333333333
0 0.40881249999999997 0.36497222222222225 0.012880208333333334 0.034870370370370364
0 0.40024479166666665 0.32737037037037037 0.007322916666666667 0.01676851851851852
0 0.40798958333333335 0.3294074074074074 0.004901041666666666 0.014555555555555556
0 0.4250989583333334 0.33102777777777775 0.008177083333333333 0.01687962962962963
0 0.44100520833333334 0.3239722222222222 0.004786458333333333 0.016101851851851853
0 0.44841145833333335 0.33337962962962964 0.007416666666666667 0.021324074074074075
0 0.48013541666666665 0.33946296296296297 0.011583333333333333 0.024305555555555556
0 0.48994270833333337 0.3204537037037037 0.005052083333333333 0.0135
0 0.481484375 0.3582314814814815 0.010895833333333334 0.03205555555555555
0 0.5107916666666666 0.34067592592592594 0.004880208333333333 0.02115740740740741
0 0.51353125 0.3494907407407407 0.007765625 0.02824074074074074
0 0.5311875 0.3986851851851852 0.026140624999999997 0.06075925925925926
0 0.655734375 0.3191481481481482 0.007609375 0.01927777777777778
0 0.6079270833333333 0.3861481481481482 0.020651041666666665 0.05475925925925926
0 0.7092395833333334 0.3753240740740741 0.01766145833333333 0.04338888888888889
0 0.731015625 0.3189444444444444 0.009296875000000001 0.01812037037037037
1 0.757 0.3541666666666667 0.0164375 0.06484259259259259
1 0.7732083333333333 0.3551388888888889 0.013619791666666665 0.055657407407407405
0 0.7675104166666666 0.37047222222222226 0.006953125 0.03599074074074074
0 0.7950625 0.3190277777777778 0.005953125 0.016953703703703703
0 0.8129479166666667 0.36250925925925925 0.013239583333333334 0.032601851851851854
0 0.8410781249999999 0.3182314814814815 0.0066145833333333326 0.019953703703703703
0 0.8391979166666667 0.3477314814814815 0.011182291666666667 0.030268518518518518
0 0.8705833333333334 0.3366574074074074 0.009072916666666668 0.024962962962962965
3 0.8621770833333334 0.31253703703703706 0.007234375 0.019018518518518518
3 0.9178802083333333 0.3129351851851852 0.008723958333333334 0.02125925925925926
3 0.9856145833333334 0.3145 0.010765625000000001 0.022685185185185187
3 0.9848281249999999 0.42412962962962963 0.030338541666666666 0.07910185185185185
3 0.8833958333333333 0.4875277777777777 0.06685416666666667 0.13590740740740742
3 0.6970989583333334 0.3141203703703704 0.007307291666666666 0.018462962962962966
3 0.7693177083333332 0.31399074074074074 0.007052083333333333 0.01710185185185185
3 0.64309375 0.3139074074074074 0.007432291666666666 0.0185
3 0.5870260416666666 0.31421296296296297 0.005416666666666667 0.016453703703703703
3 0.5456614583333333 0.31516666666666665 0.007395833333333333 0.018083333333333333
3 0.50509375 0.31574074074074077 0.007557291666666666 0.017037037037037035
3 0.45716666666666667 0.3167962962962963 0.006765625 0.015851851851851853
3 0.33942187500000004 0.34551851851851856 0.008557291666666666 0.022444444444444444
3 0.347703125 0.35437962962962966 0.009661458333333334 0.027842592592592592
3 0.36109375 0.34767592592592594 0.008770833333333334 0.02484259259259259
3 0.36012500000000003 0.32072222222222224 0.008374999999999999 0.019407407407407408
3 0.3080989583333333 0.3409537037037037 0.009895833333333333 0.01991666666666667
3 0.28800000000000003 0.3410925925925926 0.011130208333333334 0.018546296296296297
3 0.286515625 0.3652592592592593 0.010848958333333332 0.024074074074074074
3 0.25893229166666665 0.3303425925925926 0.010135416666666668 0.021916666666666668
3 0.1619375 0.36712962962962964 0.013713541666666666 0.034499999999999996
3 0.04244270833333333 0.3703888888888889 0.012770833333333334 0.03909259259259259
0 0.052125 0.3874814814814815 0.013567708333333334 0.04691666666666667
0 0.8994322916666667 0.32833333333333337 0.009828125 0.022296296296296293
0 0.8938802083333334 0.32270370370370366 0.008416666666666666 0.01852777777777778