0 0.1765625 0.6078125 0.053125 0.1375
0 0.44453125 0.42734375 0.0234375 0.0734375
0 0.58359375 0.36953125 0.01875 0.05625
0 0.73515625 0.33203125 0.015625 0.046875
0 0.8625 0.32421875 0.0171875 0.0453125
3 0.9359375 0.6109375 0.0703125 0.1765625
3 0.8671875 0.48203125 0.04375 0.11875
3 0.88671875 0.41328125 0.0296875 0.084375
3 0.98828125 0.378125 0.0140625 0.071875
0 0.98515625 0.33203125 0.0140625 0.0640625
0 0.15078125 0.42109375 0.0171875 0.0453125
0 0.2953125 0.371875 0.01875 0.05
3 0.21875 0.37265625 0.0109375 0.0328125
3 0.1078125 0.41328125 0.015625 0.0390625