0 0.2916484375 0.48333333333333334 0.0420859375 0.09722222222222222
0 0.4849140625 0.38681944444444444 0.021859375 0.05594444444444445
0 0.594140625 0.35620833333333335 0.013515625 0.04116666666666667
0 0.640734375 0.3424861111111111 0.0093515625 0.03272222222222222
3 0.7633125 0.4928888888888889 0.03603125 0.10554166666666666
3 0.7455078125 0.4095138888888889 0.027726562500000003 0.06543055555555556
3 0.7698437499999999 0.36887499999999995 0.013468749999999998 0.034833333333333334
3 0.7778984375 0.3514861111111111 0.0088125 0.024722222222222222
3 0.9625937499999999 0.37525000000000003 0.0081015625 0.0355
3 0.91696875 0.3555972222222222 0.009 0.025361111111111112
0 0.37021875 0.348 0.00715625 0.025361111111111112
0 0.301765625 0.3511666666666667 0.007867187500000001 0.025361111111111112
0 0.24596874999999999 0.35401388888888885 0.005359375 0.023458333333333335
3 0.40746874999999994 0.3334166666666667 0.0074375 0.021555555555555553
3 0.8971640624999999 0.34197222222222223 0.0058125 0.01838888888888889
0 0.6697109375 0.33468055555555554 0.007789062500000001 0.020277777777777777