0 0.20078125 0.8953125 0.1703125 0.209375
0 0.16171875 0.5 0.0265625 0.04375
0 0.1453125 0.5421875 0.03125 0.0546875
0 0.18671875 0.5578125 0.0421875 0.0703125
0 0.234375 0.584375 0.0625 0.1015625
0 0.20390625 0.46640625 0.01875 0.034375
0 0.25078125 0.43515625 0.01875 0.034375
0 0.4390625 0.34375 0.015625 0.0203125
3 0.43203125 0.3765625 0.0203125 0.0328125
3 0.4265625 0.3953125 0.025 0.0453125
3 0.509375 0.3859375 0.046875 0.0703125
3 0.53203125 0.3328125 0.01875 0.028125
3 0.6109375 0.296875 0.021875 0.03125
3 0.6609375 0.278125 0.015625 0.0328125
3 0.70078125 0.37578125 0.0546875 0.0921875
3 0.72421875 0.253125 0.015625 0.0234375
3 0.7796875 0.2359375 0.0109375 0.0203125
1 0.7671875 0.234375 0.01875 0.0359375
1 0.78828125 0.22890625 0.0171875 0.034375
3 0.83046875 0.21875 0.0140625 0.025
3 0.89140625 0.19921875 0.009375 0.01875
0 0.36953125 0.3734375 0.0140625 0.025