0 0.0885625 0.7347222222222223 0.07815625000000001 0.20277777777777778
0 0.44788281249999995 0.43333333333333335 0.038921875 0.09444444444444444
0 0.610359375 0.3763888888888889 0.0201328125 0.04722222222222222
0 0.731828125 0.35625 0.016609375000000003 0.0375
3 0.8751953125 0.4986111111111111 0.0408203125 0.08888888888888889
3 0.8715468749999999 0.42015277777777776 0.027828125 0.06291666666666666
3 0.91578125 0.39629166666666665 0.020703125 0.04161111111111111
3 0.9722890625 0.3886805555555556 0.0150078125 0.03247222222222222
0 0.8298828125 0.35265277777777776 0.0095703125 0.029430555555555557
0 0.8806796875 0.3496111111111111 0.0095625 0.029430555555555557
0 0.9152109375 0.3546944444444444 0.0066953125 0.02334722222222222
3 0.99703125 0.38005555555555554 0.0059296875 0.025374999999999998