0 0.109375 0.4 0.071875 0.1171875
0 0.1359375 0.22890625 0.0203125 0.034375
0 0.221875 0.2515625 0.04375 0.071875
0 0.05859375 0.275 0.0296875 0.046875
3 0.00703125 0.284375 0.0140625 0.040625
3 0.06640625 0.24453125 0.0203125 0.0328125
0 0.20625 0.184375 0.0234375 0.0375
0 0.290625 0.18828125 0.0328125 0.05625
0 0.3828125 0.146875 0.025 0.04375
0 0.4515625 0.12265625 0.01875 0.034375
0 0.4859375 0.1125 0.0171875 0.034375
3 0.52109375 0.15390625 0.0359375 0.0609375
3 0.578125 0.12265625 0.0296875 0.046875
3 0.58828125 0.1828125 0.0453125 0.078125
3 0.61171875 0.0984375 0.021875 0.0375
3 0.63671875 0.0921875 0.021875 0.04375
3 0.7328125 0.25859375 0.06875 0.1359375