0 0.334375 0.45234375 0.0671875 0.115625
0 0.64140625 0.4015625 0.034375 0.0625
0 0.18359375 0.2296875 0.0296875 0.05
0 0.29765625 0.215625 0.0203125 0.034375
0 0.34609375 0.2125 0.0140625 0.0265625
3 0.13203125 0.17578125 0.015625 0.0265625
3 0.9625 0.4390625 0.025 0.0375
3 0.84921875 0.37734375 0.0171875 0.0296875
3 0.7671875 0.33828125 0.015625 0.0265625
0 0.73984375 0.39453125 0.0234375 0.046875
0 0.7359375 0.36796875 0.0203125 0.0390625
0 0.68203125 0.32734375 0.015625 0.0296875
0 0.653125 0.303125 0.0125 0.025
1 0.63828125 0.284375 0.015625 0.028125
0 0.3859375 0.209375 0.0109375 0.0203125
0 0.40625 0.21171875 0.009375 0.0171875