1 0.83984375 0.56015625 0.06875 0.25
1 0.68828125 0.48984375 0.053125 0.1734375
1 0.096875 0.6234375 0.0703125 0.228125
3 0.7484375 0.5546875 0.053125 0.134375
3 0.5640625 0.4421875 0.028125 0.0703125
3 0.4421875 0.3875 0.0140625 0.0390625
3 0.390625 0.36796875 0.009375 0.025
0 0.16953125 0.51875 0.028125 0.08125
0 0.23125 0.42734375 0.0140625 0.040625
0 0.24609375 0.39296875 0.0125 0.0296875
3 0.878125 0.4 0.01875 0.0484375
3 0.72734375 0.365625 0.0125 0.0421875
3 0.6578125 0.34765625 0.0109375 0.0296875
3 0.64375 0.3375 0.0078125 0.0265625
0 0.853125 0.36328125 0.009375 0.0359375
0 0.78671875 0.34921875 0.009375 0.0296875
0 0.2640625 0.37109375 0.0078125 0.0203125
3 0.37265625 0.3546875 0.009375 0.0296875
3 0.384375 0.35 0.009375 0.0296875
0 0.75234375 0.33984375 0.009375 0.0296875
3 0.41015625 0.3390625 0.0078125 0.0234375
0 0.9390625 0.37890625 0.0125 0.04375