0 0.16034375 0.748013888888889 0.05354687500000001 0.18651388888888887
0 0.23830468749999997 0.5078333333333334 0.0270546875 0.08113888888888889
0 0.197171875 0.47123611111111113 0.0189453125 0.06151388888888889
0 0.1578359375 0.4518888888888889 0.0128125 0.04463888888888889
0 0.1804296875 0.42609722222222224 0.007789062500000001 0.034722222222222224
0 0.22395312500000003 0.4027777777777778 0.008890625000000001 0.027777777777777776
3 0.6787890625 0.44175 0.0219921875 0.06801388888888889
3 0.5122656250000001 0.4084583333333333 0.015492187499999999 0.04672222222222222
3 0.4355703125 0.3926805555555556 0.01125 0.04040277777777778
3 0.44302343750000006 0.3794166666666667 0.007929687500000001 0.029041666666666667
3 0.5379921875 0.3641944444444445 0.0111171875 0.040125
3 0.615234375 0.3564861111111111 0.0093671875 0.03086111111111111
0 0.267625 0.38966666666666666 0.008578125 0.029319444444444443
3 0.6629765625 0.35030555555555554 0.0110859375 0.033944444444444444
0 0.45717968750000004 0.35555555555555557 0.006687500000000001 0.024069444444444442
0 0.38687499999999997 0.3620416666666667 0.0056640625 0.01851388888888889
0 0.3181328125 0.37545833333333334 0.0077578125 0.025
1 0.699078125 0.3314861111111111 0.0071484375 0.029625
1 0.7146953125 0.3300972222222222 0.006101562499999999 0.02684722222222222
1 0.7646953125 0.3375 0.008171875 0.030555555555555555
1 0.7849999999999999 0.3365694444444445 0.0071328125 0.03240277777777777
3 0.7232890624999999 0.3449027777777778 0.008703125 0.025
3 0.7745859375 0.33981944444444445 0.0071328125 0.027777777777777776
3 0.8240624999999999 0.3402777777777778 0.007117187499999999 0.021291666666666667