0 0.135421875 0.5464722222222222 0.0300234375 0.09508333333333333
0 0.12460156250000001 0.4935833333333333 0.0180078125 0.05341666666666667
0 0.106578125 0.4674166666666667 0.013203125 0.04594444444444444
0 0.08344531250000001 0.4652777777777778 0.0162109375 0.03952777777777778
3 0.648578125 0.48183333333333334 0.04071875 0.08333333333333333
3 0.4704140625 0.4342916666666667 0.031742187500000005 0.06516666666666666
3 0.360453125 0.414 0.0161484375 0.041666666666666664
3 0.29885937500000004 0.40705555555555556 0.016765625 0.036319444444444446
3 0.0666875 0.4375 0.011226562499999999 0.03240277777777777
3 0.2281328125 0.40894444444444444 0.0129296875 0.043208333333333335
3 0.91034375 0.3873472222222222 0.014499999999999999 0.040125
3 0.8079218750000001 0.3850277777777778 0.019734375000000002 0.050930555555555555
3 0.6469140624999999 0.37345833333333334 0.0154296875 0.04629166666666666
3 0.5223671875 0.3711388888888889 0.011125 0.0355
0 0.5950078125 0.35218055555555555 0.0088046875 0.03175
0 0.6976718749999999 0.35366666666666663 0.0098984375 0.03075
0 0.7950546875 0.3576388888888889 0.0104609375 0.03075
0 0.8413671875000001 0.36012500000000003 0.00821875 0.03769444444444445
0 0.8885078125 0.35962500000000003 0.007648437499999999 0.03075