0 0.30234375 0.5109375 0.0421875 0.096875
0 0.40234375 0.40546875 0.0203125 0.046875
0 0.4546875 0.3765625 0.0125 0.034375
0 0.490625 0.3609375 0.0109375 0.028125
0 0.5109375 0.35234375 0.009375 0.025
0 0.52109375 0.3453125 0.00625 0.015625
3 0.84609375 0.35859375 0.0140625 0.03125
3 0.7703125 0.33671875 0.0109375 0.0328125
3 0.72890625 0.328125 0.0078125 0.025
3 0.725 0.45703125 0.0421875 0.0875
3 0.61953125 0.38671875 0.0203125 0.0375
3 0.60859375 0.3625 0.0109375 0.0328125
3 0.61484375 0.3515625 0.009375 0.0234375
3 0.61640625 0.33984375 0.0078125 0.021875
3 0.60859375 0.33359375 0.0078125 0.0171875