0 0.33984375 0.4125 0.028125 0.0625
0 0.415625 0.36484375 0.015625 0.0375
0 0.46875 0.34921875 0.0125 0.034375
0 0.53125 0.33828125 0.0109375 0.025
0 0.1671875 0.54609375 0.04375 0.109375
0 0.01796875 0.4203125 0.00625 0.0234375
0 0.12109375 0.3890625 0.00625 0.021875
0 0.22734375 0.365625 0.0078125 0.021875
0 0.32421875 0.34453125 0.00625 0.01875
3 0.30234375 0.34140625 0.0046875 0.01875
3 0.2578125 0.34140625 0.00625 0.01875
3 0.065625 0.38046875 0.0078125 0.01875
3 0.1140625 0.3796875 0.00625 0.025
3 0.13515625 0.36484375 0.00625 0.025
3 0.01015625 0.40703125 0.0078125 0.028125
3 0.71171875 0.49375 0.053125 0.109375
3 0.80859375 0.340625 0.009375 0.028125
3 0.73203125 0.340625 0.009375 0.028125
3 0.65859375 0.3390625 0.0125 0.03125
3 0.6 0.3921875 0.015625 0.0546875
3 0.61875 0.34765625 0.009375 0.03125
3 0.596875 0.35078125 0.0125 0.03125
3 0.58359375 0.35859375 0.0125 0.040625
0 0.58828125 0.32734375 0.00625 0.01875
3 0.934375 0.35625 0.0109375 0.034375