0 0.18984375 0.528125 0.0515625 0.0828125
0 0.1921875 0.4578125 0.025 0.0484375
0 0.20546875 0.4796875 0.0359375 0.0578125
0 0.14296875 0.46640625 0.0234375 0.0390625
3 0.13515625 0.45625 0.015625 0.0296875
3 0.20703125 0.43203125 0.01875 0.03125
3 0.284375 0.41015625 0.01875 0.0296875
3 0.365625 0.3859375 0.028125 0.0453125
3 0.42890625 0.37578125 0.0296875 0.0484375
3 0.47578125 0.37890625 0.0359375 0.059375
3 0.5421875 0.384375 0.0453125 0.0703125
3 0.62578125 0.41171875 0.0546875 0.090625
3 0.74375 0.4703125 0.096875 0.15
3 0.034375 0.490625 0.0171875 0.0359375
0 0.04296875 0.49921875 0.025 0.0390625
0 0.07578125 0.6296875 0.0875 0.121875