0 0.29609375 0.5125 0.04375 0.096875
0 0.39375 0.40546875 0.0203125 0.046875
0 0.4453125 0.37578125 0.0125 0.034375
0 0.48046875 0.36015625 0.0109375 0.028125
0 0.5 0.35078125 0.009375 0.025
0 0.51171875 0.34375 0.00625 0.0140625
3 0.83515625 0.35078125 0.0140625 0.03125
3 0.759375 0.33125 0.0109375 0.0328125
3 0.7171875 0.3234375 0.0078125 0.025
3 0.71640625 0.45078125 0.04375 0.0875
3 0.609375 0.3828125 0.0203125 0.0375
3 0.5984375 0.359375 0.0125 0.0328125
3 0.6046875 0.34921875 0.009375 0.0234375
3 0.60625 0.33671875 0.009375 0.021875
3 0.5984375 0.33046875 0.0078125 0.0171875