0 0.16328125 0.53515625 0.05625 0.1078125
0 0.13125 0.37890625 0.01875 0.0390625
0 0.4 0.37734375 0.03125 0.059375
0 0.50078125 0.33359375 0.01875 0.0375
0 0.58046875 0.321875 0.0203125 0.0328125
0 0.6234375 0.31328125 0.0140625 0.0265625
3 0.0390625 0.3953125 0.0171875 0.0328125
3 0.1125 0.35234375 0.0140625 0.0265625
3 0.803125 0.55390625 0.0453125 0.0921875
3 0.74921875 0.4078125 0.0234375 0.046875
3 0.740625 0.3625 0.0140625 0.0265625
3 0.734375 0.33984375 0.0125 0.021875
3 0.696875 0.3171875 0.009375 0.0171875
0 0.5953125 0.29609375 0.0109375 0.025
0 0.19453125 0.334375 0.015625 0.0328125
3 0.1375 0.3359375 0.009375 0.0203125