3 0.79296875 0.60078125 0.053125 0.14375
3 0.54609375 0.44140625 0.028125 0.0578125
3 0.4921875 0.396875 0.0140625 0.0375
0 0.21640625 0.47265625 0.028125 0.0671875
0 0.29453125 0.4125 0.0171875 0.0359375
0 0.34609375 0.3875 0.009375 0.0296875
0 0.3875 0.3734375 0.009375 0.0296875
3 0.48515625 0.378125 0.0109375 0.034375
3 0.4953125 0.37265625 0.0109375 0.03125
3 0.51484375 0.36640625 0.0109375 0.028125
3 0.55078125 0.36484375 0.0125 0.0265625
3 0.61171875 0.3640625 0.0109375 0.028125
3 0.67578125 0.36796875 0.009375 0.028125
3 0.77890625 0.375 0.0125 0.03125
3 0.88984375 0.38671875 0.0125 0.03125