0 0.27421875 0.5203125 0.05 0.096875
0 0.2875 0.45625 0.0328125 0.06875
0 0.153125 0.45234375 0.0296875 0.0578125
0 0.0296875 0.46015625 0.0296875 0.05625
3 0.03203125 0.428125 0.0203125 0.0421875
3 0.24609375 0.403125 0.0265625 0.0546875
3 0.3640625 0.3921875 0.01875 0.0453125
3 0.49921875 0.38203125 0.0234375 0.046875
3 0.6171875 0.378125 0.025 0.0546875
3 0.7234375 0.3859375 0.028125 0.0609375
3 0.815625 0.4125 0.04375 0.090625
3 0.9671875 0.48828125 0.065625 0.1453125
3 0.98203125 0.30234375 0.0078125 0.0296875
3 0.9734375 0.3015625 0.015625 0.03125
3 0.96015625 0.3 0.0140625 0.025
3 0.7546875 0.28359375 0.0109375 0.0234375
3 0.7765625 0.2921875 0.0109375 0.0203125
3 0.78828125 0.28515625 0.0078125 0.01875
3 0.91484375 0.2796875 0.0078125 0.0203125
1 0.90859375 0.29765625 0.01875 0.046875