0 0.0703125 0.88984375 0.0796875 0.15625
0 0.3546875 0.46875 0.0359375 0.071875
0 0.3828125 0.37109375 0.0140625 0.0328125
0 0.45234375 0.37421875 0.01875 0.040625
0 0.2875 0.4078125 0.0171875 0.0375
0 0.15546875 0.49296875 0.021875 0.0453125
3 0.01953125 0.575 0.0140625 0.0328125
3 0.115625 0.484375 0.0140625 0.028125
3 0.1859375 0.434375 0.0125 0.0265625
3 0.2328125 0.4046875 0.009375 0.01875
3 0.41875 0.3359375 0.0109375 0.0203125
3 0.52421875 0.31953125 0.0109375 0.021875
3 0.59453125 0.33203125 0.015625 0.0296875
3 0.6734375 0.36015625 0.025 0.0453125
3 0.825 0.459375 0.0390625 0.0828125