0 0.04375 0.80078125 0.08125 0.2
0 0.0078125 0.5375 0.015625 0.059375
0 0.20078125 0.41796875 0.0203125 0.0484375
0 0.403125 0.40859375 0.0296875 0.0578125
3 0.93125 0.746875 0.0703125 0.153125
3 0.7078125 0.40078125 0.025 0.05
3 0.65546875 0.33671875 0.0140625 0.0265625
3 0.6640625 0.31640625 0.0109375 0.021875
3 0.65234375 0.3046875 0.009375 0.0171875
0 0.46015625 0.34140625 0.0140625 0.034375
0 0.50703125 0.31484375 0.0125 0.025
0 0.54375 0.3015625 0.0078125 0.0171875
0 0.57109375 0.2953125 0.0078125 0.01875
0 0.3703125 0.3375 0.015625 0.0328125
0 0.4140625 0.31484375 0.0125 0.0234375
0 0.4484375 0.29921875 0.0078125 0.01875
3 0.2828125 0.3421875 0.0109375 0.025
3 0.3421875 0.31796875 0.0109375 0.021875
3 0.38828125 0.30234375 0.009375 0.01875
3 0.21015625 0.37578125 0.0109375 0.028125
3 0.10390625 0.4296875 0.0109375 0.0328125