3 0.846875 0.4 0.1109375 0.2296875
3 0.59375 0.2109375 0.04375 0.0859375
3 0.50703125 0.16953125 0.0296875 0.059375
3 0.45703125 0.14609375 0.01875 0.0421875
3 0.43515625 0.1328125 0.015625 0.034375
3 0.4234375 0.1296875 0.015625 0.034375
3 0.4109375 0.12265625 0.0140625 0.03125
3 0.01484375 0.23046875 0.015625 0.028125
0 0.05234375 0.39453125 0.0609375 0.1078125
0 0.18828125 0.25390625 0.034375 0.0625
0 0.21953125 0.20390625 0.021875 0.0453125
0 0.2390625 0.18359375 0.021875 0.0453125
0 0.2546875 0.16171875 0.015625 0.034375
0 0.01328125 0.26484375 0.01875 0.0421875
0 0.04453125 0.2390625 0.0171875 0.0296875
0 0.05859375 0.22578125 0.0140625 0.028125
0 0.28046875 0.15078125 0.0125 0.028125
0 0.290625 0.13984375 0.0109375 0.0234375
0 0.07578125 0.209375 0.0125 0.0234375