0 0.1390625 0.678125 0.0640625 0.1390625
0 0.034375 0.49453125 0.0125 0.0265625
0 0.08984375 0.4765625 0.0109375 0.028125
0 0.14921875 0.4625 0.0125 0.03125
0 0.19921875 0.4609375 0.015625 0.034375
0 0.23515625 0.46640625 0.021875 0.046875
0 0.24140625 0.5078125 0.03125 0.0640625
3 0.265625 0.41796875 0.015625 0.0296875
3 0.33828125 0.4109375 0.015625 0.03125
3 0.425 0.4078125 0.0171875 0.034375
3 0.78359375 0.54140625 0.0625 0.1328125
3 0.7828125 0.353125 0.015625 0.03125
3 0.615625 0.3578125 0.0125 0.0296875
1 0.45546875 0.3609375 0.0140625 0.0328125
1 0.4359375 0.36484375 0.0125 0.0328125
1 0.5140625 0.34609375 0.0140625 0.03125
3 0.49375 0.36484375 0.0125 0.025
3 0.44609375 0.36796875 0.0109375 0.0234375
3 0.5421875 0.42421875 0.028125 0.0625