3 0.7185572916666667 0.5223148148148148 0.046947916666666666 0.11259259259259259
3 0.6090520833333334 0.4449074074074074 0.030260416666666668 0.07193518518518519
3 0.5307708333333333 0.4085462962962963 0.024119791666666668 0.05082407407407408
3 0.487234375 0.3936851851851852 0.01708854166666667 0.04300925925925926
3 0.432484375 0.3839166666666667 0.01578125 0.040657407407407406
3 0.33615104166666665 0.38352777777777775 0.014880208333333334 0.030490740740740742
3 0.2163125 0.3854814814814815 0.014463541666666666 0.03284259259259259
3 0.06986458333333333 0.39173148148148146 0.012734375 0.03752777777777778
0 0.219609375 0.43669444444444444 0.023697916666666666 0.0602037037037037
0 0.15274479166666666 0.4726574074074074 0.03247395833333334 0.08053703703703705
0 0.14592708333333335 0.4112777777777778 0.01971875 0.04535185185185185
0 0.024770833333333336 0.4112777777777778 0.020182291666666668 0.04535185185185185