0 0.245 0.5272037037037037 0.042895833333333334 0.1076388888888889
0 0.27266666666666667 0.45428703703703704 0.026614583333333334 0.07523148148148148
0 0.14149479166666667 0.4380833333333333 0.023385416666666665 0.059027777777777776
0 0.018458333333333334 0.4375 0.02080729166666667 0.06018518518518518
3 0.032130208333333334 0.4039351851851852 0.014296874999999999 0.03935185185185185
3 0.24760416666666665 0.39873148148148146 0.0220625 0.047453703703703706
3 0.3673854166666667 0.39351851851851855 0.019432291666666667 0.04398148148148148
3 0.5015 0.39351851851851855 0.018135416666666668 0.05092592592592592
3 0.6160677083333332 0.40046296296296297 0.022015625 0.04861111111111111
3 0.7202239583333333 0.4201388888888889 0.025901041666666666 0.06018518518518518
3 0.8123385416666667 0.45601851851851855 0.035645833333333335 0.08101851851851852
3 0.9724531249999999 0.5613425925925926 0.055093750000000004 0.13657407407407407
3 0.9830364583333334 0.35383333333333333 0.009927083333333333 0.025546296296296296
3 0.996890625 0.3452222222222222 0.0062187499999999995 0.027333333333333334
3 0.9711770833333334 0.3478981481481482 0.010265625 0.029111111111111112
3 0.9579739583333333 0.34878703703703706 0.010598958333333333 0.027333333333333334
3 0.9158645833333333 0.32412962962962966 0.009442708333333332 0.01961111111111111
3 0.7933854166666666 0.31937037037037036 0.006291666666666667 0.02198148148148148
3 0.7810208333333333 0.3250185185185185 0.00896875 0.020203703703703703
3 0.7606354166666667 0.3172962962962963 0.00896875 0.02138888888888889
1 0.9076770833333333 0.33868518518518514 0.016291666666666666 0.043972222222222225