0 0.2057265625 0.5805555555555556 0.057734375000000004 0.13333333333333333
0 0.36974999999999997 0.4147916666666666 0.024265625 0.05488888888888889
0 0.42882031249999997 0.3630694444444445 0.013148437499999999 0.038
0 0.47096875000000005 0.3477638888888889 0.009601562499999999 0.02638888888888889
0 0.5451640624999999 0.32929166666666665 0.0131796875 0.027444444444444445
0 0.6161015625 0.32295833333333335 0.010234375 0.02322222222222222
3 0.7882421875000001 0.5219166666666666 0.05502343750000001 0.12559722222222222
3 0.6187734375 0.3957916666666667 0.0203203125 0.050666666666666665
3 0.58078125 0.3599027777777778 0.0117421875 0.03588888888888889
3 0.5971093749999999 0.3424861111111111 0.011414062499999999 0.03272222222222222
3 0.6288671875 0.33720833333333333 0.012015625 0.03061111111111111
3 0.6888203125000001 0.33245833333333336 0.00846875 0.025333333333333333
3 0.9631093749999999 0.38840277777777776 0.010546875 0.03588888888888889
3 0.9435234375 0.3699305555555556 0.006992187499999999 0.02427777777777778
3 0.9553984375000001 0.36254166666666665 0.006984374999999999 0.02427777777777778
3 0.7580234375 0.330875 0.0064453125 0.0285