0 0.3439765625 0.439375 0.0258125 0.06676388888888889
0 0.4893515625 0.3753194444444445 0.0171484375 0.03788888888888889
0 0.54009375 0.3514027777777778 0.011046875000000001 0.03158333333333333
0 0.570796875 0.34193055555555557 0.0085 0.02706944444444444
0 0.5890625 0.33470833333333333 0.0095078125 0.021652777777777778
0 0.22447656249999998 0.36673611111111115 0.012140624999999999 0.027972222222222225
0 0.1448125 0.3784722222222222 0.010132812500000001 0.027972222222222225
0 0.37771875 0.3459861111111111 0.009210937499999999 0.02436111111111111
3 0.7159140625 0.4547083333333333 0.0318046875 0.08841666666666666
3 0.708046875 0.38659722222222226 0.016078125 0.04059722222222222
3 0.6971015625 0.36340277777777774 0.011203125 0.024055555555555556
3 0.6951562499999999 0.3455972222222222 0.005828125 0.011708333333333333
3 0.840015625 0.3579444444444445 0.0090078125 0.021333333333333333
3 0.8097734375 0.3460138888888889 0.0073515625000000005 0.017569444444444447
3 0.9030781250000001 0.38472222222222224 0.0094921875 0.021333333333333333
3 0.7986015625 0.33743055555555557 0.0037109375 0.016319444444444445
3 0.7951875 0.33137500000000003 0.0025390625 0.01338888888888889
0 0.9065078124999999 0.35730555555555554 0.005828125 0.01840277777777778
0 0.8842656249999999 0.34705555555555556 0.0047578125 0.01798611111111111
3 0.2740234375 0.3497777777777778 0.006562500000000001 0.020083333333333335
3 0.21446874999999999 0.3577361111111111 0.005609375 0.01925
0 0.08609375 0.38137499999999996 0.007265625 0.019666666666666666
0 0.028679687500000002 0.38659722222222226 0.0073124999999999996 0.01925
0 0.3243828125 0.35104166666666664 0.0070234375 0.020083333333333335
0 0.40757031250000003 0.33638888888888885 0.005359375 0.015055555555555555
0 0.6017812499999999 0.32743055555555556 0.0046328125 0.012861111111111111
3 0.8743828125 0.7208333333333333 0.0872421875 0.225