0 0.23898437499999997 0.42525 0.0253828125 0.03666666666666667
0 0.2505625 0.46558333333333335 0.025507812499999998 0.06022222222222222
0 0.3564375 0.3814444444444444 0.013078125 0.03806944444444445
0 0.407921875 0.35970833333333335 0.01009375 0.02719444444444444
0 0.4941328125 0.34334722222222225 0.0104140625 0.02863888888888889
3 0.589734375 0.3517777777777778 0.0102734375 0.03198611111111111
3 0.5533359375 0.3614583333333333 0.0119296875 0.03306944444444444
3 0.58815625 0.43070833333333336 0.026351562499999998 0.06755555555555556
3 0.6542343749999999 0.34305555555555556 0.0064921875000000006 0.0225
3 0.726140625 0.34134722222222225 0.00546875 0.016694444444444442
3 0.78059375 0.34055555555555556 0.004953125 0.020375
3 0.8242578125 0.33961111111111114 0.0043437499999999995 0.01663888888888889
3 0.5351796875 0.3738888888888889 0.0150390625 0.03926388888888889
3 0.936921875 0.38445833333333335 0.0085234375 0.026208333333333333