0 0.31328125 0.5578125 0.06875 0.1375
0 0.5359375 0.4625 0.040625 0.090625
0 0.63515625 0.42890625 0.034375 0.075
0 0.75078125 0.3984375 0.028125 0.05625
0 0.8453125 0.36171875 0.021875 0.05
0 0.8640625 0.34140625 0.015625 0.0375
1 0.79296875 0.3625 0.0296875 0.0828125
1 0.81015625 0.3625 0.021875 0.06875
3 0.05390625 0.45078125 0.021875 0.0453125
3 0.215625 0.4234375 0.01875 0.040625
3 0.29609375 0.40859375 0.0140625 0.0328125
3 0.3125 0.39453125 0.0140625 0.03125
3 0.28671875 0.3921875 0.0109375 0.0328125
3 0.2515625 0.39453125 0.0140625 0.0296875
3 0.22890625 0.3921875 0.0109375 0.0265625
0 0.80390625 0.37421875 0.0203125 0.0578125
0 0.88984375 0.325 0.0125 0.0296875
0 0.9140625 0.31796875 0.0140625 0.03125
0 0.90078125 0.31015625 0.009375 0.0265625
0 0.84140625 0.31328125 0.0125 0.028125
0 0.790625 0.31875 0.009375 0.025
3 0.8578125 0.3046875 0.0140625 0.028125
3 0.91484375 0.29765625 0.0125 0.028125
0 0.1515625 0.45546875 0.0234375 0.0546875
0 0.365625 0.41328125 0.0171875 0.046875
0 0.45546875 0.3953125 0.0125 0.034375
0 0.49296875 0.38046875 0.0109375 0.0265625
0 0.45078125 0.3703125 0.009375 0.025
0 0.415625 0.3671875 0.0109375 0.021875
0 0.3875 0.3640625 0.009375 0.0234375