0 0.0630703125 0.6414861111111111 0.045164062500000005 0.14580555555555555
0 0.0994140625 0.5284166666666666 0.026046875000000004 0.07245833333333333
0 0.1859140625 0.4650972222222222 0.0291328125 0.05693055555555556
0 0.2580625 0.4265277777777778 0.028890624999999996 0.042305555555555555
0 0.3306328125 0.40947222222222224 0.019734375000000002 0.03941666666666666
0 0.40103125000000006 0.390125 0.0121015625 0.035444444444444445
3 0.7098515625 0.5241111111111111 0.061382812499999995 0.11244444444444443
3 0.5467421875 0.45336111111111116 0.0281328125 0.06818055555555556
3 0.563296875 0.4113333333333334 0.0280390625 0.043166666666666666
3 0.6976953124999999 0.39337500000000003 0.0292578125 0.06625
3 0.7981171875 0.3861666666666667 0.021117187500000002 0.06572222222222222
3 0.8548515625 0.37938888888888894 0.0173984375 0.05563888888888889