0 0.049901041666666666 0.8080092592592593 0.093875 0.2495092592592593
0 0.5824322916666667 0.5163703703703704 0.04916145833333333 0.11731481481481482
0 0.856625 0.4614259259259259 0.03708854166666666 0.08344444444444445
0 0.9635052083333334 0.36848148148148147 0.012901041666666667 0.029740740740740738
0 0.8601145833333333 0.3680648148148148 0.012458333333333333 0.02726851851851852
0 0.7464999999999999 0.366 0.013885416666666667 0.03139814814814815
0 0.6321718749999999 0.3668240740740741 0.011083333333333334 0.026435185185185187
0 0.5478177083333333 0.362287037037037 0.009677083333333333 0.028916666666666667
0 0.43163541666666666 0.35898148148148146 0.009677083333333333 0.023962962962962964
0 0.32581770833333334 0.357962962962963 0.010213541666666666 0.02361111111111111
0 0.18152083333333333 0.39955555555555555 0.015651041666666667 0.04239814814814815
0 0.11239583333333333 0.4137777777777778 0.021703125 0.05581481481481482
0 0.23253645833333333 0.3601111111111111 0.009708333333333334 0.024685185185185185
0 0.19223958333333335 0.39364814814814814 0.013619791666666665 0.04025
0 0.18891666666666668 0.3783518518518519 0.012942708333333334 0.03649074074074074
0 0.17775 0.36815740740740743 0.010531249999999999 0.028981481481481483
3 0.004885416666666667 0.37084259259259256 0.009770833333333334 0.033277777777777774
3 0.10213020833333333 0.3574259259259259 0.010901041666666667 0.028981481481481483
3 0.18590104166666668 0.35178703703703706 0.008109375 0.025222222222222222
3 0.37033854166666663 0.3488425925925926 0.011109375 0.026833333333333334
3 0.44551562499999997 0.35044444444444445 0.01 0.026833333333333334
3 0.5221927083333333 0.3539351851851852 0.011729166666666667 0.026296296296296293
3 0.6114010416666668 0.3558148148148148 0.009625 0.024685185185185185
3 0.6959322916666667 0.3558148148148148 0.009630208333333333 0.02790740740740741
3 0.7857447916666668 0.3585 0.011145833333333332 0.02790740740740741
3 0.8779635416666667 0.3582314814814815 0.011442708333333333 0.027370370370370368
3 0.9763645833333333 0.35957407407407405 0.009609375 0.026833333333333334
3 0.28167187499999996 0.34735185185185186 0.008026041666666667 0.023370370370370368