0 0.3078125 0.6203125 0.075 0.1609375
0 0.0609375 0.415625 0.0265625 0.05625
0 0.25546875 0.4203125 0.0234375 0.0484375
0 0.4015625 0.4375 0.021875 0.05
0 0.52578125 0.5046875 0.0375 0.08125
0 0.5421875 0.4609375 0.0265625 0.05625
3 0.90703125 0.48671875 0.0328125 0.06875
3 0.79765625 0.4546875 0.0265625 0.0484375
3 0.69296875 0.4359375 0.0203125 0.0453125
3 0.5515625 0.4234375 0.0203125 0.040625
3 0.384375 0.40625 0.015625 0.040625
3 0.23671875 0.40078125 0.0171875 0.0390625
3 0.090625 0.39375 0.0203125 0.0484375