1 0.3921875 0.30078125 0.0265625 0.059375
1 0.4 0.2984375 0.0234375 0.05625
1 0.19609375 0.3359375 0.028125 0.0609375
1 0.209375 0.33359375 0.0234375 0.0546875
0 0.2078125 0.3484375 0.0125 0.0265625
0 0.153125 0.36953125 0.0203125 0.0375
0 0.0546875 0.39921875 0.03125 0.0578125
0 0.25 0.33125 0.0171875 0.03125
0 0.271875 0.31484375 0.0140625 0.0359375
0 0.30078125 0.3 0.0125 0.021875
0 0.32578125 0.28828125 0.0109375 0.01875
0 0.32109375 0.28203125 0.009375 0.01875
3 0.29609375 0.27734375 0.0109375 0.0203125
3 0.34296875 0.26875 0.009375 0.021875
3 0.3953125 0.26171875 0.009375 0.01875
3 0.4328125 0.25390625 0.0140625 0.021875
3 0.4390625 0.27890625 0.0171875 0.0296875
3 0.4578125 0.259375 0.0140625 0.028125
3 0.44765625 0.265625 0.0140625 0.025
3 0.41875 0.30078125 0.0203125 0.040625
3 0.38671875 0.3203125 0.021875 0.04375
3 0.35703125 0.34921875 0.034375 0.0578125
3 0.2703125 0.4078125 0.05625 0.09375
3 0.3578125 0.46796875 0.078125 0.121875
3 0.7046875 0.4921875 0.1125 0.190625