0 0.0734375 0.61953125 0.0890625 0.165625
0 0.26484375 0.484375 0.0375 0.084375
0 0.33515625 0.44296875 0.028125 0.065625
0 0.25390625 0.415625 0.021875 0.05
0 0.134375 0.40859375 0.0234375 0.05
3 0.96640625 0.58984375 0.065625 0.16875
3 0.78359375 0.47265625 0.0453125 0.096875
3 0.6703125 0.42421875 0.0234375 0.059375
3 0.61328125 0.40234375 0.0234375 0.053125
3 0.54921875 0.39140625 0.01875 0.0453125
3 0.44765625 0.38671875 0.015625 0.040625
3 0.32421875 0.38359375 0.0140625 0.034375
3 0.17890625 0.38515625 0.0140625 0.0390625
3 0.0078125 0.39375 0.0125 0.0359375