0 0.0925390625 0.6424583333333334 0.05865625 0.13476388888888888
0 0.04609375 0.4686527777777778 0.0147578125 0.03716666666666667
0 0.1304375 0.4592777777777778 0.01453125 0.04091666666666667
0 0.1462734375 0.47184722222222225 0.0196796875 0.04654166666666666
0 0.14046875 0.5148333333333334 0.02740625 0.07169444444444444
0 0.8424296874999999 0.37180555555555556 0.0146171875 0.03190277777777777
3 0.797140625 0.39790277777777777 0.023265625 0.050305555555555555
3 0.8988125 0.6349444444444445 0.07667968750000001 0.17154166666666668
3 0.6404687499999999 0.378375 0.014828125000000001 0.03829166666666667
3 0.586421875 0.4720277777777778 0.0460625 0.08220833333333333
3 0.44261718749999995 0.4286805555555555 0.0245390625 0.05480555555555556
3 0.373265625 0.40802777777777777 0.0183984375 0.03904166666666667