3 0.90703125 0.5030648148148148 0.065 0.14964814814814814
3 0.7958489583333334 0.43453703703703705 0.049229166666666664 0.09593518518518518
3 0.717625 0.40124074074074073 0.038614583333333334 0.0602037037037037
3 0.6172187499999999 0.3860462962962963 0.030515625 0.060675925925925925
0 0.025921875 0.6499351851851851 0.051848958333333334 0.19030555555555556
0 0.301828125 0.4837037037037037 0.036885416666666664 0.0955
0 0.308453125 0.4314444444444444 0.025828125 0.05887037037037037
0 0.19020833333333334 0.4055925925925926 0.030661458333333332 0.06580555555555555
3 0.5102656250000001 0.3880555555555556 0.038828125 0.07086111111111111
3 0.38448437500000004 0.37339814814814815 0.033796875 0.08167592592592592
3 0.276609375 0.38881481481481484 0.02290625 0.04769444444444444