3 0.75909375 0.5310833333333334 0.060807291666666666 0.13360185185185183
3 0.6318802083333334 0.43783333333333335 0.032567708333333334 0.08465740740740742
3 0.5478124999999999 0.4001296296296296 0.025151041666666665 0.06216666666666667
3 0.49684895833333337 0.38028703703703703 0.019953125000000002 0.054231481481481485
3 0.42766145833333336 0.37169444444444444 0.015505208333333333 0.044972222222222226
3 0.339875 0.36639814814814814 0.015526041666666665 0.039685185185185184
3 0.255359375 0.37041666666666667 0.012270833333333333 0.03319444444444444
3 0.17750520833333333 0.37500925925925926 0.012291666666666668 0.026833333333333334
0 0.12328645833333333 0.5088333333333332 0.04606770833333333 0.1024074074074074
0 0.2021302083333333 0.43256481481481485 0.026583333333333334 0.06285185185185185
0 0.21663020833333332 0.39866666666666667 0.015859375 0.043083333333333335
0 0.165984375 0.3923055555555556 0.015473958333333334 0.037425925925925925
3 0.06625520833333333 0.38502777777777775 0.013833333333333333 0.041666666666666664
0 0.05454166666666667 0.39351851851851855 0.014703125000000001 0.052472222222222226