0 0.3578125 0.54765625 0.059375 0.125
0 0.559375 0.396875 0.021875 0.053125
0 0.6171875 0.36640625 0.0125 0.034375
0 0.6484375 0.35078125 0.0078125 0.021875
3 0.98984375 0.60390625 0.0203125 0.11875
3 0.840625 0.4203125 0.021875 0.059375
3 0.79921875 0.38046875 0.0125 0.0359375
3 0.78125 0.3625 0.009375 0.028125
0 0.684375 0.3421875 0.00625 0.0171875
3 0.98046875 0.384375 0.009375 0.021875
3 0.94296875 0.36796875 0.00625 0.01875
0 0.71875 0.3390625 0.00625 0.015625
0 0.74296875 0.33828125 0.00625 0.0125
0 0.76328125 0.3375 0.0046875 0.0125
3 0.7875 0.35234375 0.009375 0.0203125
3 0.80390625 0.346875 0.00625 0.0171875