0 0.10115624999999999 0.6267638888888889 0.0623046875 0.15147222222222223
0 0.41315625 0.4212916666666666 0.0207890625 0.058277777777777776
0 0.48102343750000004 0.3900972222222222 0.0161484375 0.04113888888888889
0 0.5188125 0.3640555555555556 0.0107421875 0.03154166666666667
0 0.5138515625 0.34765277777777776 0.0084375 0.023166666666666665
3 0.8217890625000001 0.5926805555555555 0.055406250000000004 0.14376388888888889
3 0.7407421875 0.4427083333333333 0.0278515625 0.07383333333333333
3 0.7017890625 0.3927222222222222 0.017578125 0.043125000000000004
3 0.6788203125 0.36202777777777784 0.01075 0.029388888888888888
3 0.6458828125 0.34691666666666665 0.009156250000000001 0.020402777777777777
3 0.840671875 0.36611111111111116 0.0098125 0.025305555555555553
3 0.9020781250000001 0.38691666666666663 0.012328124999999999 0.03183333333333334
3 0.7937265625000001 0.3534583333333333 0.0077578125 0.017958333333333333
3 0.6097265625 0.3373333333333333 0.006171875 0.017555555555555557
3 0.5616328125 0.33345833333333336 0.00503125 0.01551388888888889
3 0.5317890625 0.33202777777777776 0.006875000000000001 0.01673611111111111
0 0.49103125 0.3436527777777778 0.006171875 0.017958333333333333
0 0.9430546874999999 0.3712083333333333 0.00796875 0.024902777777777777
0 0.8965703125 0.3575277777777778 0.0059140625 0.017138888888888888
0 0.880046875 0.3526388888888889 0.0059140625 0.017958333333333333
3 0.7711171875 0.34181944444444445 0.0047890625 0.017555555555555557