1 0.17890625 0.2828125 0.0140625 0.0328125
1 0.1859375 0.28203125 0.0171875 0.0359375
1 0.065625 0.31328125 0.0171875 0.0375
0 0.08828125 0.33359375 0.0171875 0.0328125
0 0.11953125 0.36015625 0.025 0.046875
0 0.19765625 0.421875 0.04375 0.0796875
3 0.32421875 0.3046875 0.021875 0.04375
3 0.4546875 0.33125 0.028125 0.0515625
3 0.62265625 0.43203125 0.0515625 0.0875
3 0.8640625 0.37578125 0.01875 0.0375
0 0.92578125 0.38203125 0.0125 0.0265625
0 0.834375 0.3359375 0.0125 0.021875
3 0.7328125 0.31171875 0.0140625 0.0265625