0 0.256859375 0.5079583333333334 0.04040625 0.08601388888888889
0 0.31525 0.4338055555555555 0.019539062500000003 0.04597222222222223
0 0.32317968750000003 0.39709722222222227 0.0104921875 0.040777777777777774
0 0.29982031249999996 0.38930555555555557 0.0088203125 0.025208333333333333
0 0.262953125 0.3858194444444445 0.0056953125 0.017597222222222222
0 0.8582421874999999 0.36473611111111115 0.0087734375 0.022694444444444444
0 0.682140625 0.34273611111111113 0.0056875 0.014819444444444444
0 0.7524765625 0.3478333333333333 0.006195312499999999 0.01852777777777778
3 0.6857890624999999 0.46779166666666666 0.033296875 0.08522222222222223
3 0.9089218750000001 0.40365277777777775 0.015828125000000002 0.04122222222222222
3 0.7673359375000001 0.3698333333333333 0.0114296875 0.02825
3 0.6695 0.3540833333333333 0.008546874999999999 0.025472222222222222
3 0.6038593750000001 0.34644444444444444 0.0059609375 0.021305555555555557
3 0.547453125 0.39855555555555555 0.01715625 0.044
3 0.4815390625 0.3753888888888888 0.013000000000000001 0.03473611111111111
3 0.41484375 0.3696111111111111 0.008828125000000001 0.02408333333333333
3 0.3572734375 0.36798611111111107 0.007796875 0.01898611111111111
3 0.30190625 0.369375 0.0059609375 0.01898611111111111
0 0.22425781250000001 0.3846527777777778 0.006992187499999999 0.01898611111111111
3 0.5570859375 0.3436666666666667 0.007765625 0.01852777777777778
0 0.144109375 0.3937361111111111 0.006875000000000001 0.013402777777777779
0 0.182828125 0.38805555555555554 0.005328125 0.013347222222222222