3 0.471875 0.48359375 0.04375 0.0828125
3 0.38984375 0.4484375 0.03125 0.065625
3 0.334375 0.425 0.021875 0.053125
3 0.303125 0.40859375 0.0203125 0.05
3 0.2625 0.39765625 0.0125 0.034375
3 0.21796875 0.3875 0.0140625 0.0328125
3 0.18203125 0.3859375 0.0109375 0.0296875
0 0.0359375 0.42578125 0.021875 0.046875
0 0.01640625 0.40859375 0.015625 0.040625
3 0.653125 0.58671875 0.0546875 0.1734375
3 0.128125 0.38203125 0.009375 0.028125
3 0.04921875 0.3859375 0.009375 0.0296875
0 0.00546875 0.446875 0.009375 0.0421875