3 0.73359375 0.07890625 0.01875 0.040625
3 0.7234375 0.0828125 0.01875 0.0375
3 0.71796875 0.0921875 0.0203125 0.0390625
3 0.66484375 0.13125 0.0296875 0.05625
3 0.60625 0.17265625 0.0421875 0.08125
3 0.75078125 0.26484375 0.0703125 0.13125
3 0.059375 0.2140625 0.0203125 0.0296875
0 0.015625 0.26875 0.03125 0.05625
0 0.11796875 0.20234375 0.03125 0.0515625
0 0.16171875 0.2984375 0.0578125 0.109375
0 0.21875 0.16171875 0.021875 0.0421875
0 0.2953125 0.18125 0.034375 0.0640625
0 0.28984375 0.13046875 0.0171875 0.0328125
0 0.4171875 0.1328125 0.0234375 0.04375
0 0.5046875 0.1046875 0.0203125 0.0375
0 0.54140625 0.096875 0.01875 0.034375
0 0.56484375 0.08828125 0.0140625 0.0265625