0 0.125 0.9125 0.0890625 0.1671875
0 0.33359375 0.47109375 0.034375 0.065625
0 0.18359375 0.51875 0.021875 0.0453125
3 0.12109375 0.5265625 0.0140625 0.03125
3 0.890625 0.5203125 0.05625 0.1015625
3 0.64453125 0.35859375 0.0265625 0.046875
3 0.58515625 0.3265625 0.015625 0.028125
3 0.57109375 0.3046875 0.015625 0.0265625
3 0.57890625 0.2921875 0.0140625 0.021875
3 0.5984375 0.28125 0.0109375 0.0203125
0 0.371875 0.38671875 0.0171875 0.034375
0 0.28984375 0.41796875 0.015625 0.0328125
0 0.32734375 0.38046875 0.0109375 0.021875
0 0.36015625 0.3484375 0.009375 0.01875
0 0.428125 0.3390625 0.0109375 0.021875
0 0.45859375 0.3203125 0.0109375 0.021875
0 0.48828125 0.3015625 0.0078125 0.0171875
3 0.22109375 0.434375 0.0125 0.0265625
3 0.275 0.3921875 0.009375 0.0171875