0 0.18984375 0.515625 0.06875 0.1203125
0 0.24140625 0.4078125 0.03125 0.0609375
0 0.24140625 0.3765625 0.0234375 0.0421875
0 0.26171875 0.35703125 0.0203125 0.040625
3 0.68984375 0.48359375 0.0546875 0.0953125
3 0.52890625 0.396875 0.0234375 0.053125
3 0.45625 0.36875 0.01875 0.040625
3 0.434375 0.35546875 0.0140625 0.03125
3 0.47421875 0.34921875 0.015625 0.03125
3 0.6125 0.359375 0.01875 0.03125
3 0.7609375 0.38515625 0.0171875 0.0296875
3 0.9484375 0.45 0.025 0.053125
3 0.84765625 0.40234375 0.01875 0.0375
0 0.32109375 0.34296875 0.0125 0.03125
3 0.6875 0.365625 0.01875 0.0359375
0 0.384375 0.334375 0.0109375 0.0234375