3 0.79375 0.5625 0.0515625 0.125
3 0.659375 0.453125 0.028125 0.0765625
3 0.63125 0.40390625 0.01875 0.0453125
3 0.609375 0.38046875 0.0125 0.0359375
3 0.5875 0.3609375 0.009375 0.025
1 0.696875 0.4765625 0.0359375 0.1359375
1 0.209375 0.4859375 0.04375 0.1515625
1 0.23984375 0.48046875 0.0390625 0.125
0 0.05234375 0.609375 0.05625 0.1484375
0 0.31640625 0.459375 0.0265625 0.0703125
0 0.3515625 0.42265625 0.0203125 0.0515625
0 0.38828125 0.396875 0.0140625 0.0453125
0 0.4171875 0.38046875 0.0140625 0.0328125
1 0.6859375 0.46796875 0.028125 0.1203125
0 0.23125 0.50546875 0.0265625 0.0828125
3 0.54921875 0.35703125 0.009375 0.025
3 0.4921875 0.35625 0.009375 0.028125
3 0.41953125 0.353125 0.0078125 0.0234375
3 0.35703125 0.35625 0.0078125 0.025
3 0.23984375 0.359375 0.00625 0.0234375
0 0.40390625 0.36953125 0.009375 0.0265625
0 0.33671875 0.3671875 0.0078125 0.0265625
0 0.275 0.3640625 0.009375 0.0265625
1 0.75703125 0.33046875 0.009375 0.028125