0 0.0203125 0.49765625 0.040625 0.1953125
0 0.20703125 0.26640625 0.040625 0.084375
0 0.26875 0.1890625 0.021875 0.0578125
0 0.3140625 0.15625 0.0171875 0.0390625
3 0.86953125 0.4578125 0.0734375 0.171875
3 0.67265625 0.26875 0.03125 0.09375
3 0.60625 0.18203125 0.025 0.059375
3 0.553125 0.1578125 0.0171875 0.04375
0 0.353125 0.13046875 0.0140625 0.034375
0 0.10078125 0.18046875 0.0125 0.03125
0 0.15703125 0.15390625 0.0109375 0.0296875
0 0.2140625 0.1390625 0.009375 0.025
3 0.08984375 0.16328125 0.009375 0.028125
3 0.14453125 0.146875 0.009375 0.028125
3 0.52109375 0.1375 0.0125 0.03125
0 0.42265625 0.11484375 0.0109375 0.028125
0 0.478125 0.109375 0.0078125 0.0234375
0 0.50546875 0.109375 0.00625 0.0203125