0 0.0846328125 0.6395833333333333 0.060890625 0.15416666666666667
0 0.3435859375 0.4083333333333333 0.019421874999999998 0.05555555555555555
0 0.4525625 0.3611111111111111 0.0108046875 0.03333333333333333
0 0.5373125 0.3375 0.0115703125 0.030555555555555555
3 0.816578125 0.5805555555555556 0.05134375 0.14166666666666666
3 0.6369140625 0.4097222222222222 0.021703125 0.058333333333333334
3 0.6396484375 0.36527777777777776 0.013109375000000001 0.041666666666666664
3 0.6658125 0.3486111111111111 0.0107578125 0.03611111111111111
3 0.720890625 0.33819444444444446 0.0083984375 0.02361111111111111
0 0.6164375 0.3338611111111111 0.010078125 0.026708333333333334
0 0.6897421875 0.32691666666666663 0.007656250000000001 0.02563888888888889