0 0.17850000000000002 0.5402777777777777 0.036375000000000005 0.1295
0 0.286625 0.4520648148148148 0.030895833333333334 0.0827037037037037
0 0.36441666666666667 0.39564814814814814 0.024276041666666668 0.059805555555555556
0 0.4131458333333333 0.3644537037037037 0.014598958333333334 0.03975
0 0.39997916666666666 0.35303703703703704 0.012880208333333334 0.03808333333333334
3 0.8686145833333333 0.5612685185185184 0.04755729166666667 0.13973148148148148
3 0.7371875 0.411212962962963 0.03172395833333333 0.07772222222222222
3 0.679546875 0.3648796296296296 0.022104166666666664 0.05647222222222222
3 0.6634010416666667 0.34762037037037036 0.01659375 0.04577777777777778
3 0.6351093750000001 0.3329722222222222 0.012088541666666668 0.048212962962962964
3 0.584515625 0.32654629629629633 0.015072916666666667 0.03537962962962963
3 0.5146302083333334 0.3280092592592593 0.01816145833333333 0.033
3 0.4279791666666667 0.32457407407407407 0.017468749999999998 0.03406481481481481
1 0.828453125 0.2941944444444445 0.010104166666666666 0.036194444444444446
3 0.357390625 0.3329166666666667 0.009994791666666667 0.027777777777777776
0 0.3240104166666667 0.3468055555555556 0.012354166666666666 0.033666666666666664
0 0.253 0.3472222222222222 0.010442708333333333 0.031148148148148147
0 0.14716666666666667 0.3472222222222222 0.011880208333333333 0.031148148148148147
0 0.016026041666666668 0.3531111111111111 0.009953125 0.032824074074074075
3 0.22362500000000002 0.34049074074074076 0.00953125 0.032824074074074075
3 0.024072916666666666 0.3425925925925926 0.009953125 0.02862037037037037