1 0.519671875 0.2979444444444444 0.005697916666666666 0.021722222222222223
1 0.52615625 0.2977037037037037 0.005651041666666666 0.02059259259259259
1 0.5399166666666667 0.3031481481481481 0.007119791666666667 0.02150925925925926
1 0.5481770833333334 0.3038148148148148 0.007 0.02413888888888889
0 0.538625 0.32619444444444445 0.007427083333333333 0.020666666666666667
0 0.46608854166666663 0.34228703703703706 0.008515625 0.02421296296296296
0 0.35716145833333335 0.33325000000000005 0.005567708333333333 0.0165462962962963
0 0.363796875 0.38027777777777777 0.014088541666666668 0.034870370370370364
0 0.31015625 0.4423425925925926 0.022833333333333334 0.05358333333333333
0 0.21151041666666667 0.6409166666666667 0.045619791666666666 0.11219444444444444
0 0.7110416666666667 0.31719444444444445 0.007557291666666666 0.018453703703703705
3 0.7379947916666667 0.3463148148148148 0.011963541666666666 0.028203703703703703
3 0.6222447916666667 0.3587222222222222 0.013796874999999998 0.0345462962962963
3 0.6123437500000001 0.3922962962962963 0.020562499999999997 0.05075
0 0.6242447916666667 0.31710185185185186 0.0077239583333333335 0.02175925925925926
3 0.7549843749999999 0.4637685185185185 0.029916666666666664 0.07927777777777778
3 0.812796875 0.3451666666666666 0.009739583333333333 0.024814814814814814
3 0.8526354166666666 0.34367592592592594 0.007526041666666666 0.01911111111111111
3 0.8506041666666667 0.3312962962962963 0.006307291666666667 0.016398148148148148
0 0.4659583333333333 0.31343518518518515 0.007640625 0.017611111111111112