0 0.5876953125 0.40555555555555556 0.020148437499999998 0.058333333333333334
1 0.585359375 0.36319444444444443 0.015460937499999999 0.06805555555555555
1 0.583015625 0.35138888888888886 0.0138984375 0.05277777777777778
1 0.80134375 0.3659722222222222 0.0161953125 0.06805555555555555
1 0.7732265625 0.35694444444444445 0.0161953125 0.06111111111111111
3 0.8677421875 0.41458333333333336 0.0224296875 0.05694444444444444
3 0.786109375 0.37430555555555556 0.0122890625 0.043055555555555555
3 0.7525234375000001 0.34930555555555554 0.009171875 0.03194444444444444
3 0.71034375 0.32916666666666666 0.007625 0.027777777777777776
3 0.970078125 0.3653888888888889 0.0106328125 0.034194444444444444
3 0.8967656249999999 0.34080555555555553 0.00825 0.027777777777777776
3 0.6813515625 0.31516666666666665 0.005296875 0.023500000000000004
3 0.669328125 0.3060833333333333 0.006500000000000001 0.022430555555555554
0 0.58790625 0.3263888888888889 0.0083203125 0.028847222222222222
3 0.699078125 0.29968055555555556 0.005890625 0.018166666666666668
3 0.6792421875 0.3050277777777778 0.0058984375 0.018166666666666668
0 0.968875 0.34241666666666665 0.00703125 0.024569444444444446
0 0.95715625 0.3333333333333333 0.0064296875000000005 0.021361111111111112
3 0.869125 0.3263888888888889 0.0058515625 0.022430555555555554
3 0.8863749999999999 0.31675 0.0059453125 0.01929166666666667
3 0.8718359375 0.32213888888888886 0.005515625 0.023916666666666666