0 0.25390625 0.57265625 0.05625 0.103125
1 0.31640625 0.459375 0.0515625 0.109375
1 0.340625 0.43828125 0.0328125 0.090625
0 0.334375 0.4625 0.0265625 0.0640625
0 0.36875 0.41640625 0.021875 0.0421875
0 0.40390625 0.37734375 0.015625 0.0296875
0 0.41796875 0.35703125 0.0109375 0.0234375
3 0.7546875 0.4875 0.0625 0.11875
3 0.62265625 0.4046875 0.0296875 0.0609375
3 0.5890625 0.3703125 0.0203125 0.040625
3 0.55 0.34453125 0.0171875 0.03125
3 0.5234375 0.33203125 0.009375 0.021875
3 0.52890625 0.31796875 0.0078125 0.01875
3 0.51640625 0.321875 0.009375 0.025
3 0.771875 0.3140625 0.015625 0.034375
3 0.73828125 0.3046875 0.009375 0.0203125
3 0.75546875 0.2875 0.0078125 0.015625
1 0.6390625 0.3953125 0.0484375 0.10625
1 0.6046875 0.3796875 0.034375 0.1
3 0.86875 0.32890625 0.01875 0.0421875
0 0.896875 0.3078125 0.0140625 0.028125
0 0.85234375 0.3 0.0109375 0.0234375
0 0.8359375 0.29375 0.009375 0.01875
3 0.5515625 0.30703125 0.009375 0.021875
0 0.434375 0.34140625 0.0078125 0.01875
0 0.45546875 0.32734375 0.00625 0.015625