0 0.171875 0.71953125 0.08125 0.1390625
0 0.04296875 0.559375 0.015625 0.0265625
0 0.09375 0.5328125 0.0140625 0.028125
0 0.1484375 0.5109375 0.015625 0.03125
0 0.19609375 0.50234375 0.0203125 0.034375
0 0.23125 0.5015625 0.028125 0.0484375
0 0.24375 0.540625 0.0390625 0.065625
3 0.253125 0.45 0.01875 0.0296875
3 0.321875 0.4328125 0.0203125 0.03125
3 0.40625 0.41640625 0.021875 0.0359375
3 0.77109375 0.490625 0.078125 0.1328125
3 0.74140625 0.30859375 0.01875 0.03125
3 0.58125 0.33984375 0.0171875 0.0296875
1 0.428125 0.36640625 0.01875 0.0328125
1 0.40859375 0.37265625 0.0171875 0.0328125
1 0.48203125 0.34296875 0.0171875 0.03125
3 0.465625 0.36484375 0.015625 0.025
3 0.4203125 0.375 0.0125 0.0234375
3 0.5203125 0.4140625 0.0359375 0.0625