0 0.0171875 0.46875 0.0125 0.01875
0 0.14140625 0.4453125 0.0203125 0.0390625
3 0.1171875 0.43125 0.0140625 0.028125
3 0.23125 0.41484375 0.0140625 0.0296875
0 0.29453125 0.4203125 0.01875 0.0359375
3 0.34140625 0.3984375 0.0140625 0.028125
3 0.44296875 0.38359375 0.0171875 0.0296875
3 0.5390625 0.3703125 0.0125 0.028125
0 0.53203125 0.38203125 0.015625 0.034375
0 0.42578125 0.39765625 0.01875 0.0390625
0 0.653125 0.3640625 0.0140625 0.0328125
3 0.65078125 0.3421875 0.00625 0.009375
3 0.76796875 0.33984375 0.0109375 0.028125
0 0.76171875 0.3484375 0.0140625 0.034375
0 0.89296875 0.33828125 0.0203125 0.0359375
0 0.95234375 0.38125 0.040625 0.0765625
3 0.86953125 0.32890625 0.015625 0.0328125
0 0.78046875 0.44453125 0.0546875 0.0984375
0 0.4828125 0.54765625 0.0515625 0.090625