0 0.3515625 0.39765625 0.03125 0.075
0 0.5125 0.3328125 0.0203125 0.0421875
0 0.56953125 0.309375 0.0125 0.034375
0 0.603125 0.3 0.0109375 0.0296875
0 0.6234375 0.29296875 0.0109375 0.0234375
0 0.22421875 0.3140625 0.0140625 0.03125
0 0.13671875 0.32421875 0.0125 0.03125
0 0.3921875 0.296875 0.0109375 0.0265625
3 0.75703125 0.42890625 0.0375 0.0984375
3 0.7515625 0.35390625 0.01875 0.0453125
3 0.740625 0.32890625 0.0140625 0.0265625
3 0.7390625 0.309375 0.00625 0.0125
3 0.89609375 0.328125 0.0109375 0.0234375
3 0.8640625 0.31328125 0.0078125 0.0203125
3 0.96484375 0.36015625 0.0109375 0.0234375
3 0.8515625 0.30390625 0.0046875 0.01875
3 0.8484375 0.296875 0.003125 0.015625
0 0.96875 0.3296875 0.00625 0.0203125
0 0.94453125 0.31796875 0.00625 0.0203125
3 0.27890625 0.29765625 0.0078125 0.021875
3 0.2140625 0.30390625 0.00625 0.021875
0 0.071875 0.325 0.0078125 0.021875
0 0.009375 0.328125 0.0078125 0.021875
0 0.334375 0.3 0.0078125 0.021875
0 0.425 0.2875 0.00625 0.0171875
0 0.6375 0.28515625 0.0046875 0.0140625
3 0.91953125 0.72578125 0.103125 0.25