0 0.05390625 0.671875 0.1078125 0.228125
0 0.54140625 0.46796875 0.053125 0.1046875
0 0.71328125 0.415625 0.0375 0.071875
0 0.8328125 0.396875 0.0234375 0.0546875
3 0.99453125 0.37890625 0.0109375 0.0453125
3 0.875 0.3640625 0.015625 0.040625
3 0.73515625 0.3515625 0.015625 0.0421875
3 0.62734375 0.3421875 0.0140625 0.034375
3 0.534375 0.33671875 0.0140625 0.034375
3 0.42265625 0.33203125 0.015625 0.0359375
3 0.29921875 0.32265625 0.0140625 0.0328125
0 0.853125 0.3828125 0.01875 0.0421875
0 0.75234375 0.36640625 0.0171875 0.0421875
0 0.64765625 0.35625 0.015625 0.040625
0 0.52890625 0.346875 0.015625 0.0375
0 0.42265625 0.33984375 0.0171875 0.0390625
0 0.2859375 0.33828125 0.0171875 0.0421875
0 0.153125 0.334375 0.01875 0.04375
3 0.18203125 0.32109375 0.0171875 0.0390625
3 0.05234375 0.32109375 0.0140625 0.0421875