0 0.22578125 0.45546875 0.0296875 0.0390625
0 0.2421875 0.4953125 0.03125 0.0640625
0 0.3390625 0.39921875 0.0171875 0.0390625
0 0.3890625 0.371875 0.0125 0.028125
0 0.4734375 0.34609375 0.0125 0.0296875
3 0.57109375 0.34453125 0.0140625 0.0328125
3 0.53515625 0.3578125 0.015625 0.034375
3 0.57734375 0.42421875 0.0328125 0.0703125
3 0.63515625 0.32890625 0.0078125 0.0234375
3 0.70703125 0.31953125 0.0078125 0.0171875
3 0.76171875 0.31328125 0.00625 0.0203125
3 0.80546875 0.3078125 0.00625 0.0171875
3 0.51796875 0.37265625 0.01875 0.040625
3 0.9234375 0.340625 0.0109375 0.0265625