0 0.9015625 0.45234375 0.0140625 0.0234375
0 0.9203125 0.47109375 0.0171875 0.0265625
0 0.24921875 0.30703125 0.0140625 0.025
0 0.25390625 0.31875 0.0171875 0.0296875
0 0.296875 0.3296875 0.021875 0.0359375
0 0.3375 0.34375 0.0234375 0.040625
0 0.3625 0.37421875 0.034375 0.0546875
0 0.31484375 0.46015625 0.0609375 0.1015625
3 0.79609375 0.40859375 0.0140625 0.025
3 0.7734375 0.41171875 0.015625 0.0265625
3 0.79140625 0.43359375 0.01875 0.0296875
3 0.85234375 0.47109375 0.025 0.0453125
3 0.49609375 0.33359375 0.0125 0.0234375
3 0.425 0.33203125 0.0140625 0.0265625
3 0.471875 0.34609375 0.0171875 0.0328125
3 0.54921875 0.371875 0.0234375 0.040625
3 0.6265625 0.41875 0.025 0.046875
3 0.7390625 0.51171875 0.04375 0.075