1 0.028125 0.43515625 0.05625 0.2296875
0 0.22109375 0.42109375 0.059375 0.1015625
0 0.31640625 0.3640625 0.0453125 0.075
0 0.3921875 0.33203125 0.03125 0.0546875
0 0.43984375 0.31796875 0.021875 0.040625
0 0.43046875 0.2984375 0.0234375 0.040625
1 0.89765625 0.696875 0.1546875 0.33125
1 0.865625 0.6296875 0.128125 0.2609375
3 0.8640625 0.69921875 0.1078125 0.2015625
3 0.76796875 0.5359375 0.0640625 0.11875
3 0.71875 0.42109375 0.040625 0.06875
3 0.684375 0.3765625 0.03125 0.0484375
3 0.67734375 0.353125 0.0328125 0.0484375
3 0.65703125 0.3390625 0.0203125 0.0328125
3 0.60859375 0.321875 0.021875 0.0359375
3 0.54140625 0.30546875 0.01875 0.034375
3 0.74609375 0.29765625 0.009375 0.01875
3 0.76015625 0.30859375 0.0109375 0.01875
3 0.77109375 0.30859375 0.009375 0.0171875
3 0.97265625 0.38515625 0.0140625 0.0234375
3 0.92421875 0.37265625 0.0109375 0.021875
3 0.92421875 0.3625 0.0125 0.0203125
3 0.8625 0.33203125 0.009375 0.01875
1 0.85390625 0.34296875 0.0171875 0.0359375
3 0.45859375 0.28515625 0.015625 0.028125
3 0.3875 0.26953125 0.015625 0.0296875
3 0.253125 0.246875 0.015625 0.0265625
3 0.13828125 0.22109375 0.0171875 0.0328125
0 0.1796875 0.24140625 0.015625 0.0296875
0 0.28359375 0.2625 0.015625 0.0296875
0 0.35703125 0.2765625 0.0234375 0.0390625