3 0.8109375 0.4765625 0.0921875 0.1640625
3 0.6734375 0.38984375 0.0609375 0.0984375
3 0.58203125 0.353125 0.040625 0.0703125
3 0.51171875 0.3375 0.03125 0.0546875
3 0.4625 0.3359375 0.025 0.0484375
3 0.3984375 0.34140625 0.0171875 0.034375
3 0.31328125 0.35703125 0.0171875 0.034375
0 0.05 0.59296875 0.0765625 0.1234375
0 0.19140625 0.48515625 0.0515625 0.0828125
0 0.21875 0.4296875 0.0296875 0.053125
0 0.1609375 0.40625 0.0265625 0.0515625
0 0.21015625 0.39765625 0.0234375 0.0421875
3 0.2328125 0.37421875 0.015625 0.0328125
0 0.05625 0.4359375 0.0234375 0.05