0 0.292515625 0.5005833333333334 0.0376875 0.08218055555555556
0 0.3342734375 0.4231527777777778 0.0233828125 0.044444444444444446
0 0.33792187500000004 0.3935138888888889 0.01515625 0.029625
0 0.31278125 0.3833611111111111 0.011671875 0.02352777777777778
0 0.8653906250000001 0.3673194444444445 0.0094921875 0.019736111111111114
0 0.7594140625 0.3494166666666667 0.0076328125 0.013152777777777779
0 0.27447656249999997 0.37955555555555553 0.0083515625 0.017791666666666667
0 0.23432031250000002 0.37977777777777777 0.007609375 0.018236111111111113
0 0.193796875 0.3836805555555556 0.005648437500000001 0.013888888888888888
0 0.1541328125 0.39040277777777777 0.009296875 0.01952777777777778
0 0.10298437499999999 0.3993055555555556 0.0070859375 0.012152777777777778
3 0.6776093750000001 0.3531111111111111 0.009031250000000001 0.021430555555555557
3 0.6132500000000001 0.3451111111111111 0.0086796875 0.019930555555555556
3 0.56553125 0.34102777777777776 0.007984375 0.017819444444444443
3 0.9166484374999999 0.4024722222222222 0.017710937500000003 0.04045833333333333
3 0.7758671875 0.36836111111111114 0.012890625 0.027180555555555555
3 0.7016484375 0.4595416666666667 0.032296875 0.07548611111111111
3 0.562453125 0.3950833333333333 0.017109375 0.04136111111111111
3 0.49418749999999995 0.3730416666666666 0.0110078125 0.031097222222222224
3 0.42677343749999996 0.3656388888888889 0.0086484375 0.02113888888888889
3 0.3684453125 0.36395833333333333 0.00834375 0.01798611111111111