1 0.2796875 0.37265625 0.0234375 0.071875
1 0.24609375 0.38203125 0.021875 0.071875
1 0.21015625 0.36796875 0.0171875 0.059375
1 0.18046875 0.3703125 0.01875 0.0578125
3 0.1953125 0.38046875 0.0125 0.0328125
0 0.2625 0.38984375 0.015625 0.04375
3 0.30078125 0.3609375 0.0125 0.0296875
0 0.34375 0.46875 0.0421875 0.0875
0 0.40703125 0.3640625 0.0171875 0.040625
3 0.45625 0.33359375 0.015625 0.0328125
0 0.0765625 0.42734375 0.021875 0.0421875
0 0.09296875 0.590625 0.078125 0.14375
0 0.5171875 0.409375 0.0359375 0.075
0 0.53671875 0.3359375 0.015625 0.0390625
0 0.60625 0.328125 0.0125 0.03125
0 0.6828125 0.375 0.0265625 0.05625
0 0.68671875 0.31640625 0.015625 0.0328125
0 0.725 0.31015625 0.0125 0.028125
0 0.7328125 0.3046875 0.0078125 0.028125
0 0.725 0.2921875 0.0078125 0.021875
0 0.7671875 0.28671875 0.009375 0.0203125
3 0.734375 0.28203125 0.009375 0.0203125
3 0.64296875 0.29765625 0.0109375 0.021875
3 0.67578125 0.29140625 0.0078125 0.0171875
3 0.6171875 0.3046875 0.0078125 0.01875
3 0.59609375 0.3140625 0.0078125 0.0203125
3 0.59375 0.30859375 0.00625 0.01875
3 0.56171875 0.321875 0.009375 0.0265625
3 0.95703125 0.465625 0.0703125 0.121875
3 0.96171875 0.26484375 0.009375 0.021875
3 0.8890625 0.26953125 0.0109375 0.0203125
3 0.809375 0.27421875 0.0078125 0.0171875
0 0.8421875 0.28046875 0.0109375 0.021875
0 0.89453125 0.3359375 0.03125 0.053125
0 0.9375 0.275 0.009375 0.021875