0 0.24453125 0.7203125 0.071875 0.1328125
0 0.4265625 0.4140625 0.0296875 0.0515625
3 0.7484375 0.40546875 0.04375 0.0734375
3 0.6640625 0.321875 0.0203125 0.0328125
3 0.66328125 0.2890625 0.0125 0.0203125
3 0.66796875 0.2734375 0.009375 0.015625
0 0.48203125 0.340625 0.0171875 0.0296875
0 0.53203125 0.3109375 0.0140625 0.0234375
0 0.56796875 0.28828125 0.0078125 0.015625
0 0.58203125 0.27890625 0.0078125 0.0125
0 0.35546875 0.3703125 0.0109375 0.021875
0 0.26875 0.41640625 0.0125 0.021875
0 0.43515625 0.33046875 0.0125 0.021875
0 0.49140625 0.30546875 0.0078125 0.0140625
3 0.41640625 0.32890625 0.009375 0.0171875
3 0.359375 0.359375 0.009375 0.01875
3 0.284375 0.39765625 0.0078125 0.015625
0 0.2015625 0.45390625 0.0109375 0.021875
0 0.12421875 0.50703125 0.0109375 0.0203125
0 0.04140625 0.5765625 0.0109375 0.021875
3 0.21015625 0.43828125 0.009375 0.015625
3 0.13828125 0.4890625 0.0109375 0.021875
3 0.0734375 0.53984375 0.0109375 0.0203125
3 0.6734375 0.26015625 0.009375 0.015625
3 0.45625 0.31171875 0.009375 0.01875
3 0.4828125 0.29765625 0.0078125 0.0140625