0 0.265625 0.54921875 0.0484375 0.09375
0 0.27421875 0.4640625 0.0234375 0.053125
0 0.2375 0.4453125 0.01875 0.0375
0 0.1984375 0.44140625 0.0125 0.0328125
0 0.153125 0.44375 0.0109375 0.025
3 0.69296875 0.4390625 0.0515625 0.0890625
3 0.503125 0.3953125 0.021875 0.0453125
3 0.4015625 0.39296875 0.0140625 0.0328125
3 0.3234375 0.39765625 0.0125 0.028125
3 0.82265625 0.33125 0.0171875 0.0375
3 0.71875 0.325 0.009375 0.025
3 0.653125 0.32265625 0.0140625 0.03125
3 0.6015625 0.32890625 0.0109375 0.0265625
3 0.55234375 0.33515625 0.009375 0.0234375
3 0.446875 0.35625 0.009375 0.021875
3 0.3515625 0.3734375 0.009375 0.0234375
3 0.246875 0.4109375 0.0109375 0.025
3 0.1796875 0.4265625 0.009375 0.0234375
3 0.11328125 0.44140625 0.0109375 0.028125
0 0.10859375 0.459375 0.0125 0.028125
0 0.92265625 0.31640625 0.015625 0.03125
0 0.80390625 0.3125 0.0109375 0.028125
0 0.04921875 0.47421875 0.0109375 0.0265625