3 0.7759322916666667 0.6122314814814815 0.04915625 0.1213611111111111
3 0.566265625 0.4412962962962963 0.03191145833333334 0.07282407407407408
3 0.448046875 0.3826111111111111 0.016255208333333333 0.03875
3 0.359640625 0.36269444444444443 0.01021875 0.025972222222222223
3 0.3239114583333333 0.3549259259259259 0.007208333333333333 0.018074074074074072
3 0.31531770833333334 0.3475185185185185 0.005817708333333334 0.015296296296296296
0 0.18666666666666665 0.399787037037037 0.006989583333333333 0.02185185185185185
0 0.19350520833333332 0.4244351851851852 0.011864583333333335 0.03362962962962963
0 0.18140104166666668 0.5023333333333333 0.022802083333333334 0.05838888888888889
0 0.13397395833333334 0.4128981481481482 0.005958333333333333 0.022583333333333334
0 0.12219791666666667 0.4300740740740741 0.009677083333333333 0.022675925925925926
0 0.07573958333333333 0.4817222222222222 0.011286458333333334 0.0364537037037037
0 0.010223958333333333 0.8218518518518518 0.020453125000000003 0.0826574074074074