0 0.0171875 0.68046875 0.034375 0.203125
0 0.27734375 0.46796875 0.05625 0.115625
0 0.28125 0.3515625 0.021875 0.05625
0 0.18046875 0.35078125 0.021875 0.05
0 0.0296875 0.3515625 0.0203125 0.0484375
0 0.39765625 0.39296875 0.03125 0.071875
0 0.3890625 0.35859375 0.021875 0.059375
1 0.93984375 0.28203125 0.015625 0.0515625
3 0.84296875 0.39921875 0.040625 0.084375
3 0.78671875 0.3609375 0.028125 0.0703125
3 0.996875 0.29140625 0.00625 0.025
3 0.9890625 0.29296875 0.00625 0.021875
3 0.65078125 0.33125 0.01875 0.04375
3 0.73046875 0.3421875 0.021875 0.05
3 0.5546875 0.325 0.01875 0.04375
3 0.4390625 0.32421875 0.0171875 0.0390625
3 0.3421875 0.32734375 0.015625 0.0375
3 0.16015625 0.33125 0.015625 0.0390625
3 0.00703125 0.334375 0.0140625 0.0375
3 0.7984375 0.2578125 0.0078125 0.01875
3 0.81796875 0.26796875 0.0078125 0.015625
3 0.83046875 0.26328125 0.0078125 0.015625