3 0.9158385416666667 0.4503888888888889 0.036348958333333334 0.1005
3 0.990125 0.3961574074074074 0.019744791666666664 0.07934259259259259
3 0.9871510416666667 0.5509629629629629 0.025697916666666668 0.1429351851851852
0 0.051671875 0.6943425925925926 0.08480208333333333 0.21012037037037037
0 0.27686458333333336 0.4945555555555556 0.05006770833333333 0.11212962962962962
0 0.44449479166666667 0.4280462962962963 0.032651041666666665 0.0796388888888889
0 0.5789166666666666 0.39696296296296296 0.024708333333333332 0.06509259259259259
0 0.7190572916666667 0.37412962962962965 0.02225520833333333 0.07498148148148148
0 0.9050260416666667 0.34988888888888886 0.023651041666666664 0.05559259259259259
0 0.042520833333333334 0.3967777777777778 0.024828125 0.06208333333333333
0 0.21081770833333333 0.39116666666666666 0.019161458333333332 0.04555555555555556