0 0.084375 0.85390625 0.078125 0.1328125
0 0.0375 0.7265625 0.0234375 0.0703125
3 0.0625 0.58828125 0.0203125 0.0390625
3 0.17734375 0.46953125 0.0140625 0.028125
3 0.94609375 0.5796875 0.0734375 0.125
3 0.73828125 0.38125 0.034375 0.059375
3 0.70234375 0.33046875 0.0234375 0.0375
0 0.1953125 0.51171875 0.0234375 0.0453125
0 0.3 0.40625 0.01875 0.034375
0 0.38515625 0.44296875 0.0328125 0.059375
0 0.4703125 0.365625 0.021875 0.0375
0 0.52421875 0.3234375 0.0140625 0.0296875
0 0.5640625 0.303125 0.0125 0.0265625
3 0.709375 0.2984375 0.0171875 0.028125
3 0.7203125 0.2828125 0.0125 0.0234375
3 0.25546875 0.40859375 0.015625 0.025
3 0.2828125 0.38359375 0.0078125 0.015625
0 0.3484375 0.3703125 0.009375 0.01875