0 0.0515625 0.66328125 0.0828125 0.146875
0 0.0171875 0.51171875 0.034375 0.0796875
0 0.24609375 0.37578125 0.028125 0.0515625
0 0.4109375 0.4046875 0.034375 0.0578125
0 0.3671875 0.3265625 0.0171875 0.0328125
3 0.0671875 0.40703125 0.0234375 0.0453125
3 0.81015625 0.55390625 0.053125 0.084375
3 0.2078125 0.346875 0.015625 0.03125
3 0.296875 0.32265625 0.015625 0.0265625
3 0.3578125 0.3078125 0.0140625 0.0234375
3 0.39765625 0.30234375 0.0125 0.021875
3 0.7609375 0.4171875 0.0234375 0.040625
3 0.71796875 0.3703125 0.0171875 0.03125
3 0.68359375 0.3453125 0.0125 0.025
3 0.4359375 0.296875 0.0109375 0.021875
3 0.49375 0.2984375 0.009375 0.0203125
3 0.55703125 0.30625 0.009375 0.0171875
3 0.63828125 0.325 0.009375 0.01875
0 0.525 0.35078125 0.021875 0.040625
0 0.58046875 0.334375 0.015625 0.0296875
0 0.53046875 0.31796875 0.0140625 0.025
0 0.459375 0.3171875 0.0140625 0.0265625