3 0.9703125 0.540625 0.059375 0.15625
3 0.8734375 0.30546875 0.028125 0.0609375
3 0.8625 0.2546875 0.0234375 0.05
3 0.83671875 0.2203125 0.0234375 0.0421875
3 0.82890625 0.20234375 0.021875 0.0390625
3 0.7234375 0.1546875 0.015625 0.03125
0 0.23046875 0.30546875 0.071875 0.1234375
0 0.503125 0.2234375 0.0421875 0.0828125
0 0.58046875 0.196875 0.034375 0.0609375
0 0.61015625 0.17265625 0.0203125 0.04375
0 0.63125 0.16171875 0.01875 0.0390625
0 0.67578125 0.15859375 0.01875 0.0390625
0 0.13828125 0.15234375 0.0234375 0.0453125
0 0.27265625 0.12578125 0.021875 0.040625
0 0.371875 0.11328125 0.0171875 0.0296875
0 0.44296875 0.10859375 0.0125 0.0265625
0 0.51171875 0.11484375 0.0140625 0.0265625
0 0.5953125 0.128125 0.0140625 0.025
3 0.13984375 0.13125 0.021875 0.040625
3 0.2328125 0.11171875 0.0171875 0.034375
3 0.378125 0.10234375 0.01875 0.0390625
3 0.64609375 0.1265625 0.0171875 0.0328125