0 0.3359375 0.51328125 0.04375 0.0859375
0 0.45 0.43046875 0.0328125 0.0625
0 0.5578125 0.390625 0.0171875 0.0375
0 0.6421875 0.35625 0.01875 0.03125
3 0.7640625 0.45078125 0.0515625 0.096875
3 0.73046875 0.403125 0.034375 0.06875
3 0.74921875 0.38515625 0.0296875 0.065625
3 0.79921875 0.36640625 0.03125 0.059375
3 0.90703125 0.3484375 0.0265625 0.05
3 0.0046875 0.49921875 0.009375 0.0234375
3 0.08125 0.48515625 0.015625 0.0265625
3 0.2078125 0.43359375 0.0125 0.025
0 0.0765625 0.50703125 0.0140625 0.028125
0 0.22578125 0.44375 0.015625 0.0328125
3 0.303125 0.40078125 0.009375 0.021875
0 0.7609375 0.3359375 0.01875 0.0375
0 0.86328125 0.33125 0.0203125 0.0375
0 0.97265625 0.3265625 0.0140625 0.0328125