0 0.14296875 0.29921875 0.0140625 0.01875
0 0.2609375 0.31796875 0.0234375 0.0375
3 0.24375 0.29765625 0.015625 0.0265625
3 0.35 0.31953125 0.015625 0.028125
0 0.4046875 0.34453125 0.0203125 0.034375
3 0.45234375 0.33984375 0.0140625 0.0265625
3 0.546875 0.36015625 0.01875 0.0296875
3 0.6359375 0.37890625 0.015625 0.0265625
0 0.62578125 0.38828125 0.0171875 0.0328125
0 0.52734375 0.3671875 0.0203125 0.0375
0 0.7390625 0.4109375 0.0171875 0.03125
3 0.74296875 0.390625 0.0078125 0.009375
3 0.84765625 0.42578125 0.0125 0.0265625
0 0.83984375 0.43125 0.015625 0.0328125
0 0.9578125 0.46484375 0.021875 0.034375
0 0.98671875 0.5203125 0.0265625 0.075
3 0.940625 0.4484375 0.01875 0.03125
0 0.82578125 0.52265625 0.059375 0.0953125
3 0.11875 0.27578125 0.0140625 0.01875
0 0.5296875 0.5171875 0.05625 0.0875