0 0.21746354166666665 0.5517407407407408 0.054197916666666665 0.12290740740740741
0 0.3288072916666666 0.458712962962963 0.029364583333333336 0.07673148148148148
0 0.44855208333333335 0.41252777777777777 0.025921875 0.053648148148148146
0 0.5656145833333334 0.3860462962962963 0.018635416666666668 0.04685185185185185
0 0.6920572916666666 0.3646574074074074 0.017890625 0.040740740740740744
0 0.6450729166666667 0.3303888888888889 0.009645833333333333 0.02735185185185185
0 0.5880104166666666 0.33766666666666667 0.009661458333333334 0.030435185185185183
0 0.7144270833333334 0.3242129629629629 0.009401041666666667 0.026462962962962962
0 0.8617916666666667 0.34251851851851856 0.014322916666666666 0.03837962962962963
0 0.7495416666666667 0.3187037037037037 0.008166666666666666 0.02337962962962963
0 0.7578489583333333 0.3169351851851852 0.005932291666666667 0.020731481481481483
0 0.7618229166666667 0.3112037037037037 0.004984375 0.019851851851851853
0 0.7580989583333333 0.3063518518518519 0.006432291666666667 0.019851851851851853
0 0.7946927083333333 0.30039814814814814 0.006666666666666667 0.019407407407407408
0 0.8616875 0.29775 0.007666666666666667 0.01852777777777778
0 0.9465364583333333 0.2959814814814815 0.007145833333333334 0.017648148148148145
3 0.918625 0.38155555555555554 0.023776041666666668 0.058222222222222224
3 0.83278125 0.4177314814814815 0.02627604166666667 0.07057407407407407
3 0.8518854166666666 0.4827962962962963 0.043640625 0.10189814814814814
3 0.21891666666666668 0.3700925925925926 0.010875 0.029111111111111112
3 0.321625 0.3595 0.007875 0.024703703703703703
3 0.3999166666666667 0.3478148148148148 0.009125 0.025138888888888888
1 0.36369270833333334 0.3608240740740741 0.015088541666666667 0.05028703703703704
1 0.3901145833333333 0.35641666666666666 0.01334375 0.0520462962962963
0 0.37696874999999996 0.3672222222222222 0.010864583333333334 0.033962962962962966
1 0.3104791666666667 0.35178703703703706 0.012375 0.04190740740740741
1 0.3318125 0.34979629629629627 0.012364583333333333 0.041462962962962965
0 0.10664583333333333 0.3950092592592593 0.012624999999999999 0.04101851851851852
3 0.023536458333333333 0.3855277777777778 0.014130208333333333 0.03528703703703703
3 0.524109375 0.333037037037037 0.008401041666666666 0.025583333333333333
3 0.6115729166666667 0.3233333333333333 0.007651041666666666 0.023824074074074074
3 0.6412239583333333 0.31583333333333335 0.008895833333333332 0.025583333333333333
3 0.6625729166666667 0.3118611111111111 0.006927083333333334 0.017648148148148145
3 0.6851458333333333 0.3050277777777778 0.006421875 0.017203703703703704
3 0.7156614583333333 0.3017222222222222 0.006416666666666667 0.016759259259259262
3 0.7685156249999999 0.2957592592592593 0.005927083333333334 0.016324074074074074
3 0.8372395833333334 0.2917962962962963 0.0064062500000000005 0.017203703703703704
3 0.9095572916666667 0.28980555555555554 0.008125 0.019407407407407408
3 0.9740729166666667 0.2878240740740741 0.007635416666666667 0.01897222222222222
0 0.24703125 0.38846296296296295 0.01478125 0.030138888888888885
0 0.48482291666666666 0.352462962962963 0.010760416666666666 0.02735185185185185