1 0.90546875 0.4125 0.028125 0.0859375
1 0.6078125 0.4125 0.0234375 0.075
1 0.59453125 0.41328125 0.0234375 0.078125
3 0.00390625 0.40390625 0.0078125 0.0296875
3 0.0328125 0.4109375 0.0125 0.03125
3 0.0046875 0.42421875 0.009375 0.0390625
3 0.86953125 0.36640625 0.0125 0.0296875
3 0.884375 0.38359375 0.0140625 0.0328125
3 0.89609375 0.4109375 0.0203125 0.0421875
3 0.94765625 0.44921875 0.034375 0.06875
0 0.6828125 0.37578125 0.0109375 0.028125
0 0.659375 0.3921875 0.0140625 0.03125
0 0.6421875 0.4109375 0.0171875 0.0359375
0 0.55078125 0.4484375 0.025 0.0609375
0 0.4171875 0.49375 0.0390625 0.0875
0 0.21640625 0.390625 0.0109375 0.028125
0 0.26171875 0.41015625 0.0140625 0.0296875
0 0.21015625 0.4234375 0.01875 0.0375
0 0.08359375 0.4453125 0.0203125 0.053125
0 0.27421875 0.54609375 0.0640625 0.11875