3 0.803125 0.3828125 0.071875 0.1578125
3 0.6546875 0.1828125 0.0421875 0.078125
3 0.6140625 0.1265625 0.028125 0.0515625
3 0.5953125 0.10078125 0.0203125 0.040625
3 0.57578125 0.08671875 0.0203125 0.034375
3 0.56484375 0.07109375 0.0171875 0.0265625
3 0.11328125 0.0484375 0.0140625 0.0234375
0 0.065625 0.0796875 0.01875 0.0359375
0 0.10234375 0.06328125 0.0171875 0.03125
0 0.14765625 0.05078125 0.0140625 0.025
0 0.1484375 0.184375 0.0546875 0.0953125
0 0.25 0.128125 0.0359375 0.0625
0 0.32109375 0.08515625 0.025 0.0453125
0 0.384375 0.065625 0.01875 0.0390625
0 0.40859375 0.053125 0.0140625 0.025
0 0.4453125 0.046875 0.0140625 0.025
0 0.19453125 0.0421875 0.0125 0.025
0 0.42109375 0.034375 0.0109375 0.0203125
3 0.17109375 0.0375 0.0125 0.0234375