1 0.04609375 0.590625 0.08125 0.2140625
0 0.025 0.64765625 0.0421875 0.1484375
3 0.065625 0.36640625 0.0125 0.025
0 0.1109375 0.3734375 0.0140625 0.0328125
0 0.21796875 0.5140625 0.05 0.096875
0 0.2828125 0.43984375 0.0375 0.06875
0 0.33828125 0.39453125 0.0265625 0.059375
0 0.36328125 0.3546875 0.0171875 0.0390625
0 0.378125 0.36953125 0.0203125 0.040625
3 0.38515625 0.3328125 0.0140625 0.0296875
3 0.31328125 0.3421875 0.0109375 0.0296875
0 0.28671875 0.35703125 0.0125 0.0328125
0 0.21484375 0.36015625 0.0125 0.0375
3 0.1796875 0.35390625 0.0109375 0.0296875
3 0.46875 0.32734375 0.0140625 0.0296875
3 0.534375 0.3234375 0.015625 0.0375
3 0.58125 0.32734375 0.015625 0.0328125
3 0.60546875 0.33671875 0.0171875 0.0375
3 0.61875 0.35078125 0.021875 0.05
3 0.6578125 0.38125 0.028125 0.0625
3 0.73125 0.4640625 0.053125 0.10625
1 0.815625 0.496875 0.0671875 0.2390625
1 0.86328125 0.5453125 0.090625 0.26875
3 0.834375 0.565625 0.0515625 0.16875
3 0.8390625 0.28046875 0.009375 0.021875
3 0.80859375 0.28125 0.009375 0.01875
1 0.76875 0.27265625 0.0109375 0.034375
3 0.8890625 0.27890625 0.0078125 0.021875
3 0.90859375 0.26484375 0.0078125 0.0171875
3 0.934375 0.28125 0.009375 0.0203125
3 0.93203125 0.2734375 0.0078125 0.01875
3 0.978125 0.275 0.009375 0.0203125
3 0.9546875 0.27265625 0.0109375 0.021875
3 0.65703125 0.26484375 0.009375 0.01875
3 0.671875 0.26953125 0.00625 0.0125
3 0.68203125 0.26484375 0.0078125 0.015625