0 0.33078124999999997 0.4768055555555556 0.034937499999999996 0.08751388888888889
0 0.42800781250000003 0.41233333333333333 0.021984375 0.06068055555555555
0 0.47219531249999996 0.3768472222222222 0.015796875 0.04063888888888889
0 0.46442187500000004 0.35570833333333335 0.008890625000000001 0.029805555555555557
0 0.438828125 0.34975 0.007054687499999999 0.022208333333333333
0 0.4088046875 0.3494861111111111 0.0072734375 0.027097222222222224
0 0.9333125000000001 0.3746805555555555 0.009664062499999999 0.026555555555555558
0 0.8793749999999999 0.3592361111111111 0.00784375 0.021666666666666667
0 0.8571249999999999 0.348125 0.0084609375 0.018958333333333334
3 0.8002890624999999 0.5079722222222223 0.041078125 0.10348611111111111
3 0.7024609374999999 0.409625 0.019765625000000002 0.05634722222222222
3 0.6559765625 0.36519444444444443 0.0133515625 0.04009722222222222
3 0.61346875 0.35002777777777777 0.011234375000000001 0.029263888888888888
3 0.5695781249999999 0.3402777777777778 0.007585937500000001 0.02276388888888889
3 0.517015625 0.33675 0.006679687500000001 0.021125
3 0.909546875 0.39608333333333334 0.0145546875 0.034680555555555555
3 0.8312265625 0.3711527777777778 0.0109140625 0.03251388888888889
3 0.7721015625 0.3532777777777778 0.007875 0.020583333333333335
3 0.744375 0.34081944444444445 0.0072734375 0.021666666666666667
3 0.7394999999999999 0.3335 0.0066640625 0.022208333333333333
3 0.801359375 0.32645833333333335 0.004828125 0.017875
3 0.7679921875 0.32834722222222223 0.0063515625000000004 0.01625
0 0.3726875 0.3470416666666667 0.008179687500000001 0.021125
0 0.359734375 0.3413611111111111 0.006046875 0.018416666666666668
3 0.4834296875 0.3333472222222222 0.006804687500000001 0.01647222222222222