3 0.8256666666666667 0.54225 0.03886979166666667 0.09375
3 0.6355833333333333 0.39814814814814814 0.021984375 0.046296296296296294
3 0.521015625 0.35012037037037036 0.012890625 0.03356481481481482
3 0.3768229166666667 0.35648148148148145 0.014875 0.032407407407407406
3 0.28535937499999997 0.3697962962962963 0.014244791666666668 0.02662037037037037
0 0.3576197916666667 0.4930555555555556 0.03896354166666667 0.08796296296296297
0 0.2771666666666667 0.43999074074074074 0.019989583333333335 0.050509259259259254
0 0.13129166666666667 0.49911111111111106 0.01768229166666667 0.052287037037037035
3 0.06696354166666667 0.48247222222222225 0.009338541666666667 0.030898148148148147
3 0.13313020833333333 0.4364259259259259 0.012 0.03387037037037037
3 0.19713020833333333 0.4043425925925926 0.009645833333333333 0.030305555555555554