0 0.13359375 0.7203125 0.11875 0.196875
0 0.44453125 0.42890625 0.0375 0.075
0 0.528125 0.36484375 0.0171875 0.0390625
0 0.5875 0.3375 0.015625 0.03125
0 0.64609375 0.3203125 0.0125 0.021875
0 0.7203125 0.30859375 0.015625 0.025
0 0.75546875 0.30546875 0.0109375 0.01875
3 0.771875 0.32109375 0.0140625 0.0234375
3 0.74140625 0.32890625 0.015625 0.028125
3 0.73515625 0.35234375 0.025 0.040625
3 0.79609375 0.40703125 0.040625 0.084375
3 0.81328125 0.30859375 0.0078125 0.0171875
3 0.99453125 0.6796875 0.0109375 0.1625
3 0.88203125 0.28984375 0.009375 0.01875
3 0.87578125 0.28828125 0.00625 0.0125
3 0.878125 0.30078125 0.009375 0.015625
3 0.84765625 0.3046875 0.009375 0.0203125
0 0.78828125 0.29765625 0.0109375 0.0203125