0 0.14458333333333334 0.5740740740740741 0.05648958333333333 0.1428611111111111
0 0.2785 0.45767592592592593 0.03711458333333333 0.08730555555555557
0 0.36665625 0.4007962962962963 0.0259375 0.06349074074074074
0 0.4198541666666667 0.3683888888888889 0.013276041666666665 0.04100925925925926
0 0.4074635416666667 0.35033333333333333 0.015130208333333334 0.038925925925925926
3 0.9483072916666667 0.5951296296296297 0.08218229166666666 0.17555555555555555
3 0.7665104166666666 0.4188425925925926 0.037411458333333335 0.0754537037037037
3 0.7020416666666667 0.3690277777777778 0.02273958333333333 0.05513888888888888
3 0.68109375 0.3491944444444444 0.0189375 0.044500000000000005
3 0.6528020833333333 0.33855555555555555 0.015677083333333335 0.03675925925925926
3 0.5978541666666667 0.33178703703703705 0.015692708333333333 0.03675925925925926
3 0.5241354166666666 0.32839814814814816 0.012989583333333334 0.03191666666666666
3 0.43736458333333333 0.32937037037037037 0.011375 0.02999074074074074
1 0.8474166666666666 0.29398148148148145 0.010177083333333333 0.032407407407407406
3 0.3626614583333333 0.33101851851851855 0.009421875 0.029324074074074075
3 0.22726041666666666 0.33641666666666664 0.00771875 0.024694444444444446
3 0.11269270833333334 0.33719444444444446 0.007750000000000001 0.023148148148148147
3 0.024161458333333333 0.33873148148148147 0.007770833333333334 0.023148148148148147
0 0.32794270833333333 0.3449074074074074 0.009432291666666667 0.032407407407407406
0 0.25546875 0.3479907407407407 0.008583333333333333 0.032407407407407406
0 0.14654166666666668 0.3464537037037037 0.011213541666666667 0.032407407407407406
0 0.012010416666666666 0.3479907407407407 0.009505208333333333 0.032407407407407406