0 0.1828125 0.75234375 0.128125 0.2078125
0 0.4609375 0.49453125 0.059375 0.0953125
0 0.578125 0.41640625 0.0390625 0.0640625
0 0.58671875 0.38984375 0.028125 0.0453125
0 0.47578125 0.40078125 0.0234375 0.04375
0 0.36328125 0.41875 0.0234375 0.04375
0 0.2171875 0.4484375 0.025 0.040625
0 0.07265625 0.48828125 0.0265625 0.046875
3 0.0859375 0.4671875 0.021875 0.0375
3 0.22578125 0.434375 0.0203125 0.0375
3 0.3359375 0.41015625 0.01875 0.03125
3 0.45390625 0.3859375 0.01875 0.0375
3 0.58984375 0.359375 0.021875 0.034375
3 0.7125 0.340625 0.0234375 0.0390625
3 0.796875 0.33125 0.0234375 0.04375
3 0.8765625 0.3328125 0.0328125 0.0578125
3 0.96015625 0.35 0.0484375 0.0796875