0 0.0734375 0.80546875 0.071875 0.1265625
0 0.03046875 0.68046875 0.03125 0.0703125
3 0.06640625 0.54765625 0.0171875 0.0375
3 0.184375 0.43984375 0.0125 0.0265625
3 0.91796875 0.58515625 0.0640625 0.11875
3 0.72734375 0.38203125 0.03125 0.05625
3 0.69609375 0.33125 0.0203125 0.0359375
0 0.1984375 0.48046875 0.021875 0.04375
0 0.3046875 0.384375 0.015625 0.0328125
0 0.384375 0.42421875 0.028125 0.05625
0 0.4703125 0.35390625 0.01875 0.034375
0 0.525 0.315625 0.0125 0.028125
0 0.5640625 0.2984375 0.0109375 0.025
3 0.70390625 0.3015625 0.015625 0.0265625
3 0.71484375 0.28671875 0.0109375 0.0234375
3 0.26171875 0.384375 0.0125 0.025
3 0.2890625 0.3625 0.00625 0.015625
0 0.353125 0.353125 0.009375 0.0171875