0 0.648046875 0.4263888888888889 0.0276015625 0.06844444444444445
0 0.6675 0.37754166666666666 0.017578125 0.0435
3 0.9911875 0.47273611111111113 0.017625 0.058472222222222224
3 0.9021250000000001 0.39893055555555557 0.021578125 0.05347222222222222
3 0.8291328124999999 0.34688888888888886 0.01196875 0.030666666666666665
3 0.8481875000000001 0.3636388888888889 0.0147734375 0.03993055555555555
3 0.79765625 0.32798611111111114 0.008367187500000001 0.021388888888888888
1 0.8588125 0.35805555555555557 0.0189921875 0.06502777777777778
1 0.84078125 0.3502638888888889 0.016492187499999998 0.05655555555555555
1 0.6736953125 0.34626388888888887 0.015562500000000002 0.06101388888888889
3 0.774140625 0.3139722222222222 0.0054609375000000005 0.017819444444444443
3 0.9780468750000001 0.3500416666666667 0.008953125000000001 0.024055555555555556
3 0.9571328125 0.3373472222222222 0.007203125 0.01826388888888889
3 0.9647734375000001 0.33066666666666666 0.006070312499999999 0.01647222222222222
3 0.7657421875 0.3052916666666667 0.005203125 0.019152777777777776
0 0.6830859375 0.32398611111111114 0.0073046874999999995 0.02359722222222222