3 0.5625 0.528125 0.059375 0.153125
3 0.47578125 0.42734375 0.0421875 0.0859375
3 0.57734375 0.37734375 0.0265625 0.059375
3 0.6109375 0.3546875 0.01875 0.046875
3 0.64296875 0.33515625 0.015625 0.0390625
3 0.6734375 0.31953125 0.0125 0.028125
3 0.6828125 0.30546875 0.0109375 0.028125
3 0.6953125 0.3 0.009375 0.025
3 0.6703125 0.290625 0.009375 0.021875
3 0.62734375 0.28984375 0.009375 0.021875
3 0.571875 0.28828125 0.00625 0.01875
3 0.52421875 0.28828125 0.0078125 0.0203125
3 0.43828125 0.28984375 0.00625 0.021875
3 0.36796875 0.2875 0.00625 0.0171875
0 0.03671875 0.40234375 0.0328125 0.071875
0 0.18984375 0.36875 0.0265625 0.0609375
0 0.26953125 0.359375 0.01875 0.0484375
0 0.36796875 0.3453125 0.015625 0.040625
0 0.13203125 0.33125 0.0109375 0.028125
0 0.16953125 0.31953125 0.0109375 0.0265625
0 0.0453125 0.33984375 0.015625 0.04375
0 0.0265625 0.3 0.00625 0.0234375
0 0.059375 0.29765625 0.0078125 0.021875
0 0.32734375 0.29296875 0.00625 0.01875
0 0.4234375 0.33671875 0.0140625 0.0375
0 0.46796875 0.33359375 0.0140625 0.0296875
0 0.49375 0.32265625 0.0109375 0.0234375
0 0.52265625 0.309375 0.0078125 0.01875
0 0.55078125 0.3046875 0.0078125 0.0171875
0 0.54765625 0.29375 0.0078125 0.0203125
0 0.503125 0.29453125 0.0078125 0.0171875
0 0.46171875 0.2921875 0.009375 0.021875
1 0.41640625 0.32890625 0.0171875 0.059375
1 0.43046875 0.32890625 0.01875 0.0578125
1 0.61875 0.334375 0.0140625 0.05625
1 0.628125 0.33203125 0.0171875 0.05625