3 0.8279114583333332 0.5469537037037038 0.03772916666666667 0.10185185185185185
3 0.7224531249999999 0.3667037037037037 0.0145625 0.03815740740740741
3 0.70146875 0.32834259259259263 0.007395833333333333 0.021185185185185185
3 0.6958333333333333 0.31055555555555553 0.00590625 0.01739814814814815
3 0.71040625 0.30356481481481484 0.004838541666666666 0.015509259259259259
0 0.374546875 0.4430925925925926 0.025244791666666665 0.06287962962962963
0 0.500484375 0.36137962962962966 0.014947916666666667 0.036305555555555556
0 0.5611875000000001 0.3241759259259259 0.008328125 0.02358333333333333
0 0.4485677083333333 0.32899074074074075 0.0078125 0.021657407407407406
0 0.3562291666666667 0.3602777777777778 0.011036458333333334 0.0245462962962963
0 0.220875 0.4108148148148148 0.009984375 0.029361111111111112
0 0.09890104166666666 0.4680925925925926 0.012958333333333332 0.03225