1 0.87265625 0.296875 0.0359375 0.078125
1 0.8546875 0.2984375 0.040625 0.084375
0 0.86875 0.31171875 0.025 0.0484375
0 0.80625 0.33515625 0.0359375 0.0625
0 0.7875 0.26328125 0.0125 0.021875
0 0.6875 0.37265625 0.0484375 0.0796875
0 0.59296875 0.41171875 0.05 0.0890625
0 0.5125 0.3609375 0.0234375 0.0375
0 0.5484375 0.3453125 0.01875 0.03125
0 0.54296875 0.33671875 0.0140625 0.028125
0 0.50625 0.3390625 0.015625 0.03125
0 0.4703125 0.3375 0.0140625 0.0234375
0 0.44296875 0.33671875 0.0140625 0.0234375
0 0.4265625 0.3828125 0.0265625 0.046875
0 0.40078125 0.5 0.0734375 0.1125
0 0.2359375 0.43359375 0.0296875 0.0515625
0 0.1875 0.653125 0.1234375 0.175
0 0.009375 0.49375 0.01875 0.053125
3 0.009375 0.4703125 0.01875 0.03125
3 0.1421875 0.440625 0.028125 0.0453125
3 0.28671875 0.4046875 0.0265625 0.0421875
3 0.35703125 0.38359375 0.01875 0.0296875
3 0.34765625 0.37265625 0.015625 0.0265625
3 0.371875 0.3734375 0.0203125 0.0328125
3 0.31171875 0.37421875 0.0171875 0.028125
3 0.29921875 0.36015625 0.0109375 0.0203125
3 0.290625 0.375 0.0140625 0.0203125
3 0.2609375 0.3765625 0.0140625 0.0265625
3 0.93671875 0.2296875 0.0171875 0.03125
0 0.93828125 0.271875 0.028125 0.0421875
0 0.915625 0.29453125 0.0265625 0.040625
0 0.91875 0.2390625 0.01875 0.028125
0 0.86328125 0.24921875 0.015625 0.0265625