3 0.94765625 0.778125 0.0421875 0.121875
3 0.61171875 0.56640625 0.059375 0.1296875
3 0.503125 0.4734375 0.0515625 0.0984375
3 0.44609375 0.4265625 0.034375 0.065625
3 0.41875 0.3953125 0.0296875 0.05625
3 0.3796875 0.37265625 0.0296875 0.05
3 0.33671875 0.3515625 0.025 0.0421875
3 0.30078125 0.34140625 0.021875 0.0359375
3 0.24765625 0.33046875 0.01875 0.03125
3 0.16953125 0.3203125 0.0203125 0.0359375
3 0.028125 0.30625 0.0078125 0.03125
0 0.04453125 0.31875 0.01875 0.03125
0 0.10078125 0.32578125 0.01875 0.0359375
0 0.1203125 0.34140625 0.0203125 0.040625
0 0.125 0.36328125 0.028125 0.053125
0 0.06796875 0.3796875 0.0375 0.06875
3 0.0953125 0.3109375 0.0140625 0.028125