0 0.1967421875 0.59375 0.058515625 0.14583333333333334
0 0.3709453125 0.4277638888888889 0.0256171875 0.059875
0 0.4223203125 0.38106944444444446 0.0141875 0.04769444444444445
0 0.44828906249999995 0.35672222222222216 0.010187499999999999 0.035513888888888887
0 0.11665624999999999 0.41352777777777777 0.011773437500000001 0.03286111111111111
0 0.018671874999999998 0.4473888888888889 0.019390625 0.03880555555555556
0 0.1804453125 0.38997222222222216 0.012085937500000001 0.0285
0 0.19546875 0.37493055555555554 0.00728125 0.020583333333333335
0 0.1817734375 0.3721527777777778 0.0075078125 0.019
3 0.0314765625 0.41729166666666667 0.0106640625 0.029291666666666667
3 0.060312500000000005 0.40997222222222224 0.011773437500000001 0.025736111111111112
3 0.078234375 0.40026388888888886 0.007984375 0.022166666666666668
3 0.0868046875 0.3907638888888889 0.005156249999999999 0.019
3 0.6795234375 0.4176944444444445 0.02365625 0.06018055555555556
3 0.6263046875 0.3777083333333333 0.016960937500000002 0.03959722222222222
3 0.5952421875 0.3551388888888889 0.0109375 0.026916666666666665
3 0.574421875 0.3428611111111111 0.008484374999999999 0.021375
3 0.7417578125000001 0.3507777777777778 0.0090625 0.026125
3 0.709578125 0.3390972222222222 0.0079609375 0.020194444444444442
3 0.6963359375 0.33118055555555553 0.00640625 0.018611111111111113
3 0.5581640625000001 0.3339583333333333 0.0057734375 0.017027777777777777
3 0.671953125 0.3258333333333333 0.006640625 0.017416666666666667
3 0.8209296875 0.37493055555555554 0.0155234375 0.034847222222222224
3 0.872921875 0.5728888888888889 0.06471875 0.14806944444444445
0 0.9425234375 0.37651388888888887 0.0101796875 0.03404166666666667
0 0.8561328125 0.3527638888888889 0.01028125 0.025333333333333333
0 0.80959375 0.3428611111111111 0.0067109375 0.019
0 0.7810859375 0.336125 0.0062578124999999995 0.018208333333333333
0 0.461625 0.3452361111111111 0.0051328125 0.018208333333333333
3 0.5372265625 0.3303888888888889 0.005375 0.013861111111111112
3 0.6405390625 0.3229722222222222 0.005093749999999999 0.014305555555555556