3 0.2234375 0.315625 0.0109375 0.0265625
3 0.00859375 0.31796875 0.009375 0.028125
3 0.36640625 0.31171875 0.009375 0.025
3 0.4453125 0.309375 0.009375 0.03125
3 0.5375 0.31015625 0.009375 0.028125
3 0.6140625 0.3140625 0.0125 0.03125
3 0.67421875 0.321875 0.0125 0.034375
3 0.70625 0.33203125 0.01875 0.040625
3 0.73125 0.353125 0.021875 0.053125
3 0.8078125 0.4109375 0.03125 0.078125
0 0.328125 0.32734375 0.0109375 0.03125
0 0.41328125 0.33359375 0.015625 0.0375
0 0.42734375 0.3515625 0.021875 0.046875
0 0.3671875 0.38828125 0.025 0.065625
0 0.26796875 0.4546875 0.0375 0.090625
0 0.096875 0.60234375 0.0625 0.153125