1 0.946875 0.47109375 0.10625 0.3078125
1 0.97734375 0.52734375 0.0453125 0.3609375
3 0.978125 0.53359375 0.04375 0.1828125
3 0.29375 0.3328125 0.0140625 0.0265625
3 0.36875 0.31328125 0.0140625 0.025
3 0.45703125 0.29375 0.0171875 0.03125
3 0.528125 0.27890625 0.01875 0.03125
3 0.5828125 0.2734375 0.0203125 0.034375
3 0.61015625 0.27734375 0.0203125 0.0375
3 0.62734375 0.2921875 0.028125 0.0484375
3 0.684375 0.32265625 0.04375 0.0703125
3 0.80234375 0.4109375 0.075 0.1234375
0 0.0796875 0.40078125 0.0203125 0.0328125
0 0.1890625 0.36953125 0.01875 0.0328125
0 0.26328125 0.35234375 0.015625 0.0328125
0 0.34609375 0.33984375 0.0234375 0.0390625
0 0.36328125 0.353125 0.021875 0.040625
0 0.32265625 0.3890625 0.03125 0.05625
0 0.265625 0.4546875 0.0453125 0.0734375
0 0.1953125 0.55625 0.071875 0.109375