1 0.93515625 0.50859375 0.0390625 0.0921875
1 0.62734375 0.45390625 0.0328125 0.0796875
1 0.6140625 0.45234375 0.0328125 0.0828125
3 0.03203125 0.34765625 0.015625 0.034375
3 0.90625 0.4546875 0.0171875 0.0328125
3 0.91796875 0.47421875 0.0171875 0.0359375
3 0.92578125 0.50546875 0.0265625 0.046875
3 0.971875 0.55390625 0.0421875 0.075
0 0.7109375 0.4296875 0.015625 0.03125
0 0.684375 0.4421875 0.0171875 0.034375
0 0.66328125 0.45859375 0.021875 0.0390625
0 0.5609375 0.48046875 0.0328125 0.065625
0 0.41484375 0.503125 0.05 0.0953125
0 0.2265625 0.359375 0.015625 0.03125
0 0.2703125 0.38828125 0.0171875 0.0328125
0 0.215625 0.39296875 0.0234375 0.040625
0 0.0796875 0.3921875 0.028125 0.0578125
0 0.2578125 0.53125 0.0796875 0.1296875