0 0.24296875 0.52734375 0.0671875 0.1234375
0 0.42578125 0.4703125 0.0421875 0.084375
0 0.60234375 0.44375 0.034375 0.0671875
0 0.69453125 0.43828125 0.03125 0.0609375
0 0.81484375 0.43515625 0.0234375 0.05
0 0.553125 0.3875 0.015625 0.0328125
0 0.47109375 0.38828125 0.015625 0.040625
0 0.58984375 0.3828125 0.0109375 0.0265625
0 0.5859375 0.37421875 0.0125 0.025
0 0.55234375 0.36484375 0.0125 0.028125
0 0.5203125 0.35859375 0.009375 0.01875
0 0.51484375 0.34296875 0.0078125 0.01875
0 0.4953125 0.34765625 0.009375 0.01875
0 0.47734375 0.34609375 0.0078125 0.01875
0 0.46953125 0.34375 0.0078125 0.0171875
0 0.6359375 0.3515625 0.009375 0.01875
0 0.56796875 0.34453125 0.0078125 0.0171875
0 0.678125 0.35625 0.0078125 0.0171875
0 0.75 0.3625 0.00625 0.0171875
0 0.8328125 0.3703125 0.009375 0.0171875
0 0.92890625 0.428125 0.0140625 0.0359375
0 0.878125 0.428125 0.01875 0.0421875
0 0.95859375 0.41484375 0.0140625 0.03125
0 0.9953125 0.40546875 0.009375 0.0265625
0 0.96015625 0.38125 0.0109375 0.0203125
0 0.90625 0.37578125 0.009375 0.0203125
1 0.86953125 0.41640625 0.025 0.071875
1 0.88515625 0.41875 0.021875 0.065625
3 0.9828125 0.3765625 0.0109375 0.0234375
3 0.87578125 0.36796875 0.009375 0.01875
3 0.7953125 0.359375 0.009375 0.01875
3 0.7359375 0.35546875 0.0078125 0.0171875
3 0.6734375 0.34921875 0.00625 0.0171875
3 0.62734375 0.34453125 0.00625 0.015625
3 0.58359375 0.34375 0.0078125 0.0171875
3 0.4796875 0.3375 0.0078125 0.015625
3 0.4078125 0.37265625 0.0140625 0.03125
3 0.42421875 0.36328125 0.0109375 0.025
3 0.42890625 0.33671875 0.0078125 0.0171875
3 0.40078125 0.3578125 0.0109375 0.0265625
3 0.340625 0.37109375 0.015625 0.0328125
3 0.36875 0.3515625 0.0125 0.0234375
3 0.31875 0.3390625 0.009375 0.01875
3 0.35703125 0.3375 0.0078125 0.01875
0 0.29296875 0.38359375 0.015625 0.040625
3 0.20625 0.365625 0.015625 0.03125
0 0.08046875 0.37578125 0.021875 0.0453125
3 0.53046875 0.34140625 0.00625 0.015625