3 0.8578125 0.528125 0.0640625 0.1140625
3 0.6828125 0.3484375 0.0265625 0.04375
3 0.66796875 0.30625 0.0140625 0.0234375
3 0.6671875 0.28671875 0.0109375 0.01875
0 0.37890625 0.47109375 0.0421875 0.0703125
0 0.46328125 0.36015625 0.021875 0.0375
0 0.521875 0.32265625 0.015625 0.028125
0 0.56015625 0.29921875 0.0125 0.0203125
0 0.5734375 0.28671875 0.0078125 0.015625
0 0.41640625 0.33984375 0.0140625 0.0265625
0 0.478125 0.31328125 0.009375 0.0203125
0 0.3265625 0.3828125 0.0140625 0.0265625
0 0.23203125 0.43125 0.015625 0.0296875
0 0.5296875 0.2921875 0.009375 0.0171875
3 0.67109375 0.275 0.0078125 0.015625
3 0.3359375 0.36640625 0.0109375 0.0203125
3 0.25625 0.40234375 0.0109375 0.0203125
3 0.178125 0.44765625 0.0078125 0.015625
3 0.10625 0.49296875 0.009375 0.0203125
0 0.1625 0.46875 0.0109375 0.0234375
0 0.0859375 0.51796875 0.0125 0.0234375