0 0.140375 0.5013333333333334 0.037411458333333335 0.09893518518518518
0 0.23534895833333333 0.4509166666666667 0.028296875 0.06468518518518518
0 0.16338541666666667 0.4185740740740741 0.021359375 0.05517592592592593
0 0.036578125 0.4161944444444445 0.017104166666666667 0.048518518518518516
3 0.09436458333333334 0.3933611111111111 0.01708854166666667 0.039
3 0.24845833333333334 0.3871851851851852 0.017057291666666665 0.03425
3 0.37392708333333335 0.3852777777777778 0.015427083333333334 0.0399537037037037
3 0.4771927083333333 0.38812962962962966 0.016479166666666666 0.03425
3 0.5373854166666666 0.40002777777777776 0.021281249999999998 0.05041666666666667
3 0.5887552083333334 0.42237962962962966 0.025552083333333333 0.05898148148148148
3 0.69415625 0.47375 0.041578125 0.09323148148148148
3 0.8808906249999999 0.6064537037037038 0.07043229166666666 0.16267592592592592