0 0.3296875 0.4078125 0.046875 0.0796875
0 0.39453125 0.31875 0.0203125 0.0359375
0 0.4640625 0.34765625 0.0265625 0.0453125
0 0.28515625 0.321875 0.0234375 0.040625
0 0.1203125 0.35859375 0.0296875 0.05
3 0.08359375 0.3359375 0.01875 0.03125
3 0.1734375 0.3109375 0.0171875 0.0296875
3 0.23125 0.2984375 0.0125 0.0203125
3 0.44453125 0.296875 0.0140625 0.021875
3 0.55625 0.3203125 0.0140625 0.0234375
3 0.62265625 0.3578125 0.0203125 0.0328125
3 0.6921875 0.41484375 0.0328125 0.05
3 0.8078125 0.57109375 0.053125 0.0921875