0 0.03125 0.4515625 0.0625 0.153125
0 0.15078125 0.253125 0.0375 0.08125
0 0.1859375 0.1828125 0.0234375 0.05
0 0.21640625 0.14140625 0.0171875 0.040625
3 0.734375 0.28125 0.0625 0.1296875
3 0.5625 0.1765625 0.0375 0.078125
3 0.49765625 0.11953125 0.0265625 0.0609375
3 0.44765625 0.1046875 0.015625 0.0390625
3 0.4140625 0.096875 0.015625 0.0296875
3 0.4578125 0.07578125 0.0125 0.028125
0 0.25 0.11484375 0.0125 0.0265625
0 0.0078125 0.20078125 0.015625 0.0359375
0 0.059375 0.17421875 0.0125 0.03125
0 0.11015625 0.14609375 0.0109375 0.025
3 0.0390625 0.1703125 0.0109375 0.025
3 0.08828125 0.14765625 0.0109375 0.0265625