0 0.01825 0.6653518518518519 0.0365 0.14364814814814814
0 0.3565520833333334 0.5138703703703704 0.04952083333333333 0.10447222222222222
0 0.4840052083333333 0.4766481481481481 0.03336979166666666 0.08096296296296296
0 0.6077864583333333 0.4475925925925926 0.022364583333333334 0.06072222222222222
0 0.6986822916666667 0.4159259259259259 0.014640624999999999 0.04048148148148148
0 0.7159479166666666 0.39699074074074076 0.013911458333333333 0.03525925925925926
0 0.7398177083333334 0.38458333333333333 0.01096875 0.031342592592592596
0 0.7611249999999999 0.3757685185185185 0.008765624999999999 0.022851851851851852
0 0.7484531249999999 0.3682592592592593 0.009223958333333334 0.022203703703703705
0 0.28898958333333336 0.4080925925925926 0.015755208333333333 0.03525925925925926
0 0.17347395833333332 0.4234351851851852 0.021994791666666666 0.04897222222222222
0 0.33524479166666665 0.3996018518518518 0.0129375 0.03264814814814815
0 0.3309375 0.3848703703703704 0.011604166666666667 0.031314814814814816
0 0.2906197916666667 0.37957407407407406 0.010375 0.029555555555555557
0 0.2516614583333333 0.3722962962962963 0.006395833333333333 0.020287037037037037
3 0.12427083333333333 0.3901574074074074 0.016145833333333335 0.03308333333333333
3 0.09784375000000001 0.40075 0.012390624999999999 0.033962962962962966
3 0.09474479166666666 0.382 0.011645833333333333 0.02823148148148148
3 0.053807291666666666 0.37869444444444444 0.013651041666666667 0.026027777777777778
0 0.22115625 0.3645740740740741 0.007963541666666666 0.017203703703703704
0 0.20019270833333333 0.36171296296296296 0.008703125 0.016759259259259262
0 0.190765625 0.3597222222222222 0.008171875 0.017203703703703704
0 0.42708854166666665 0.35553703703703704 0.005015625 0.016759259259259262
0 0.3839166666666667 0.35376851851851854 0.005416666666666667 0.015
0 0.498546875 0.3581759259259259 0.007 0.01852777777777778
0 0.5791875 0.3610462962962963 0.009473958333333334 0.020731481481481483
0 0.6447031249999999 0.3636944444444445 0.005984375 0.016324074074074074
0 0.6625624999999999 0.4287592592592593 0.014921875 0.04940740740740741
0 0.6922083333333333 0.3645740740740741 0.0076458333333333335 0.020731481481481483
3 0.9920520833333334 0.4671296296296296 0.015807291666666667 0.06969444444444443
3 0.950625 0.42633333333333334 0.017307291666666665 0.048962962962962965
3 0.9449166666666666 0.40096296296296297 0.014828125 0.03705555555555556
3 0.9307760416666666 0.3848703703703704 0.011854166666666667 0.027787037037037037
3 0.9296614583333334 0.37560185185185185 0.011609375 0.026027777777777778
3 0.9176249999999999 0.37030555555555555 0.009380208333333334 0.0225
3 0.8790364583333333 0.36435185185185187 0.009114583333333334 0.022935185185185183
3 0.8255677083333333 0.35906481481481484 0.008869791666666666 0.021175925925925928
3 0.7595729166666667 0.3553148148148148 0.008875 0.01897222222222222
3 0.7060989583333334 0.3568518518518518 0.007640625 0.019407407407407408
3 0.6135520833333333 0.3553148148148148 0.007145833333333334 0.01897222222222222
3 0.5391145833333333 0.3544259259259259 0.0066458333333333335 0.017203703703703704
3 0.4834114583333333 0.35376851851851854 0.006895833333333334 0.016759259259259262
3 0.42101041666666666 0.3500185185185185 0.0066458333333333335 0.015435185185185187
3 0.37287499999999996 0.3506851851851852 0.005661458333333333 0.017648148148148145
3 0.026625 0.37560185185185185 0.010880208333333334 0.0225
1 0.65209375 0.4162592592592593 0.020244791666666664 0.07803703703703704
1 0.6674270833333333 0.41567592592592595 0.01703125 0.07607407407407407
1 0.9620104166666666 0.4282222222222222 0.031713541666666664 0.08705555555555555