3 0.9429947916666667 0.6289814814814815 0.06747916666666667 0.16074074074074074
3 0.6959010416666668 0.47609259259259257 0.042041666666666665 0.11112962962962962
3 0.5807760416666666 0.4165185185185185 0.02880729166666667 0.09075925925925926
3 0.519453125 0.3901296296296296 0.020739583333333332 0.05958333333333333
3 0.4403125 0.3710925925925926 0.018713541666666667 0.04928703703703703
3 0.34715104166666666 0.37175925925925923 0.019890625 0.044444444444444446
3 0.24985416666666668 0.3707685185185185 0.018000000000000002 0.0332037037037037
0 0.024177083333333335 0.5886481481481481 0.04755729166666667 0.1603148148148148
0 0.16253125 0.4536018518518518 0.030859375 0.07232407407407407
0 0.19335416666666666 0.4089074074074074 0.0230625 0.04775
0 0.145171875 0.39292592592592596 0.016979166666666667 0.04357407407407408