0 0.3109375 0.44140625 0.046875 0.0796875
0 0.43203125 0.3671875 0.0234375 0.0453125
0 0.48671875 0.34921875 0.01875 0.0375
0 0.5765625 0.3453125 0.0140625 0.0328125
0 0.65703125 0.3484375 0.0109375 0.0203125
0 0.73984375 0.35546875 0.009375 0.0203125
0 0.7984375 0.365625 0.0078125 0.0171875
3 0.69453125 0.46875 0.04375 0.0828125
3 0.62578125 0.3890625 0.021875 0.0453125
3 0.640625 0.3734375 0.0171875 0.0375
3 0.678125 0.36875 0.015625 0.034375
3 0.74375 0.37578125 0.0125 0.0265625
3 0.815625 0.38359375 0.0125 0.025
3 0.8703125 0.390625 0.0109375 0.01875