0 0.006427083333333333 0.39181481481481484 0.012854166666666667 0.04760185185185185
0 0.15453645833333332 0.3825277777777778 0.01496875 0.0429537037037037
0 0.2998385416666667 0.371787037037037 0.01496875 0.03888888888888889
0 0.43011458333333336 0.5206759259259259 0.045109375 0.11725
0 0.41298437499999996 0.371787037037037 0.013421875 0.03192592592592592
0 0.53134375 0.3735277777777778 0.012442708333333333 0.03308333333333333
0 0.6051354166666666 0.43476851851851855 0.02811458333333333 0.06965740740740742
0 0.6296250000000001 0.3781759259259259 0.013739583333333333 0.03540740740740741
0 0.7132031249999999 0.4048796296296296 0.020192708333333333 0.050499999999999996
0 0.7288802083333333 0.3860092592592593 0.015062500000000001 0.037148148148148145
3 0.9935833333333334 0.39964814814814814 0.012828125 0.04586111111111111
3 0.9340885416666667 0.3831111111111111 0.017906250000000002 0.040629629629629634
3 0.8558802083333333 0.3720833333333334 0.013651041666666667 0.037148148148148145
3 0.7419322916666666 0.3680185185185185 0.013000000000000001 0.030185185185185186
3 0.6131302083333333 0.3654074074074074 0.011385416666666667 0.02960185185185185
3 0.509453125 0.36221296296296296 0.009734375 0.02786111111111111
3 0.41868229166666665 0.3613425925925926 0.009083333333333334 0.030768518518518514
3 0.167765625 0.36569444444444443 0.012041666666666668 0.031342592592592596
3 0.03993229166666667 0.37121296296296297 0.011052083333333332 0.03540740740740741