0 0.061484375 0.38580555555555557 0.014703125000000001 0.04012037037037037
0 0.27586979166666664 0.3773148148148148 0.016390625 0.041666666666666664
0 0.45553125 0.3688240740740741 0.012875 0.037037037037037035
0 0.5362552083333333 0.36574074074074076 0.009385416666666667 0.03086111111111111
0 0.5709739583333333 0.35648148148148145 0.011109375 0.027777777777777776
0 0.9680572916666667 0.3533981481481482 0.010151041666666666 0.027777777777777776
0 0.9355104166666667 0.36419444444444443 0.011026041666666668 0.03086111111111111
0 0.90990625 0.37886111111111115 0.011895833333333333 0.03549074074074074
0 0.8022812500000001 0.3958333333333333 0.018869791666666667 0.047842592592592596
0 0.69075 0.4089537037037037 0.023234374999999998 0.05555555555555555
0 0.5983125 0.4228425925925926 0.031067708333333333 0.06481481481481481
0 0.41820833333333335 0.46141666666666664 0.042390625 0.08950925925925926
0 0.21988020833333335 0.5462962962962963 0.065875 0.13271296296296298
3 0.190375 0.36497222222222225 0.013802083333333333 0.032407407407407406
3 0.3257760416666667 0.3611111111111111 0.012036458333333333 0.03086111111111111
3 0.392609375 0.3549351851851852 0.010286458333333333 0.027777777777777776
3 0.4064947916666667 0.34953703703703703 0.010546875 0.02623148148148148
1 0.8678125 0.3757685185185185 0.02020833333333333 0.06326851851851852
1 0.8539218749999999 0.3742314814814815 0.021458333333333336 0.06944444444444445