0 0.05078125 0.79921875 0.0671875 0.1265625
0 0.01875 0.6703125 0.0203125 0.0703125
3 0.05859375 0.53828125 0.015625 0.0375
3 0.1828125 0.434375 0.0125 0.0265625
3 0.91953125 0.6203125 0.059375 0.11875
3 0.7375 0.4046875 0.028125 0.05625
3 0.70703125 0.3515625 0.01875 0.0359375
0 0.1953125 0.4765625 0.01875 0.04375
0 0.3078125 0.38515625 0.015625 0.0328125
0 0.3875 0.4296875 0.025 0.05625
0 0.478125 0.36328125 0.0171875 0.0359375
0 0.53515625 0.32734375 0.0109375 0.028125
0 0.57578125 0.31171875 0.0109375 0.025
3 0.71796875 0.321875 0.015625 0.0265625
3 0.7296875 0.3078125 0.009375 0.021875
3 0.26484375 0.3828125 0.0125 0.0234375
3 0.29453125 0.3609375 0.00625 0.015625
0 0.359375 0.3546875 0.0078125 0.01875