3 0.91171875 0.465625 0.1453125 0.353125
3 0.628125 0.19609375 0.0453125 0.1015625
3 0.48359375 0.14296875 0.0328125 0.071875
3 0.4109375 0.121875 0.0296875 0.0578125
3 0.34296875 0.1140625 0.01875 0.04375
3 0.30078125 0.1109375 0.015625 0.0375
0 0.00390625 0.371875 0.0078125 0.096875
0 0.08125 0.24296875 0.0328125 0.0640625
0 0.115625 0.1921875 0.021875 0.046875
0 0.12890625 0.16796875 0.015625 0.04375
0 0.11640625 0.15625 0.0171875 0.0390625
3 0.265625 0.10703125 0.0125 0.0296875
3 0.24609375 0.10625 0.0109375 0.0265625