0 0.36875 0.584375 0.0859375 0.14375
0 0.5546875 0.3859375 0.034375 0.0609375
0 0.61015625 0.34296875 0.0203125 0.040625
0 0.64140625 0.3203125 0.0125 0.025
3 0.8578125 0.35859375 0.034375 0.065625
3 0.80625 0.32421875 0.0203125 0.040625
3 0.784375 0.3078125 0.0140625 0.0328125
0 0.67734375 0.3046875 0.009375 0.01875
3 0.95703125 0.28359375 0.0109375 0.021875
0 0.71328125 0.2953125 0.009375 0.01875
0 0.7390625 0.28984375 0.009375 0.015625
0 0.76015625 0.28515625 0.00625 0.0125
3 0.7890625 0.29609375 0.0125 0.0234375
3 0.80546875 0.2875 0.009375 0.01875