0 0.13671875 0.76953125 0.078125 0.190625
0 0.1421875 0.61171875 0.0453125 0.10625
0 0.128125 0.540625 0.0328125 0.065625
0 0.184375 0.48125 0.021875 0.0484375
0 0.24765625 0.44453125 0.01875 0.0421875
0 0.3078125 0.41640625 0.0140625 0.0328125
0 0.36875 0.39765625 0.0109375 0.0265625
0 0.44921875 0.3796875 0.0140625 0.028125
0 0.53359375 0.36640625 0.0109375 0.025
0 0.62421875 0.35390625 0.0109375 0.0234375
0 0.71328125 0.340625 0.009375 0.021875
0 0.77734375 0.33125 0.009375 0.0203125
3 0.6453125 0.46484375 0.0453125 0.09375
3 0.51640625 0.43515625 0.025 0.0609375
3 0.52109375 0.40390625 0.01875 0.04375
3 0.64296875 0.3765625 0.015625 0.0375
3 0.7390625 0.3609375 0.015625 0.0375
3 0.79296875 0.35078125 0.0140625 0.0359375
3 0.86015625 0.3421875 0.0140625 0.0328125
1 0.81640625 0.3203125 0.0140625 0.0375
1 0.834375 0.31953125 0.0125 0.03125
1 0.90390625 0.32890625 0.0140625 0.0390625
1 0.925 0.32734375 0.0125 0.0359375
3 0.91484375 0.33359375 0.009375 0.025
0 0.82734375 0.3265625 0.0078125 0.025
0 0.87109375 0.3203125 0.009375 0.021875