3 0.9234375 0.5109375 0.053125 0.11875
3 0.8828125 0.43125 0.034375 0.0875
3 0.975 0.3859375 0.03125 0.065625
0 0.1640625 0.60078125 0.065625 0.1453125
0 0.296875 0.47265625 0.034375 0.084375
0 0.4390625 0.421875 0.028125 0.0625
0 0.57109375 0.39140625 0.025 0.0578125
0 0.71015625 0.36640625 0.021875 0.053125
0 0.90234375 0.34453125 0.01875 0.040625
0 0.47578125 0.3515625 0.0125 0.034375
0 0.59140625 0.33671875 0.009375 0.034375
0 0.653125 0.3265625 0.0125 0.03125
0 0.73046875 0.31953125 0.009375 0.034375
0 0.76875 0.31640625 0.009375 0.03125
0 0.35546875 0.36953125 0.0125 0.040625
0 0.20859375 0.39140625 0.015625 0.04375
1 0.371875 0.35546875 0.015625 0.059375
1 0.340625 0.359375 0.015625 0.05625
1 0.30703125 0.34765625 0.0125 0.05
3 0.28203125 0.34921875 0.0140625 0.046875
3 0.38359375 0.346875 0.0125 0.028125
3 0.2953125 0.35859375 0.0125 0.034375
3 0.18125 0.37265625 0.0125 0.0375
0 0.053125 0.40234375 0.01875 0.0453125
3 0.51875 0.33046875 0.0125 0.028125