3 0.74384375 0.44510185185185186 0.025848958333333335 0.06746296296296296
3 0.6494427083333334 0.3438333333333333 0.011552083333333333 0.02798148148148148
3 0.65228125 0.32066666666666666 0.007421875 0.022935185185185183
3 0.6360260416666667 0.30942592592592594 0.004848958333333334 0.015138888888888891
3 0.04338541666666666 0.5069074074074075 0.010604166666666666 0.027546296296296298
3 0.15548437499999998 0.4312870370370371 0.008755208333333332 0.024305555555555556
3 0.2357864583333333 0.3841851851851852 0.00725 0.019648148148148147
0 0.3225104166666667 0.5076944444444444 0.030770833333333334 0.08047222222222222
0 0.110203125 0.5102592592592593 0.016010416666666666 0.05340740740740741
0 0.3176197916666667 0.37897222222222227 0.012239583333333333 0.03278703703703703
0 0.417578125 0.37469444444444444 0.014885416666666667 0.037537037037037035
0 0.37496875 0.3414351851851852 0.0066458333333333335 0.020435185185185185
0 0.4770625 0.334537037037037 0.00715625 0.022805555555555555