3 0.18359375 0.34375 0.015625 0.0359375
3 0.07578125 0.34375 0.0140625 0.0359375
3 0.26015625 0.346875 0.015625 0.034375
3 0.34375 0.34921875 0.01875 0.0359375
3 0.43046875 0.35859375 0.0171875 0.0375
3 0.496875 0.37265625 0.01875 0.046875
3 0.546875 0.3921875 0.025 0.053125
3 0.6203125 0.42890625 0.0328125 0.071875
3 0.725 0.51015625 0.0484375 0.1046875
3 0.925 0.7265625 0.090625 0.221875
0 0.07109375 0.35625 0.0171875 0.0421875
0 0.17734375 0.36015625 0.0171875 0.040625
0 0.2296875 0.36875 0.021875 0.0484375
0 0.22265625 0.3984375 0.0265625 0.0609375
0 0.1640625 0.45546875 0.04375 0.0890625