0 0.034375 0.76015625 0.06875 0.2859375
0 0.62734375 0.5234375 0.071875 0.1359375
0 0.9359375 0.50625 0.053125 0.096875
0 0.9546875 0.40390625 0.01875 0.0328125
0 0.83046875 0.38359375 0.0203125 0.0359375
0 0.7046875 0.36796875 0.015625 0.0296875
0 0.61328125 0.34921875 0.015625 0.0328125
0 0.48671875 0.32890625 0.0140625 0.028125
0 0.37109375 0.3109375 0.0140625 0.0265625
0 0.20703125 0.334375 0.0234375 0.0484375
0 0.12890625 0.3390625 0.0328125 0.0640625
0 0.26875 0.2984375 0.0140625 0.028125
0 0.21953125 0.3296875 0.0203125 0.046875
0 0.21796875 0.31171875 0.0203125 0.0421875
0 0.2078125 0.29921875 0.015625 0.0328125
3 0.1265625 0.27578125 0.015625 0.0328125
3 0.21875 0.28203125 0.0125 0.0296875
3 0.42109375 0.3078125 0.0171875 0.03125
3 0.503125 0.3203125 0.015625 0.03125
3 0.58671875 0.3359375 0.0171875 0.03125
3 0.684375 0.35234375 0.0140625 0.028125
3 0.77578125 0.365625 0.015625 0.0328125
3 0.87421875 0.38203125 0.0171875 0.0328125
3 0.97578125 0.3953125 0.0171875 0.03125
3 0.325 0.2921875 0.0125 0.0265625