3 0.6171875 0.54609375 0.0609375 0.1359375
3 0.50078125 0.44921875 0.053125 0.1046875
3 0.43984375 0.40078125 0.0359375 0.06875
3 0.409375 0.36875 0.0296875 0.059375
3 0.36875 0.3453125 0.0296875 0.053125
3 0.32265625 0.325 0.025 0.04375
3 0.2859375 0.3140625 0.021875 0.0390625
3 0.22890625 0.30390625 0.01875 0.0328125
3 0.14765625 0.29453125 0.0203125 0.0375
0 0.07421875 0.3015625 0.01875 0.0375
0 0.0953125 0.31796875 0.0203125 0.04375
0 0.10078125 0.340625 0.0296875 0.05625
0 0.040625 0.359375 0.0390625 0.071875
3 0.06796875 0.28671875 0.0140625 0.028125