0 0.29609375 0.47421875 0.0375 0.09375
0 0.31484375 0.3890625 0.01875 0.053125
0 0.2796875 0.36484375 0.0140625 0.0375
0 0.240625 0.35625 0.009375 0.03125
0 0.19453125 0.35234375 0.0078125 0.025
3 0.74296875 0.415625 0.0421875 0.0875
3 0.5546875 0.34609375 0.01875 0.04375
3 0.45234375 0.3328125 0.0109375 0.0328125
3 0.3734375 0.3265625 0.009375 0.028125
3 0.88671875 0.321875 0.0125 0.0375
3 0.78203125 0.303125 0.00625 0.025
3 0.715625 0.2921875 0.009375 0.03125
3 0.6640625 0.2921875 0.009375 0.028125
3 0.6125 0.2921875 0.00625 0.0234375
3 0.503125 0.3 0.00625 0.021875
3 0.40390625 0.30625 0.00625 0.025
3 0.29296875 0.33046875 0.0078125 0.025
3 0.22265625 0.3390625 0.00625 0.0234375
3 0.15390625 0.34453125 0.0078125 0.028125
0 0.146875 0.3625 0.009375 0.028125
0 0.990625 0.31953125 0.0125 0.03125
0 0.8703125 0.30078125 0.009375 0.028125
0 0.084375 0.3703125 0.009375 0.0265625
0 0.02265625 0.38671875 0.00625 0.021875