1 0.2421875 0.43984375 0.0265625 0.0625
1 0.246875 0.43359375 0.021875 0.0546875
1 0.45703125 0.3640625 0.0171875 0.0578125
1 0.46328125 0.36640625 0.021875 0.0640625
3 0.5265625 0.40859375 0.0296875 0.0578125
3 0.4390625 0.36484375 0.015625 0.028125
3 0.771875 0.56796875 0.0546875 0.128125
0 0.153125 0.69609375 0.0515625 0.1140625
0 0.22421875 0.5046875 0.0265625 0.0546875
0 0.27265625 0.40546875 0.0140625 0.028125
0 0.284375 0.37890625 0.0078125 0.0203125
0 0.0421875 0.5578125 0.015625 0.0375
0 0.0953125 0.49921875 0.0109375 0.0265625
0 0.10703125 0.478125 0.0109375 0.0234375
3 0.41640625 0.3453125 0.009375 0.01875