0 0.135421875 0.6486111111111111 0.0765 0.17222222222222222
0 0.3596171875 0.41875 0.023546875000000002 0.0625
0 0.4256171875 0.3645833333333333 0.01496875 0.034722222222222224
0 0.46936718749999995 0.3451388888888889 0.010296875 0.034722222222222224
3 0.8704765625 0.5833333333333334 0.06381250000000001 0.1638888888888889
3 0.63184375 0.4013888888888889 0.025960937499999996 0.05555555555555555
3 0.5853359375 0.3574166666666666 0.0125859375 0.032625
3 0.598890625 0.3496388888888889 0.0113359375 0.028916666666666667
3 0.633296875 0.3433333333333333 0.01009375 0.026694444444444444
0 0.5446718749999999 0.3310972222222222 0.00965625 0.025958333333333337
0 0.61765625 0.32256944444444446 0.008 0.02225