3 0.94140625 0.48828125 0.1171875 0.3515625
3 0.6796875 0.19296875 0.0390625 0.1
3 0.53984375 0.12578125 0.028125 0.071875
3 0.46796875 0.0984375 0.025 0.0578125
3 0.40078125 0.08359375 0.015625 0.04375
3 0.35859375 0.07734375 0.0125 0.0359375
0 0.01875 0.31484375 0.0375 0.0984375
0 0.12578125 0.190625 0.028125 0.0640625
0 0.165625 0.14296875 0.01875 0.046875
0 0.18046875 0.11953125 0.0125 0.04375
0 0.16875 0.10546875 0.0140625 0.0390625
3 0.32421875 0.0703125 0.0109375 0.0296875
3 0.30390625 0.0671875 0.009375 0.0265625