0 0.3260234375 0.4701388888888889 0.040515625 0.0875
0 0.5489921875 0.3825277777777778 0.019703125 0.052333333333333336
0 0.6667109375 0.35005555555555556 0.0128046875 0.036083333333333335
0 0.721765625 0.34058333333333335 0.0072343749999999995 0.02436111111111111
3 0.875765625 0.5683888888888889 0.05615625 0.153375
3 0.8372109375000001 0.42538888888888887 0.0280703125 0.07127777777777777
3 0.8511640625 0.3721527777777778 0.014374999999999999 0.04420833333333333
3 0.8618203125000001 0.3595277777777778 0.0082890625 0.035180555555555555
3 0.8706953125 0.3459861111111111 0.00575 0.022555555555555554
0 0.762109375 0.3333611111111111 0.00978125 0.02436111111111111
0 0.8016875000000001 0.32975 0.006750000000000001 0.020749999999999998
3 0.88975 0.3469583333333333 0.005796875 0.018930555555555558