0 0.01953125 0.47421875 0.0234375 0.04375
0 0.23828125 0.42734375 0.025 0.0453125
0 0.42109375 0.38515625 0.0203125 0.040625
0 0.50390625 0.36796875 0.015625 0.0328125
0 0.5375 0.35234375 0.0171875 0.03125
0 0.9453125 0.27734375 0.015625 0.0296875
0 0.91328125 0.29375 0.0171875 0.0328125
0 0.88984375 0.3140625 0.01875 0.0390625
0 0.78203125 0.35 0.028125 0.053125
0 0.6703125 0.384375 0.034375 0.0609375
0 0.578125 0.41484375 0.04375 0.071875
0 0.39921875 0.4875 0.059375 0.1
0 0.2109375 0.6109375 0.0921875 0.1484375
3 0.1484375 0.4296875 0.0203125 0.0359375
3 0.28671875 0.4015625 0.0171875 0.034375
3 0.35390625 0.3828125 0.015625 0.0296875
3 0.3671875 0.37421875 0.015625 0.028125
1 0.84609375 0.31796875 0.0328125 0.06875
1 0.83125 0.31875 0.034375 0.075