3 0.7953125 0.5046875 0.04375 0.0765625
3 0.72421875 0.3765625 0.01875 0.03125
3 0.7328125 0.353125 0.0140625 0.025
3 0.71875 0.33671875 0.009375 0.0171875
3 0.05859375 0.38828125 0.0171875 0.03125
3 0.19296875 0.3390625 0.015625 0.0265625
3 0.2875 0.3109375 0.0125 0.021875
0 0.3453125 0.4609375 0.053125 0.090625
0 0.1265625 0.409375 0.03125 0.059375
0 0.3734375 0.3265625 0.021875 0.0375
0 0.47734375 0.3484375 0.025 0.0421875
0 0.4421875 0.303125 0.0125 0.0234375
0 0.54921875 0.321875 0.0140625 0.025