1 0.26640625 0.41328125 0.021875 0.059375
1 0.271875 0.40703125 0.01875 0.0546875
1 0.4796875 0.35078125 0.0125 0.0546875
1 0.4859375 0.353125 0.01875 0.0625
3 0.54453125 0.39765625 0.025 0.0546875
3 0.4625 0.35078125 0.0140625 0.0265625
3 0.775 0.565625 0.046875 0.1234375
0 0.1671875 0.65703125 0.0453125 0.109375
0 0.24609375 0.47578125 0.0234375 0.053125
0 0.2984375 0.38125 0.0109375 0.0265625
0 0.3109375 0.35625 0.0078125 0.01875
0 0.065625 0.51796875 0.0140625 0.034375
0 0.121875 0.46328125 0.009375 0.025
0 0.1328125 0.44453125 0.009375 0.0234375
3 0.44140625 0.33046875 0.0078125 0.01875