0 0.05703125 0.76328125 0.084375 0.203125
0 0.09765625 0.5890625 0.0515625 0.1078125
0 0.11171875 0.5046875 0.03125 0.0703125
0 0.1890625 0.45 0.0203125 0.05
0 0.26015625 0.41875 0.015625 0.0390625
0 0.32734375 0.4015625 0.0125 0.0296875
0 0.39453125 0.390625 0.0109375 0.0296875
0 0.48203125 0.3765625 0.0109375 0.0296875
3 0.665625 0.503125 0.0390625 0.1
3 0.53515625 0.4421875 0.025 0.0609375
3 0.5515625 0.41328125 0.01875 0.046875
3 0.68125 0.4015625 0.0171875 0.040625
0 0.56328125 0.37265625 0.015625 0.0203125
3 0.78515625 0.39765625 0.0171875 0.0390625
3 0.8421875 0.39296875 0.0125 0.03125
3 0.9140625 0.39140625 0.009375 0.0265625
1 0.96171875 0.3875 0.0140625 0.0359375
1 0.93125 0.375 0.021875 0.0265625
0 0.8859375 0.37265625 0.0109375 0.015625
3 0.97265625 0.39375 0.009375 0.025