0 0.1950703125 0.5621527777777777 0.043515625 0.10208333333333333
0 0.2372578125 0.45902777777777776 0.0235859375 0.05763888888888889
0 0.2095234375 0.4380277777777778 0.015390625 0.044097222222222225
0 0.16499999999999998 0.4263888888888889 0.0130625 0.034027777777777775
0 0.1053359375 0.43455555555555553 0.0105390625 0.02673611111111111
0 0.048296875 0.44427777777777777 0.010906250000000001 0.029513888888888888
3 0.6826640625 0.4826388888888889 0.0401875 0.09444444444444444
3 0.4926328125 0.40399999999999997 0.0179296875 0.04826388888888889
3 0.3872734375 0.3927083333333333 0.0158046875 0.03263888888888889
3 0.3056171875 0.38680555555555557 0.010703124999999999 0.027777777777777776
3 0.9284687500000001 0.4017361111111111 0.0189921875 0.03958333333333333
3 0.7203593749999999 0.37274999999999997 0.0148046875 0.03159722222222222
1 0.502984375 0.35052777777777777 0.012078125 0.030208333333333334
1 0.5254453125 0.3486111111111111 0.012148437500000001 0.034027777777777775