1 0.14626562499999998 0.3660740740740741 0.021260416666666667 0.07198148148148148
1 0.179796875 0.3652314814814815 0.020385416666666666 0.0647962962962963
1 0.20715625000000001 0.3824814814814815 0.024927083333333332 0.0869537037037037
1 0.24753645833333332 0.3797962962962963 0.025458333333333336 0.08636111111111111
0 0.22554166666666667 0.3975648148148148 0.018458333333333334 0.04986111111111111
3 0.16253125 0.3775925925925926 0.01596875 0.042861111111111114
3 0.281515625 0.36376851851851855 0.014604166666666666 0.0385462962962963
3 0.0053437499999999995 0.39774074074074073 0.010692708333333334 0.05021296296296296
0 0.007984375 0.44034259259259256 0.01596875 0.04986111111111111
0 0.2753072916666667 0.5309907407407408 0.06902604166666666 0.14416666666666667
0 0.392265625 0.37319444444444444 0.01806770833333333 0.04786111111111111
3 0.45086979166666663 0.3456388888888889 0.015010416666666667 0.03682407407407408
0 0.5361041666666666 0.3544537037037037 0.015609375 0.04357407407407408
0 0.5162135416666667 0.4527037037037037 0.039031249999999997 0.08541666666666667
0 0.7094843750000001 0.41155555555555556 0.03378125 0.07201851851851852
0 0.6914791666666668 0.34097222222222223 0.017437499999999998 0.03191666666666666
0 0.7286927083333333 0.3375925925925926 0.014223958333333333 0.02812962962962963
0 0.7332916666666667 0.3343518518518519 0.011692708333333333 0.02988888888888889
0 0.7240052083333333 0.32000925925925927 0.008479166666666668 0.02021296296296296
0 0.7616979166666666 0.3156666666666667 0.010010416666666666 0.017962962962962962
3 0.6142135416666666 0.3246388888888889 0.012119791666666666 0.026509259259259257
0 0.6056562499999999 0.3458888888888889 0.013708333333333333 0.0362962962962963
3 0.5931302083333333 0.3290277777777778 0.008140625 0.028833333333333332
3 0.5600104166666667 0.33614814814814814 0.01296875 0.031490740740740736
3 0.6373697916666666 0.31713888888888886 0.007421875 0.02112037037037037
3 0.9523541666666666 0.30341666666666667 0.008140625 0.024101851851851853
3 0.8811718749999999 0.30315740740740743 0.008984375 0.02227777777777778
3 0.8029114583333333 0.3063425925925926 0.00790625 0.02212037037037037
0 0.8373385416666667 0.3119166666666667 0.009692708333333333 0.02150925925925926
0 0.9315 0.3126481481481482 0.01 0.02514814814814815
0 0.93853125 0.37669444444444444 0.0299375 0.06097222222222222