1 0.79609375 0.4203125 0.0296875 0.1046875
1 0.4359375 0.43046875 0.0234375 0.1015625
1 0.45703125 0.42890625 0.021875 0.09375
0 0.16953125 0.575 0.05 0.1203125
0 0.3734375 0.4875 0.0359375 0.090625
0 0.49453125 0.42890625 0.01875 0.046875
0 0.515625 0.4015625 0.0140625 0.04375
0 0.54140625 0.38203125 0.0125 0.034375
3 0.853125 0.46484375 0.040625 0.090625
3 0.77890625 0.4171875 0.021875 0.053125
3 0.7609375 0.38203125 0.0171875 0.0453125
3 0.7421875 0.3671875 0.0125 0.0328125
3 0.72265625 0.3515625 0.009375 0.025
0 0.44921875 0.4484375 0.01875 0.0625
3 0.6828125 0.346875 0.009375 0.028125
3 0.62734375 0.346875 0.009375 0.0265625
0 0.56171875 0.36953125 0.0125 0.034375
0 0.00234375 0.440625 0.0046875 0.05
0 0.00390625 0.42578125 0.0078125 0.0421875
3 0.5578125 0.34765625 0.009375 0.025
3 0.5 0.35078125 0.009375 0.025
3 0.39296875 0.3546875 0.009375 0.0234375
3 0.3015625 0.35546875 0.009375 0.0234375
0 0.546875 0.36171875 0.0109375 0.028125
0 0.48515625 0.359375 0.0109375 0.028125
0 0.43046875 0.359375 0.0125 0.028125
0 0.34921875 0.3625 0.0109375 0.0265625
3 0.73828125 0.35703125 0.0125 0.0328125
3 0.825 0.30546875 0.00625 0.0171875
3 0.81484375 0.31015625 0.00625 0.015625
3 0.80078125 0.30078125 0.0078125 0.0203125
1 0.90390625 0.3171875 0.009375 0.03125