1 0.7046875 0.50703125 0.05625 0.1453125
1 0.71640625 0.52421875 0.06875 0.1609375
1 0.18671875 0.44609375 0.0640625 0.1421875
1 0.14453125 0.45078125 0.071875 0.1765625
0 0.1640625 0.48046875 0.0515625 0.103125
0 0.0546875 0.29296875 0.015625 0.0296875
0 0.17734375 0.3078125 0.0140625 0.025
0 0.271875 0.3234375 0.0109375 0.021875
0 0.3359375 0.33125 0.0125 0.0296875
0 0.40390625 0.34453125 0.0171875 0.0328125
0 0.41484375 0.3578125 0.01875 0.0359375
0 0.38203125 0.36953125 0.0203125 0.0421875
0 0.33515625 0.39453125 0.0265625 0.0515625
0 0.28671875 0.43125 0.0328125 0.0625
3 0.36015625 0.3203125 0.0125 0.0265625
3 0.42421875 0.33046875 0.0109375 0.0265625
3 0.4984375 0.34140625 0.0109375 0.025
3 0.55546875 0.35390625 0.0140625 0.028125
3 0.596875 0.3640625 0.0140625 0.0265625
3 0.61171875 0.37421875 0.0171875 0.0328125
3 0.6171875 0.3890625 0.01875 0.0375
3 0.63984375 0.41796875 0.0234375 0.046875
3 0.66796875 0.48046875 0.034375 0.071875
3 0.84375 0.671875 0.0875 0.1640625