3 0.88984375 0.5875 0.0671875 0.165625
3 0.6765625 0.41328125 0.0328125 0.0671875
3 0.5859375 0.3671875 0.0203125 0.05
3 0.515625 0.34765625 0.0140625 0.0328125
3 0.44375 0.340625 0.0125 0.0296875
0 0.35859375 0.4328125 0.034375 0.06875
0 0.3609375 0.37734375 0.021875 0.0453125
0 0.3296875 0.359375 0.015625 0.0375
3 0.39921875 0.33515625 0.0125 0.03125
0 0.28984375 0.3578125 0.0125 0.0328125
0 0.175 0.64921875 0.0953125 0.1921875
0 0.23515625 0.3484375 0.0078125 0.0234375
0 0.25234375 0.3421875 0.0078125 0.0234375
3 0.89609375 0.409375 0.021875 0.0515625
3 0.7953125 0.37421875 0.015625 0.040625
3 0.74140625 0.353125 0.0125 0.0328125
3 0.725 0.34140625 0.009375 0.0265625
3 0.75 0.33515625 0.0078125 0.028125
3 0.78046875 0.33203125 0.0078125 0.021875
0 0.91171875 0.38046875 0.0109375 0.0296875
0 0.8703125 0.3671875 0.0109375 0.0328125
0 0.8546875 0.35390625 0.009375 0.025
3 0.4609375 0.32890625 0.0109375 0.028125
0 0.88984375 0.3484375 0.0078125 0.025
3 0.8171875 0.3328125 0.0078125 0.0265625
3 0.5140625 0.3234375 0.009375 0.0234375
3 0.5484375 0.3203125 0.0078125 0.021875
3 0.875 0.3359375 0.0078125 0.0203125
3 0.734375 0.31796875 0.0078125 0.021875
0 0.928125 0.3515625 0.00625 0.0203125
3 0.93203125 0.3453125 0.0078125 0.0171875