3 0.8718072916666666 0.6144166666666667 0.04218229166666666 0.12830555555555556
3 0.7322135416666666 0.3787037037037037 0.01686979166666667 0.04298148148148148
3 0.7049062500000001 0.3340462962962963 0.00996875 0.02512037037037037
3 0.6970572916666666 0.3139537037037037 0.006203125 0.017305555555555557
0 0.34736458333333337 0.46950925925925924 0.03047916666666667 0.07314814814814814
0 0.49246354166666667 0.37066666666666664 0.013765625 0.041518518518518524
0 0.5578229166666666 0.3286574074074074 0.009557291666666667 0.025027777777777777
0 0.5749479166666667 0.31072222222222223 0.0062656249999999995 0.018351851851851852
0 0.517828125 0.30947222222222226 0.006984375 0.016685185185185185
0 0.4391302083333333 0.3326203703703704 0.008177083333333333 0.022935185185185183
0 0.34189583333333334 0.36827777777777776 0.009369791666666665 0.026694444444444444
0 0.19909374999999999 0.4235648148148148 0.01190625 0.03158333333333333
0 0.07490625 0.481287037037037 0.011338541666666667 0.030712962962962966
0 0.010770833333333334 0.5113425925925926 0.010255208333333333 0.028101851851851854