0 0.41484375 0.4 0.046875 0.0875
0 0.553125 0.36484375 0.0359375 0.0640625
0 0.6703125 0.36953125 0.01875 0.0390625
0 0.76171875 0.36796875 0.0203125 0.0328125
3 0.84140625 0.50390625 0.05625 0.0984375
3 0.82734375 0.446875 0.0375 0.0703125
3 0.85234375 0.43671875 0.0328125 0.065625
3 0.90625 0.4375 0.034375 0.0609375
3 0.0390625 0.284375 0.015625 0.03125
3 0.10859375 0.26171875 0.0125 0.0234375
3 0.18671875 0.2765625 0.015625 0.028125
3 0.32578125 0.27578125 0.0125 0.0265625
0 0.17421875 0.296875 0.015625 0.028125
0 0.3390625 0.2921875 0.0171875 0.034375
3 0.42734375 0.2828125 0.0109375 0.0234375
0 0.88203125 0.39453125 0.0203125 0.0375
0 0.97890625 0.42890625 0.021875 0.0390625