0 0.21652604166666667 0.6557407407407407 0.08640104166666666 0.17783333333333334
0 0.6059010416666666 0.47412962962962957 0.05144791666666667 0.1030925925925926
0 0.6941927083333332 0.3667592592592593 0.015041666666666667 0.03556481481481481
0 0.7599531249999999 0.4167962962962963 0.03230729166666667 0.07030555555555557
0 0.79340625 0.37305555555555553 0.015255208333333332 0.038953703703703706
3 0.7788333333333333 0.35666666666666663 0.012578124999999999 0.033296296296296296
3 0.6721302083333334 0.3547777777777778 0.012046875 0.030879629629629632
3 0.5853958333333333 0.35482407407407407 0.0059375 0.02412962962962963
0 0.5810677083333334 0.3667222222222222 0.009447916666666667 0.025055555555555553
0 0.48184375 0.3689444444444444 0.010338541666666668 0.03090740740740741
3 0.4810885416666667 0.3471111111111111 0.005203125 0.008074074074074076
3 0.369 0.3596759259259259 0.0083125 0.026416666666666668
0 0.35969270833333333 0.3713425925925926 0.013348958333333332 0.03150925925925926
3 0.9133020833333333 0.3628148148148148 0.009697916666666667 0.027407407407407408
0 0.8733229166666666 0.3985648148148148 0.021734374999999997 0.05712037037037037
0 0.8935416666666666 0.3813425925925926 0.017895833333333333 0.043944444444444446
3 0.019453125 0.3765555555555556 0.015890625000000002 0.03549074074074074
3 0.15113020833333335 0.3694814814814815 0.011307291666666667 0.030787037037037036
3 0.264828125 0.3666296296296296 0.01171875 0.023314814814814816
0 0.241890625 0.37832407407407403 0.015135416666666667 0.035166666666666666
0 0.085984375 0.38903703703703707 0.014739583333333334 0.037222222222222226