0 0.0875 0.81328125 0.10625 0.1890625
0 0.36796875 0.4875 0.04375 0.0796875
0 0.51328125 0.3953125 0.0203125 0.0421875
0 0.5609375 0.36953125 0.025 0.0453125
0 0.5953125 0.34921875 0.0171875 0.03125
3 0.60859375 0.31796875 0.0109375 0.0203125
3 0.63671875 0.3171875 0.009375 0.0203125
3 0.7109375 0.31640625 0.0140625 0.025
3 0.73359375 0.31953125 0.0109375 0.0234375
3 0.7375 0.33984375 0.0140625 0.0265625
3 0.74453125 0.37265625 0.0265625 0.046875
3 0.7375 0.4203125 0.0390625 0.0765625
3 0.92578125 0.590625 0.103125 0.2
3 0.9375 0.31328125 0.015625 0.0296875
3 0.89140625 0.30625 0.0125 0.0234375
3 0.85234375 0.29921875 0.0125 0.021875
3 0.8359375 0.2921875 0.0078125 0.0171875
3 0.8421875 0.29140625 0.0078125 0.015625
3 0.6796875 0.31171875 0.0078125 0.0171875
0 0.959375 0.28984375 0.0109375 0.0234375
0 0.95078125 0.284375 0.0109375 0.0171875
0 0.953125 0.2765625 0.0078125 0.0140625
3 0.91328125 0.2703125 0.009375 0.0203125
3 0.653125 0.30546875 0.0078125 0.015625