1 0.8972552083333334 0.42704629629629626 0.031182291666666664 0.09412962962962963
1 0.5849583333333332 0.41315740740740736 0.023859375000000002 0.08399074074074074
1 0.600390625 0.4134259259259259 0.023171875 0.08034259259259259
0 0.5957552083333333 0.4289351851851852 0.010578124999999999 0.045203703703703704
0 0.6317968749999999 0.4160462962962963 0.013364583333333334 0.04084259259259259
0 0.6504427083333333 0.39655555555555555 0.013697916666666667 0.03797222222222222
0 0.673390625 0.38274074074074077 0.011942708333333333 0.0305
0 0.68065625 0.36725 0.009119791666666667 0.02210185185185185
0 0.6930260416666666 0.37437037037037035 0.011890624999999998 0.023175925925925926
0 0.5368333333333334 0.45087037037037037 0.03189583333333333 0.06617592592592593
0 0.39682291666666664 0.49170370370370364 0.04701041666666667 0.09674074074074074
0 0.24336458333333333 0.5474351851851852 0.07808333333333332 0.14017592592592593
0 0.061546875 0.43063888888888885 0.026979166666666665 0.059953703703703703
0 0.19355208333333335 0.41471296296296295 0.021994791666666666 0.04362962962962963
0 0.24985937500000002 0.40071296296296294 0.014953125000000001 0.03559259259259259
0 0.24744270833333332 0.3911759259259259 0.011229166666666667 0.029333333333333333
0 0.20451041666666667 0.38205555555555554 0.014041666666666668 0.027574074074074074
0 0.162671875 0.37346296296296294 0.012057291666666666 0.026351851851851852
3 0.016 0.3949907407407407 0.019546875000000002 0.04259259259259259
3 0.9403177083333334 0.46379629629629626 0.03752083333333334 0.07859259259259259
3 0.8844166666666666 0.4244351851851852 0.01578125 0.04637037037037037
3 0.8756614583333333 0.39394444444444443 0.015536458333333333 0.040046296296296295
3 0.8604114583333333 0.37878703703703703 0.012526041666666666 0.0330925925925926
3 0.8581770833333333 0.37042592592592594 0.008453125 0.029824074074074076
3 0.845984375 0.3634351851851852 0.009567708333333334 0.025768518518518517
3 0.808703125 0.35855555555555557 0.010447916666666666 0.020907407407407406
3 0.755765625 0.35628703703703707 0.009729166666666667 0.021666666666666664
3 0.6917708333333333 0.35407407407407404 0.008265625 0.019083333333333334
3 0.6392083333333333 0.35556481481481483 0.00990625 0.022064814814814815
0 0.5779427083333334 0.357962962962963 0.009973958333333333 0.020407407407407405
0 0.511296875 0.3598425925925926 0.008161458333333333 0.021305555555555557
0 0.6260885416666666 0.3627962962962963 0.0078125 0.01810185185185185
3 0.5475052083333334 0.354462962962963 0.00875 0.019101851851851852