3 0.7587395833333334 0.5259444444444444 0.060078124999999996 0.11516666666666667
3 0.6462812499999999 0.43339814814814814 0.027875 0.053518518518518514
3 0.617953125 0.39258333333333334 0.0215625 0.04906481481481482
1 0.6772916666666667 0.4503148148148148 0.036078124999999996 0.1305740740740741
1 0.230484375 0.4736296296296296 0.03308333333333333 0.1278148148148148
1 0.26421875 0.46518518518518515 0.027640625 0.12326851851851851
0 0.10621875 0.5766388888888889 0.05017708333333334 0.11777777777777779
0 0.32476041666666666 0.4407037037037037 0.03413541666666667 0.08356481481481481
0 0.35603125 0.4156944444444444 0.023760416666666666 0.0675
0 0.3875625 0.3929814814814815 0.02432291666666667 0.04986111111111111
0 0.41468750000000004 0.3777407407407407 0.02822916666666667 0.053314814814814815