3 0.8703125 0.4296875 0.14375 0.3140625
3 0.57734375 0.2046875 0.0578125 0.1015625
3 0.4859375 0.1296875 0.03125 0.0609375
3 0.42734375 0.11953125 0.021875 0.0421875
3 0.38671875 0.10625 0.01875 0.034375
0 0.09140625 0.32734375 0.0578125 0.0984375
0 0.140625 0.22734375 0.03125 0.0578125
0 0.1796875 0.17265625 0.0234375 0.0453125
0 0.215625 0.1390625 0.0171875 0.0390625
0 0.0265625 0.2140625 0.0203125 0.040625
0 0.078125 0.1828125 0.0171875 0.0328125
3 0.43203125 0.08359375 0.0140625 0.0265625
3 0.0109375 0.20703125 0.0140625 0.028125
3 0.05859375 0.18359375 0.015625 0.03125
3 0.1015625 0.1578125 0.0140625 0.021875
0 0.28125 0.10703125 0.0171875 0.03125
0 0.3359375 0.0859375 0.0125 0.028125
0 0.36484375 0.08046875 0.0125 0.025
3 0.48984375 0.05390625 0.0109375 0.0234375
3 0.46484375 0.06015625 0.0125 0.025
3 0.5015625 0.046875 0.0109375 0.025
3 0.51484375 0.0421875 0.009375 0.0203125
0 0.3828125 0.07109375 0.0109375 0.0203125