3 0.346875 0.28125 0.0140625 0.0296875
3 0.440625 0.2765625 0.0140625 0.0328125
3 0.5484375 0.278125 0.0125 0.0328125
3 0.6390625 0.284375 0.0140625 0.0375
3 0.7125 0.2953125 0.0171875 0.04375
3 0.75546875 0.31015625 0.021875 0.0484375
3 0.796875 0.34140625 0.03125 0.06875
3 0.9453125 0.44140625 0.0625 0.1171875
3 0.175 0.28125 0.0140625 0.034375
0 0.1984375 0.2953125 0.01875 0.0421875
0 0.059375 0.29375 0.0171875 0.040625
0 0.29453125 0.29453125 0.015625 0.040625
0 0.39609375 0.3078125 0.0203125 0.0453125
0 0.40546875 0.334375 0.0265625 0.059375
0 0.31015625 0.3890625 0.040625 0.0890625
0 0.11640625 0.515625 0.0796875 0.146875
1 0.9234375 0.240625 0.0125 0.040625