3 0.74765625 0.43828125 0.034375 0.0828125
3 0.71875 0.3796875 0.021875 0.046875
3 0.734375 0.3671875 0.0140625 0.0390625
3 0.76015625 0.3625 0.015625 0.0390625
3 0.80625 0.3640625 0.0140625 0.03125
3 0.89140625 0.3765625 0.0109375 0.03125
0 0.81484375 0.3546875 0.0109375 0.028125
0 0.6546875 0.3359375 0.0125 0.021875
0 0.578125 0.33984375 0.0140625 0.034375
0 0.50859375 0.35390625 0.0203125 0.04375
0 0.38203125 0.415625 0.0375 0.0859375
0 0.30234375 0.3203125 0.009375 0.0234375
0 0.17734375 0.33515625 0.0078125 0.0171875
3 0.21328125 0.30625 0.0078125 0.0171875
3 0.1796875 0.31484375 0.00625 0.0109375
3 0.26796875 0.30546875 0.0078125 0.0203125
3 0.29375 0.31015625 0.0109375 0.0203125
3 0.3953125 0.3078125 0.0109375 0.0265625
3 0.53671875 0.30390625 0.0078125 0.01875
3 0.4734375 0.30234375 0.0078125 0.01875
3 0.68359375 0.3078125 0.009375 0.0203125
3 0.65546875 0.309375 0.00625 0.01875
0 0.64765625 0.3125 0.0078125 0.01875
0 0.7203125 0.3375 0.0140625 0.025
3 0.9828125 0.39296875 0.01875 0.040625
0 0.4171875 0.31171875 0.009375 0.0203125
3 0.134375 0.31484375 0.009375 0.0203125
3 0.0640625 0.34296875 0.0125 0.028125
3 0.03984375 0.334375 0.0078125 0.0203125
0 0.05546875 0.35703125 0.0078125 0.021875