0 0.014177083333333333 0.6125 0.028354166666666666 0.11850925925925926
0 0.06292708333333333 0.406787037037037 0.017197916666666667 0.053425925925925925
0 0.18006770833333335 0.4078703703703704 0.02069270833333333 0.050888888888888886
0 0.18156770833333333 0.4714351851851852 0.037994791666666666 0.08255555555555555
0 0.2538229166666667 0.4332685185185185 0.024072916666666666 0.0638611111111111
3 0.109875 0.3914722222222222 0.01756770833333333 0.033351851851851855
3 0.2538385416666667 0.3792314814814815 0.018203125 0.03922222222222222
3 0.3711979166666667 0.3797037037037037 0.016859375 0.038842592592592595
3 0.4681875 0.38046296296296295 0.016078125000000002 0.039203703703703706
3 0.5234062500000001 0.394212962962963 0.01766145833333333 0.04937962962962963
3 0.56921875 0.41141666666666665 0.028369791666666665 0.06400925925925925
3 0.6529062499999999 0.45075 0.042083333333333334 0.08327777777777777
3 0.7728489583333332 0.5377407407407407 0.07261979166666667 0.1424537037037037