0 0.09140625 0.40703125 0.053125 0.09375
0 0.2234375 0.37890625 0.0375 0.0671875
0 0.36640625 0.3703125 0.0265625 0.05625
0 0.43984375 0.36796875 0.025 0.0546875
0 0.53046875 0.37265625 0.01875 0.040625
3 0.7171875 0.59140625 0.090625 0.1671875
3 0.62578125 0.46953125 0.059375 0.0953125
3 0.73046875 0.43359375 0.040625 0.065625
3 0.76640625 0.41015625 0.021875 0.04375
3 0.80078125 0.39921875 0.0203125 0.0421875
1 0.778125 0.39453125 0.01875 0.059375
1 0.7859375 0.39453125 0.0203125 0.0609375
1 0.57734375 0.36015625 0.0234375 0.059375
1 0.58984375 0.36171875 0.0203125 0.053125
0 0.625 0.37265625 0.015625 0.0296875
0 0.65078125 0.3640625 0.0140625 0.025
3 0.82890625 0.3859375 0.015625 0.0296875
3 0.840625 0.3765625 0.0125 0.0265625
0 0.68046875 0.35703125 0.0140625 0.0234375
3 0.85234375 0.3734375 0.0125 0.028125
3 0.82578125 0.36171875 0.0109375 0.0234375
3 0.78359375 0.35390625 0.0140625 0.028125
0 0.35625 0.3265625 0.015625 0.0328125
0 0.3234375 0.33046875 0.015625 0.03125
0 0.246875 0.32421875 0.0171875 0.0296875
0 0.3234375 0.309375 0.009375 0.021875
3 0.728125 0.34296875 0.0125 0.0234375
3 0.68203125 0.33828125 0.0109375 0.0234375
3 0.6015625 0.325 0.0109375 0.0234375
3 0.5375 0.315625 0.0109375 0.021875
3 0.48828125 0.309375 0.0109375 0.021875
3 0.43515625 0.303125 0.009375 0.0203125
3 0.39296875 0.29609375 0.009375 0.0203125
0 0.07578125 0.31328125 0.021875 0.04375
0 0.290625 0.30078125 0.0125 0.0265625
3 0.1828125 0.30390625 0.0140625 0.03125
0 0.62265625 0.33671875 0.009375 0.021875
0 0.70703125 0.3546875 0.0125 0.0296875
0 0.7046875 0.3484375 0.0125 0.0296875
0 0.4984375 0.3171875 0.009375 0.01875
0 0.66171875 0.340625 0.0125 0.021875