3 0.98671875 0.59765625 0.0265625 0.1203125
3 0.61875 0.51875 0.0578125 0.125
3 0.48984375 0.4703125 0.05 0.0953125
3 0.42265625 0.4453125 0.0328125 0.0640625
3 0.3875 0.42734375 0.028125 0.053125
3 0.34453125 0.41875 0.028125 0.0484375
3 0.29921875 0.41484375 0.0234375 0.040625
3 0.2640625 0.41640625 0.0203125 0.0359375
3 0.21171875 0.425 0.01875 0.03125
3 0.13828125 0.44140625 0.01875 0.034375
3 0.0046875 0.475 0.009375 0.03125
0 0.02421875 0.48125 0.0171875 0.03125
0 0.07734375 0.46796875 0.01875 0.034375
0 0.1 0.4765625 0.01875 0.0390625
0 0.1109375 0.49453125 0.028125 0.0515625
0 0.065625 0.528125 0.0359375 0.065625
3 0.0671875 0.45703125 0.0140625 0.0265625
0 0.01328125 0.6109375 0.009375 0.0375