0 0.1984375 0.50078125 0.0671875 0.1203125
0 0.46015625 0.396875 0.0328125 0.0671875
0 0.5265625 0.37890625 0.0234375 0.04375
0 0.56171875 0.36171875 0.0171875 0.0328125
0 0.53984375 0.3390625 0.009375 0.01875
0 0.5609375 0.34375 0.0125 0.025
0 0.51328125 0.334375 0.009375 0.0203125
3 0.76875 0.559375 0.0640625 0.1171875
3 0.74921875 0.45625 0.0390625 0.0703125
3 0.73125 0.41015625 0.0203125 0.040625
3 0.71796875 0.38203125 0.0171875 0.03125
3 0.690625 0.36328125 0.0140625 0.025
3 0.6578125 0.3515625 0.0109375 0.021875
3 0.58125 0.33125 0.0078125 0.01875
3 0.6109375 0.34140625 0.0078125 0.015625
3 0.93046875 0.4390625 0.0171875 0.0328125
3 0.878125 0.41328125 0.0109375 0.0234375
3 0.83515625 0.3921875 0.0109375 0.0234375
3 0.81953125 0.378125 0.0078125 0.0171875
0 0.98125 0.4359375 0.0125 0.028125
0 0.93984375 0.4140625 0.0125 0.0234375
3 0.853125 0.371875 0.009375 0.0203125
0 0.9265625 0.40234375 0.009375 0.0203125