1 0.9064322916666666 0.42515740740740743 0.02578645833333333 0.08487962962962962
1 0.6104635416666666 0.41512037037037036 0.021010416666666667 0.07407407407407407
1 0.5974427083333332 0.41512037037037036 0.020651041666666665 0.07715740740740741
3 0.008104166666666668 0.38734259259259257 0.012192708333333333 0.03086111111111111
3 0.038046875 0.39351851851851855 0.011234375 0.03086111111111111
3 0.007536458333333333 0.4066388888888889 0.015067708333333334 0.03858333333333334
3 0.8725833333333333 0.37886111111111115 0.01190625 0.029324074074074075
3 0.8860364583333333 0.3958333333333333 0.012770833333333334 0.032407407407407406
3 0.8973229166666666 0.4236111111111111 0.019713541666666667 0.041666666666666664
3 0.9472291666666667 0.46296296296296297 0.030984375 0.06789814814814815
0 0.6859739583333333 0.3811759259259259 0.010213541666666666 0.027777777777777776
0 0.6621041666666667 0.3966018518518518 0.012822916666666666 0.03086111111111111
0 0.6447447916666668 0.41435185185185186 0.016302083333333335 0.03549074074074074
0 0.551875 0.44830555555555557 0.023265625 0.06018518518518518
0 0.41777604166666665 0.4891944444444445 0.03631770833333334 0.08641666666666667
0 0.22161979166666665 0.37962962962962965 0.010322916666666666 0.027777777777777776
0 0.26631770833333335 0.40046296296296297 0.012916666666666667 0.029324074074074075
0 0.215109375 0.41203703703703703 0.018140625 0.037037037037037035
0 0.08795312500000001 0.42900925925925926 0.019036458333333332 0.052472222222222226
0 0.27413020833333335 0.5362685185185185 0.059786458333333334 0.11574074074074074