3 0.228125 0.3875 0.01875 0.040625
3 0.353125 0.371875 0.015625 0.0375
3 0.240625 0.45546875 0.0328125 0.06875
3 0.1609375 0.41015625 0.01875 0.05
3 0.14765625 0.4328125 0.025 0.059375
0 0.2078125 0.36796875 0.009375 0.028125
0 0.3375 0.35390625 0.0109375 0.03125
0 0.3734375 0.32890625 0.009375 0.015625
0 0.41953125 0.328125 0.00625 0.0171875
0 0.47421875 0.34609375 0.0078125 0.025
3 0.478125 0.36484375 0.015625 0.03125
3 0.4171875 0.475 0.0375 0.084375
3 0.6359375 0.35546875 0.0140625 0.0375
3 0.6 0.31484375 0.00625 0.021875
3 0.54296875 0.31484375 0.00625 0.015625
3 0.6609375 0.31015625 0.0078125 0.01875
3 0.66015625 0.50625 0.05 0.109375
0 0.60390625 0.340625 0.009375 0.03125
0 0.5484375 0.32109375 0.00625 0.0171875
0 0.60703125 0.31875 0.0046875 0.015625
0 0.67890625 0.3171875 0.00625 0.015625
0 0.7265625 0.33671875 0.009375 0.025
0 0.7453125 0.3171875 0.0078125 0.01875
0 0.8375 0.32578125 0.009375 0.021875
0 0.828125 0.328125 0.009375 0.0234375
0 0.80234375 0.32109375 0.00625 0.01875
3 0.76875 0.3453125 0.015625 0.034375
3 0.73203125 0.309375 0.0078125 0.01875
3 0.80546875 0.30703125 0.00625 0.015625
3 0.87109375 0.3140625 0.0078125 0.0234375
3 0.89609375 0.340625 0.0109375 0.03125
3 0.934375 0.31484375 0.009375 0.021875
3 0.98359375 0.3359375 0.0125 0.028125
3 0.990625 0.32421875 0.0078125 0.025
3 0.434375 0.3171875 0.00625 0.015625
0 0.4859375 0.32421875 0.00625 0.015625