3 0.740625 0.04609375 0.021875 0.040625
3 0.73125 0.05078125 0.0203125 0.0390625
3 0.72578125 0.0609375 0.0234375 0.040625
3 0.6734375 0.103125 0.0328125 0.059375
3 0.615625 0.14921875 0.046875 0.084375
3 0.76875 0.23515625 0.078125 0.1359375
3 0.05859375 0.2203125 0.021875 0.03125
0 0.0171875 0.27890625 0.034375 0.0578125
0 0.11875 0.20546875 0.034375 0.053125
0 0.16875 0.30078125 0.0640625 0.1140625
0 0.21953125 0.15859375 0.0234375 0.0453125
0 0.2984375 0.17421875 0.0390625 0.0671875
0 0.28984375 0.121875 0.01875 0.034375
0 0.4203125 0.11875 0.025 0.0453125
0 0.50859375 0.08515625 0.021875 0.0375
0 0.54453125 0.07421875 0.0203125 0.0359375
0 0.56875 0.06484375 0.015625 0.028125