0 0.24296875 0.63203125 0.0640625 0.1109375
0 0.0375 0.625 0.03125 0.0578125
0 0.190625 0.48671875 0.0296875 0.05625
0 0.30390625 0.4234375 0.025 0.046875
0 0.38671875 0.42421875 0.0328125 0.0578125
3 0.9640625 0.55546875 0.071875 0.1265625
3 0.6875 0.37890625 0.040625 0.0703125
3 0.5703125 0.34453125 0.025 0.0421875
3 0.47734375 0.334375 0.01875 0.034375
3 0.35390625 0.3640625 0.0171875 0.03125
3 0.271875 0.3921875 0.0140625 0.028125
3 0.19609375 0.4328125 0.0140625 0.028125
3 0.1453125 0.47109375 0.0140625 0.0296875
3 0.0921875 0.51640625 0.0171875 0.03125
3 0.01640625 0.5890625 0.01875 0.0390625