0 0.36796875 0.53984375 0.0703125 0.1125
0 0.57109375 0.38125 0.0328125 0.0578125
0 0.6734375 0.3140625 0.021875 0.0375
0 0.7234375 0.29140625 0.0171875 0.0296875
0 0.75703125 0.278125 0.0125 0.021875
3 0.98984375 0.51875 0.0203125 0.134375
3 0.8921875 0.353125 0.04375 0.075
3 0.87578125 0.30390625 0.025 0.040625
3 0.8734375 0.28203125 0.0140625 0.025
3 0.87421875 0.26953125 0.0171875 0.0296875
3 0.8890625 0.2609375 0.0125 0.0234375
3 0.91171875 0.2546875 0.0109375 0.01875
0 0.79609375 0.26640625 0.009375 0.0171875
3 0.9296875 0.25 0.0109375 0.01875
0 0.83046875 0.25859375 0.0078125 0.015625