0 0.006114583333333334 0.38408333333333333 0.012234374999999999 0.039157407407407405
0 0.10836458333333333 0.719 0.07644791666666667 0.18262962962962964
0 0.17173437500000002 0.3836296296296296 0.013286458333333334 0.035472222222222224
0 0.41352083333333334 0.3773888888888889 0.012635416666666668 0.03573148148148148
0 0.5312187500000001 0.3730185185185185 0.012104166666666666 0.033796296296296297
0 0.626515625 0.3721296296296296 0.011541666666666667 0.03217592592592593
0 0.7390156250000001 0.3690462962962963 0.012760416666666666 0.02947222222222222
0 0.8381041666666668 0.3688333333333333 0.013895833333333333 0.032907407407407406
0 0.8487916666666667 0.45396296296296296 0.03526041666666667 0.07698148148148148
0 0.9589531250000001 0.37450925925925926 0.017354166666666667 0.033305555555555554
0 0.58040625 0.5171481481481481 0.04313541666666666 0.09859259259259259
0 0.28025520833333334 0.3796666666666667 0.013375 0.0347037037037037
3 0.029953125 0.3695833333333333 0.0134375 0.03128703703703704
3 0.1421302083333333 0.3671666666666667 0.011416666666666667 0.028981481481481483
3 0.25703125 0.3648796296296296 0.0134375 0.026935185185185184
3 0.3573125 0.3671111111111111 0.011875 0.026333333333333334
3 0.454390625 0.3646574074074074 0.012692708333333334 0.02862962962962963
3 0.5444895833333334 0.3630925925925926 0.01121875 0.028435185185185185
3 0.6324114583333333 0.36186111111111113 0.010947916666666667 0.031518518518518515
3 0.7360364583333333 0.3584722222222222 0.008958333333333334 0.02489814814814815
3 0.8432239583333333 0.3610277777777778 0.009619791666666665 0.026027777777777778
3 0.9378124999999999 0.3645833333333333 0.012677083333333334 0.03125925925925926