3 0.9203125 0.34296875 0.0359375 0.06875
3 0.9125 0.28671875 0.0296875 0.05625
3 0.88828125 0.24765625 0.0296875 0.046875
3 0.88046875 0.2265625 0.0265625 0.04375
3 0.77109375 0.1640625 0.01875 0.0359375
0 0.2203125 0.2828125 0.0890625 0.1375
0 0.52421875 0.21875 0.0515625 0.0921875
0 0.6109375 0.196875 0.040625 0.0671875
0 0.64609375 0.17265625 0.0265625 0.0484375
0 0.6703125 0.16328125 0.0234375 0.0421875
0 0.71953125 0.1640625 0.0234375 0.0421875
0 0.13359375 0.10703125 0.0296875 0.05
0 0.2828125 0.08984375 0.028125 0.0453125
0 0.39296875 0.08515625 0.0203125 0.0328125
0 0.4703125 0.08671875 0.015625 0.028125
0 0.54453125 0.10078125 0.0171875 0.0296875
0 0.634375 0.1234375 0.0171875 0.028125
3 0.1375 0.08359375 0.028125 0.0453125
3 0.240625 0.0703125 0.021875 0.0375
3 0.40078125 0.07421875 0.0234375 0.0421875
3 0.6890625 0.12578125 0.021875 0.0359375