3 0.9825416666666666 0.6770833333333334 0.03491145833333333 0.1111111111111111
3 0.738765625 0.5468796296296297 0.044744791666666665 0.10300925925925926
3 0.5307760416666667 0.4710648148148148 0.032421875 0.06944444444444445
3 0.39309895833333336 0.4207222222222222 0.020078125 0.052083333333333336
3 0.29610416666666667 0.4079907407407407 0.014890625 0.04282407407407408
0 0.015484375 0.7278703703703704 0.030973958333333333 0.10512037037037038
0 0.10278125 0.5173425925925926 0.01828645833333333 0.05427777777777777
0 0.07884375 0.47705555555555557 0.008973958333333334 0.037703703703703705
0 0.059244791666666664 0.4642037037037037 0.008979166666666667 0.024564814814814817
0 0.07113020833333333 0.4419259259259259 0.005760416666666667 0.01771296296296296
3 0.21380729166666665 0.4056388888888889 0.011515625 0.022851851851851852
3 0.175890625 0.4045 0.006380208333333333 0.016
3 0.16383854166666667 0.4030740740740741 0.0060625 0.018851851851851852