0 0.2234375 0.65078125 0.09375 0.19375
0 0.103125 0.4296875 0.0328125 0.0671875
0 0.60390625 0.484375 0.05625 0.11875
0 0.3296875 0.3828125 0.025 0.05
0 0.43125 0.3640625 0.0234375 0.0484375
0 0.54140625 0.3453125 0.015625 0.0453125
0 0.58515625 0.3390625 0.0125 0.0328125
0 0.58828125 0.3328125 0.0109375 0.0328125
0 0.58125 0.32265625 0.009375 0.028125
0 0.5703125 0.31640625 0.0109375 0.028125
0 0.69453125 0.2984375 0.0109375 0.0296875
0 0.80078125 0.29765625 0.0109375 0.0265625
0 0.91015625 0.3921875 0.034375 0.084375
0 0.92734375 0.29375 0.0125 0.0296875
3 0.9015625 0.28359375 0.0109375 0.025
3 0.815625 0.28515625 0.0109375 0.0234375
3 0.73984375 0.28828125 0.009375 0.021875
3 0.6546875 0.2953125 0.009375 0.021875
3 0.37109375 0.35 0.015625 0.0359375
3 0.4171875 0.3390625 0.0125 0.03125
3 0.44140625 0.32578125 0.0109375 0.0265625
3 0.4703125 0.31640625 0.009375 0.0234375
3 0.50859375 0.31171875 0.0078125 0.0234375
3 0.5734375 0.30234375 0.009375 0.025
3 0.21875 0.36953125 0.01875 0.0453125
3 0.41328125 0.33359375 0.0125 0.0328125
0 0.6140625 0.3078125 0.0109375 0.025