0 0.10536458333333334 0.7372685185185185 0.05529166666666666 0.13425925925925927
0 0.044171875 0.6006944444444444 0.022755208333333332 0.07407407407407407
0 0.23751562499999998 0.42939814814814814 0.0188125 0.046296296296296294
0 0.39863020833333335 0.42650925925925925 0.02333333333333333 0.052083333333333336
0 0.34232291666666664 0.3599537037037037 0.010979166666666667 0.03009259259259259
3 0.07411979166666667 0.49189814814814814 0.0149375 0.041666666666666664
3 0.8032083333333334 0.4936388888888889 0.036921875 0.07523148148148148
3 0.19505729166666666 0.4090740740740741 0.008984375 0.0285
3 0.27461458333333333 0.3701481481481481 0.010921875 0.024333333333333335
3 0.3299375 0.34408333333333335 0.008958333333333334 0.02085185185185185
3 0.3666875 0.3319166666666667 0.008166666666666666 0.02015740740740741
3 0.7316458333333333 0.3739722222222222 0.015520833333333334 0.036148148148148145
3 0.6819947916666667 0.3378240740740741 0.010838541666666666 0.029194444444444446
3 0.645046875 0.32010185185185186 0.008109375 0.022935185185185183
3 0.40187500000000004 0.31975 0.006598958333333333 0.019462962962962963
3 0.45680208333333333 0.31071296296296297 0.006197916666666667 0.018074074074074072
3 0.5177916666666667 0.3068888888888889 0.0069635416666666665 0.01599074074074074
3 0.5989166666666667 0.30862962962962964 0.005776041666666666 0.016685185185185185
0 0.496484375 0.3541574074074074 0.013614583333333334 0.03684259259259259
0 0.5459427083333334 0.32843518518518516 0.010088541666666668 0.027111111111111114
0 0.4953125 0.3221851851851852 0.008921875 0.022935185185185183
0 0.42786979166666667 0.33469444444444446 0.009328125 0.024333333333333335