1 0.84921875 0.259375 0.025 0.05625
3 0.85390625 0.23984375 0.015625 0.03125
3 0.90546875 0.253125 0.01875 0.034375
3 0.92578125 0.25078125 0.021875 0.0328125
3 0.9453125 0.25234375 0.0203125 0.040625
3 0.70078125 0.27265625 0.015625 0.028125
3 0.71484375 0.26796875 0.0140625 0.0234375
3 0.67578125 0.26796875 0.0171875 0.028125
3 0.7359375 0.43125 0.06875 0.10625
3 0.9765625 0.50703125 0.046875 0.1796875
3 0.5546875 0.42890625 0.053125 0.084375
3 0.3890625 0.45078125 0.04375 0.0671875
3 0.20390625 0.48984375 0.0375 0.0625
3 0.03671875 0.53671875 0.046875 0.06875