0 0.33515625 0.50625 0.0640625 0.128125
0 0.37109375 0.39375 0.0328125 0.0671875
0 0.33984375 0.36484375 0.0203125 0.0515625
0 0.2921875 0.35859375 0.01875 0.0484375
0 0.259375 0.32890625 0.0109375 0.021875
0 0.23359375 0.334375 0.009375 0.0296875
0 0.2421875 0.34609375 0.015625 0.034375
3 0.43515625 0.33515625 0.009375 0.025
3 0.43984375 0.325 0.0109375 0.025
3 0.48984375 0.340625 0.015625 0.0375
3 0.5140625 0.3234375 0.009375 0.021875
3 0.578125 0.321875 0.009375 0.021875
3 0.58125 0.35703125 0.0234375 0.04375
3 0.6203125 0.32265625 0.0078125 0.021875
3 0.68046875 0.3953125 0.028125 0.059375
3 0.83046875 0.4890625 0.04375 0.0953125
3 0.89296875 0.3546875 0.0109375 0.025
3 0.8625 0.35390625 0.0125 0.0265625
3 0.86328125 0.38515625 0.0171875 0.0328125
3 0.8375 0.3625 0.0171875 0.034375
3 0.93125 0.35546875 0.0109375 0.021875
3 0.93984375 0.41796875 0.0203125 0.0421875
3 0.99453125 0.36015625 0.00625 0.015625
0 0.99765625 0.3796875 0.0046875 0.021875
0 0.98671875 0.384375 0.009375 0.0265625
3 0.83125 0.328125 0.009375 0.0203125
3 0.875 0.3328125 0.00625 0.015625
0 0.44765625 0.31328125 0.0078125 0.0203125