3 0.9539114583333334 0.8188703703703704 0.06488020833333333 0.2025462962962963
3 0.842921875 0.5191018518518519 0.036911458333333334 0.09375
3 0.9470781250000001 0.45660185185185187 0.017364583333333336 0.052083333333333336
3 0.993609375 0.4409722222222222 0.012776041666666666 0.04398148148148148
3 0.9864583333333333 0.39467592592592593 0.010192708333333333 0.027777777777777776
3 0.9516354166666667 0.36921296296296297 0.009552083333333333 0.023148148148148147
3 0.9092708333333334 0.34759259259259256 0.008052083333333333 0.025611111111111112
0 0.8958958333333332 0.3603981481481482 0.0070260416666666665 0.029268518518518517
0 0.2628333333333333 0.523212962962963 0.03647916666666667 0.08049074074074075
0 0.50540625 0.39744444444444443 0.021510416666666664 0.04848148148148148
0 0.6293958333333334 0.3645185185185185 0.016338541666666668 0.04482407407407407
0 0.7505572916666666 0.3581111111111111 0.013739583333333333 0.03567592592592593
0 0.8555104166666666 0.370462962962963 0.008578124999999999 0.027444444444444445
0 0.8220677083333333 0.33158333333333334 0.007552083333333333 0.024694444444444446
0 0.7523593749999999 0.3224351851851852 0.011171875 0.024694444444444446
0 0.6877916666666667 0.3206111111111111 0.012723958333333334 0.02287037037037037
0 0.513125 0.3320462962962963 0.010187499999999999 0.023787037037037037
0 0.359296875 0.3494259259259259 0.011250000000000001 0.025611111111111112
0 0.24740104166666665 0.370462962962963 0.011786458333333333 0.025611111111111112
3 0.26515104166666664 0.35353703703703704 0.008182291666666668 0.02287037037037037
3 0.34746354166666665 0.3393611111111111 0.008166666666666666 0.025611111111111112
3 0.44084375 0.3206111111111111 0.008661458333333334 0.021037037037037035
3 0.5403958333333333 0.3123796296296296 0.010182291666666668 0.028351851851851854
3 0.6484322916666667 0.3100925925925926 0.007072916666666667 0.021953703703703704
3 0.716859375 0.3096296296296296 0.00603125 0.021037037037037035
3 0.7652187500000001 0.31512037037037033 0.006020833333333334 0.021037037037037035
3 0.8135781249999999 0.3206111111111111 0.0060104166666666665 0.02287037037037037
1 0.6162760416666667 0.3174074074074074 0.013770833333333335 0.03659259259259259
1 0.628625 0.31969444444444445 0.010927083333333334 0.0375
1 0.5838645833333334 0.3046018518518519 0.009661458333333334 0.031101851851851856
1 0.594671875 0.3050555555555555 0.010921875 0.028351851851851854
0 0.865890625 0.3461018518518519 0.006520833333333333 0.017611111111111112
3 0.8643697916666666 0.33119444444444446 0.006682291666666667 0.018509259259259257