0 0.04609375 0.68359375 0.0921875 0.1890625
0 0.23359375 0.44453125 0.04375 0.0796875
0 0.25546875 0.36875 0.028125 0.053125
0 0.2875 0.33671875 0.0234375 0.04375
3 0.7640625 0.50546875 0.0453125 0.0765625
3 0.57578125 0.396875 0.0328125 0.0546875
3 0.4859375 0.3578125 0.0234375 0.0421875
3 0.49921875 0.33828125 0.0203125 0.0359375
3 0.60078125 0.33984375 0.015625 0.028125
3 0.67265625 0.34609375 0.015625 0.028125
3 0.71640625 0.35 0.0109375 0.0171875
3 0.72109375 0.33984375 0.0109375 0.01875
0 0.50859375 0.309375 0.0125 0.021875
0 0.43203125 0.31328125 0.0125 0.021875
0 0.36953125 0.31875 0.0125 0.021875
0 0.2671875 0.30546875 0.009375 0.0171875
3 0.24140625 0.30078125 0.009375 0.0171875
3 0.3125 0.29375 0.0109375 0.01875
3 0.38515625 0.2921875 0.009375 0.0171875
0 0.36796875 0.29453125 0.0109375 0.01875
1 0.41640625 0.28828125 0.0109375 0.021875
1 0.42265625 0.2890625 0.0125 0.025
1 0.4359375 0.29453125 0.0125 0.025
1 0.44296875 0.2953125 0.0125 0.025
3 0.4625 0.29140625 0.009375 0.0171875
0 0.48515625 0.296875 0.009375 0.0171875
0 0.53515625 0.29921875 0.009375 0.01875
3 0.5171875 0.2921875 0.009375 0.015625