0 0.27265625 0.56015625 0.0609375 0.109375
0 0.38203125 0.41328125 0.0296875 0.05625
0 0.43671875 0.36875 0.0171875 0.034375
0 0.4703125 0.34453125 0.0140625 0.0296875
3 0.74375 0.42109375 0.059375 0.0984375
3 0.61171875 0.35390625 0.028125 0.0515625
3 0.5953125 0.3296875 0.0171875 0.0296875
3 0.6 0.31796875 0.015625 0.028125
3 0.6015625 0.30625 0.0109375 0.0234375
3 0.84296875 0.2828125 0.0203125 0.0359375
3 0.76015625 0.27734375 0.015625 0.03125
0 0.8734375 0.25859375 0.0171875 0.0296875
0 0.4921875 0.33203125 0.0125 0.0203125