1 0.571875 0.26796875 0.0109375 0.0234375
1 0.57890625 0.26953125 0.009375 0.021875
1 0.5921875 0.27734375 0.0109375 0.0234375
1 0.60078125 0.2796875 0.0125 0.0265625
0 0.58671875 0.3015625 0.0109375 0.0234375
0 0.50703125 0.30546875 0.0140625 0.0265625
0 0.39453125 0.27578125 0.009375 0.01875
0 0.39296875 0.3265625 0.021875 0.0390625
0 0.325 0.38203125 0.034375 0.0609375
0 0.184375 0.571875 0.06875 0.1265625
0 0.76875 0.32421875 0.0109375 0.0203125
3 0.7921875 0.359375 0.0171875 0.0328125
3 0.66796875 0.3515625 0.0203125 0.0390625
3 0.6515625 0.384375 0.03125 0.05625
0 0.678125 0.30859375 0.0125 0.025
3 0.78828125 0.48671875 0.046875 0.0890625
3 0.87109375 0.37265625 0.0140625 0.028125
3 0.91328125 0.37890625 0.0109375 0.021875
3 0.91328125 0.36484375 0.009375 0.01875
0 0.5125 0.275 0.0109375 0.0203125