0 0.11875 0.6296875 0.065625 0.1359375
0 0.35703125 0.41875 0.021875 0.0578125
0 0.49140625 0.35 0.015625 0.0390625
0 0.53828125 0.33203125 0.0109375 0.0296875
0 0.5703125 0.3171875 0.009375 0.025
3 0.81484375 0.51796875 0.0625 0.1375
3 0.690625 0.3890625 0.0265625 0.0671875
3 0.7046875 0.34765625 0.01875 0.053125
3 0.70703125 0.31015625 0.0109375 0.028125
3 0.6859375 0.29609375 0.009375 0.0203125
3 0.9 0.3171875 0.0125 0.03125
3 0.8578125 0.30234375 0.0125 0.034375
3 0.8234375 0.29765625 0.009375 0.0296875
3 0.809375 0.28828125 0.0078125 0.025
3 0.6578125 0.29140625 0.009375 0.0234375
3 0.615625 0.28828125 0.0078125 0.01875
0 0.54921875 0.30078125 0.0078125 0.0203125