3 0.896625 0.49074074074074076 0.0440625 0.1087962962962963
3 0.9793229166666666 0.34170370370370373 0.01296875 0.029324074074074075
3 0.9969895833333333 0.3338148148148148 0.006015625 0.024055555555555556
3 0.9693854166666667 0.3375740740740741 0.010010416666666666 0.024055555555555556
3 0.9583906249999999 0.3390740740740741 0.011708333333333333 0.025564814814814815
3 0.7898802083333333 0.42214814814814816 0.028234375 0.06239814814814815
3 0.7672604166666667 0.30374074074074076 0.010901041666666667 0.022555555555555554
3 0.7858645833333333 0.3135092592592592 0.008359375 0.021055555555555553
3 0.800875 0.3112592592592593 0.007932291666666667 0.019546296296296294
3 0.719265625 0.39396296296296296 0.022328124999999997 0.05112037037037037
1 0.9091302083333334 0.32892592592592595 0.014677083333333334 0.042851851851851856
3 0.6236979166666666 0.3811759259259259 0.014734375 0.040601851851851854
3 0.5188177083333333 0.37365740740740744 0.01642708333333333 0.04210185185185185
3 0.39698958333333334 0.37102777777777773 0.015515625 0.039842592592592596
3 0.28979166666666667 0.374037037037037 0.013421875 0.04135185185185185
3 0.09527604166666667 0.37854629629629627 0.013463541666666667 0.04135185185185185
0 0.06990104166666668 0.633037037037037 0.074359375 0.18946296296296297
0 0.318125 0.4680185185185185 0.033713541666666666 0.0834537037037037
0 0.32784895833333333 0.4180185185185185 0.025255208333333334 0.058638888888888886
0 0.211140625 0.4041111111111111 0.025281249999999998 0.05788888888888889
0 0.09717708333333334 0.40185185185185185 0.019807291666666667 0.042851851851851856