3 0.82925 0.5596111111111111 0.074671875 0.14930555555555555
3 0.640140625 0.45601851851851855 0.04020833333333333 0.09259259259259259
3 0.5548645833333333 0.41262037037037036 0.025906250000000002 0.06365740740740741
3 0.46209895833333337 0.3894722222222222 0.022671875 0.047453703703703706
3 0.351171875 0.38158333333333333 0.018010416666666664 0.042638888888888886
3 0.252109375 0.3818888888888889 0.018015625 0.04078703703703703
3 0.15999479166666666 0.389 0.013151041666666667 0.035222222222222224
0 0.16034375 0.4365833333333333 0.02705208333333333 0.06241666666666666
0 0.08874479166666666 0.5070277777777779 0.04444791666666667 0.10319444444444445
0 0.116203125 0.4174259259259259 0.022890625 0.05623148148148148
3 0.026359375 0.39517592592592593 0.019838541666666668 0.04139814814814815