0 0.39296875 0.4328125 0.0421875 0.078125
0 0.51796875 0.39609375 0.0296875 0.0578125
0 0.62578125 0.39609375 0.015625 0.0359375
0 0.709375 0.3921875 0.0171875 0.0296875
3 0.7859375 0.51328125 0.0484375 0.0890625
3 0.77109375 0.4609375 0.0328125 0.0640625
3 0.79296875 0.45234375 0.028125 0.059375
3 0.8421875 0.4515625 0.0296875 0.05625
3 0.9421875 0.46953125 0.025 0.0453125
3 0.04609375 0.3390625 0.0140625 0.028125
3 0.10859375 0.315625 0.0109375 0.021875
3 0.18046875 0.32734375 0.0140625 0.025
3 0.30703125 0.32265625 0.0109375 0.0234375
0 0.16953125 0.34609375 0.0140625 0.0265625
0 0.3203125 0.33671875 0.015625 0.03125
3 0.40078125 0.325 0.009375 0.0203125
0 0.81953125 0.4125 0.0171875 0.0328125
0 0.909375 0.440625 0.01875 0.0359375