0 0.08973958333333334 0.4315648148148148 0.007322916666666667 0.020574074074074074
0 0.0811875 0.44770370370370366 0.009197916666666667 0.02214814814814815
0 0.14494270833333334 0.4145092592592593 0.0069010416666666664 0.022287037037037036
0 0.15602083333333333 0.43765740740740744 0.010135416666666668 0.03185185185185185
0 0.158140625 0.49850925925925926 0.022453125 0.057555555555555554
0 0.042229166666666665 0.49571296296296297 0.012796875000000001 0.03038888888888889
0 0.009890624999999998 0.7879259259259259 0.019781249999999997 0.0938888888888889
3 0.26553125 0.35914814814814816 0.005869791666666666 0.01474074074074074
3 0.2747083333333334 0.3663888888888889 0.007151041666666667 0.01887962962962963
3 0.31074999999999997 0.37089814814814814 0.010052083333333333 0.024351851851851854
3 0.39793229166666666 0.3843888888888889 0.015890625000000002 0.037731481481481484
3 0.5038541666666666 0.4249814814814815 0.02584375 0.057185185185185186
3 0.683015625 0.5335 0.04222395833333333 0.09759259259259259
3 0.9488229166666666 0.7384259259259259 0.05241666666666667 0.1522962962962963
3 0.9837395833333333 0.7906203703703704 0.0006197916666666666 0.0002222222222222222