0 0.4701015625 0.3962638888888889 0.01978125 0.043291666666666666
0 0.3560625 0.4709861111111111 0.033 0.07922222222222222
0 0.5309999999999999 0.3731666666666667 0.011765625 0.033041666666666664
0 0.46616406250000003 0.3542638888888889 0.0085 0.024611111111111108
0 0.3790078125 0.36558333333333337 0.0078203125 0.02113888888888889
3 0.3575859375 0.35954166666666665 0.0072421874999999995 0.017291666666666667
3 0.48657031249999994 0.33905555555555555 0.0056015625 0.015166666666666667
0 0.5339609375000001 0.34505555555555556 0.0093671875 0.018194444444444444
3 0.6854375 0.37488888888888894 0.013132812499999999 0.034597222222222224
3 0.6770390625 0.39016666666666666 0.0174140625 0.045222222222222226
3 0.7069765625 0.3702361111111111 0.0129609375 0.03409722222222222
3 0.7223828125 0.44968055555555553 0.0320859375 0.07465277777777778
3 0.91953125 0.37404166666666666 0.0072499999999999995 0.028236111111111108
3 0.83315625 0.36770833333333336 0.009734375 0.02279166666666667
3 0.7513046875 0.36954166666666666 0.0099765625 0.03077777777777778
0 0.754984375 0.35440277777777773 0.007664062500000001 0.02327777777777778
0 0.9149609375000001 0.3636111111111111 0.006609375000000001 0.020319444444444446
0 0.6658828125 0.35208333333333336 0.00821875 0.021402777777777778
0 0.603015625 0.3612361111111111 0.0087421875 0.024736111111111108
3 0.4282421875 0.34956944444444443 0.007421875 0.017027777777777777
0 0.272171875 0.38631944444444444 0.009625 0.01938888888888889
3 0.2620625 0.37630555555555556 0.008703125 0.01947222222222222
3 0.313953125 0.3606666666666667 0.007703125 0.018055555555555554
3 0.18856250000000002 0.3836805555555556 0.007015625 0.014069444444444445
3 0.160046875 0.4006527777777778 0.0110703125 0.01941666666666667
3 0.11681250000000001 0.39994444444444444 0.008953125000000001 0.020749999999999998
0 0.15528124999999998 0.41391666666666665 0.0085625 0.021916666666666664
3 0.053171875 0.43330555555555555 0.009796875 0.024180555555555556
0 0.0455859375 0.44895833333333335 0.008828125000000001 0.02377777777777778
3 0.0321953125 0.4268194444444445 0.0058359375 0.014458333333333333
3 0.240421875 0.37220833333333336 0.005484375 0.012180555555555556
3 0.6231328125 0.32926388888888886 0.0073984375000000005 0.019208333333333334
3 0.597328125 0.33275 0.0050703125 0.014944444444444444
3 0.388375 0.3477777777777778 0.007476562500000001 0.018333333333333333