3 0.85859375 0.665625 0.1140625 0.1734375
3 0.58828125 0.434375 0.05625 0.084375
3 0.47109375 0.3546875 0.0375 0.05625
3 0.38984375 0.32421875 0.025 0.0421875
3 0.30625 0.3109375 0.021875 0.0375
3 0.91640625 0.46171875 0.0359375 0.0515625
3 0.8140625 0.4109375 0.0265625 0.0390625
3 0.73125 0.37734375 0.021875 0.0359375
3 0.67578125 0.35390625 0.01875 0.0265625
3 0.63671875 0.33984375 0.0171875 0.0296875
1 0.83671875 0.4078125 0.0375 0.0671875
1 0.79609375 0.39375 0.028125 0.05625
1 0.89140625 0.41171875 0.025 0.0515625
1 0.9234375 0.42421875 0.0265625 0.0515625
0 0.90234375 0.4265625 0.0203125 0.034375
0 0.99453125 0.47109375 0.0109375 0.0390625
0 0.77265625 0.36953125 0.015625 0.025
0 0.83359375 0.38984375 0.01875 0.034375
0 0.72109375 0.35078125 0.0140625 0.025
0 0.6890625 0.3375 0.0125 0.0234375
0 0.1828125 0.42734375 0.0625 0.096875
0 0.20859375 0.3515625 0.0421875 0.0640625
0 0.16328125 0.32890625 0.03125 0.0484375
0 0.11171875 0.31640625 0.0234375 0.0421875
3 0.225 0.29921875 0.0171875 0.0296875
3 0.14453125 0.2953125 0.0171875 0.0296875
3 0.2265625 0.28125 0.0140625 0.0234375
3 0.45546875 0.29765625 0.0140625 0.025
3 0.5609375 0.31328125 0.0125 0.0203125
0 0.0390625 0.6078125 0.078125 0.203125
0 0.040625 0.30859375 0.0234375 0.0359375