1 0.05625 0.4734375 0.0375 0.0796875
1 0.0921875 0.46171875 0.0359375 0.078125
1 0.11796875 0.4828125 0.046875 0.0953125
1 0.16328125 0.46328125 0.05 0.1046875
3 0.07578125 0.47734375 0.025 0.0484375
0 0.14296875 0.490625 0.0328125 0.0609375
3 0.2078125 0.43359375 0.0296875 0.05
0 0.16640625 0.69296875 0.13125 0.1875
0 0.32890625 0.42578125 0.03125 0.053125
0 0.47578125 0.50390625 0.0671875 0.1078125
0 0.4828125 0.3734375 0.03125 0.0578125
0 0.55859375 0.34765625 0.025 0.04375
0 0.6484375 0.325 0.021875 0.040625
0 0.6859375 0.3125 0.0203125 0.0375
0 0.690625 0.30625 0.015625 0.0296875
0 0.71484375 0.2828125 0.0140625 0.025
0 0.675 0.29375 0.0140625 0.0234375
0 0.69140625 0.40390625 0.053125 0.0890625
0 0.78984375 0.26484375 0.0171875 0.028125
0 0.88984375 0.24765625 0.0171875 0.028125
0 0.9359375 0.31328125 0.0484375 0.0765625
3 0.90703125 0.23359375 0.015625 0.0265625
3 0.83359375 0.24921875 0.0125 0.025
3 0.753125 0.265625 0.015625 0.0265625
3 0.6765625 0.28359375 0.015625 0.0234375
3 0.61875 0.3015625 0.0140625 0.0234375
3 0.58515625 0.31015625 0.0140625 0.0234375
3 0.56171875 0.32109375 0.015625 0.0265625
3 0.54375 0.33515625 0.0140625 0.025
3 0.53984375 0.33046875 0.015625 0.028125
3 0.50703125 0.34765625 0.021875 0.0359375
3 0.39140625 0.3796875 0.0234375 0.040625