3 0.96640625 0.7390625 0.0671875 0.171875
3 0.70625 0.38828125 0.0265625 0.0515625
3 0.68046875 0.3296875 0.0140625 0.0296875
3 0.6765625 0.30703125 0.0109375 0.0203125
3 0.6796875 0.29609375 0.009375 0.0171875
0 0.3140625 0.54453125 0.046875 0.0953125
0 0.44609375 0.38046875 0.025 0.0484375
0 0.5171875 0.33671875 0.0140625 0.0296875
0 0.56171875 0.31171875 0.0125 0.0234375
0 0.57578125 0.2984375 0.009375 0.01875
0 0.5296875 0.3015625 0.00625 0.01875
0 0.4703125 0.32265625 0.009375 0.021875
0 0.4015625 0.34765625 0.0125 0.0265625
0 0.30078125 0.38984375 0.015625 0.0296875
3 0.43515625 0.32109375 0.00625 0.0171875
3 0.3859375 0.3390625 0.0078125 0.01875
3 0.3171875 0.36875 0.0078125 0.01875
3 0.23046875 0.40390625 0.0078125 0.0203125
3 0.146875 0.44296875 0.0078125 0.0171875
3 0.0703125 0.4875 0.0078125 0.01875
0 0.19453125 0.434375 0.0125 0.0265625
0 0.1234375 0.46875 0.0125 0.025
0 0.0453125 0.515625 0.0109375 0.0234375