0 0.51875 0.5 0.0359375 0.09375
1 0.50625 0.41171875 0.03125 0.1015625
1 0.49921875 0.4 0.0234375 0.09375
1 0.8125 0.37890625 0.0296875 0.1015625
1 0.7640625 0.3609375 0.0234375 0.0828125
3 0.9515625 0.45078125 0.034375 0.090625
3 0.7859375 0.38203125 0.0171875 0.059375
3 0.71953125 0.353125 0.015625 0.040625
3 0.975 0.3375 0.0140625 0.0453125
3 0.65078125 0.3296875 0.0125 0.0359375
3 0.61015625 0.31875 0.0078125 0.021875
0 0.98828125 0.321875 0.003125 0.03125
0 0.94453125 0.309375 0.0078125 0.025
0 0.92421875 0.30234375 0.00625 0.0203125