0 0.07734375 0.57734375 0.04375 0.1078125
0 0.06015625 0.5203125 0.025 0.0609375
0 0.03671875 0.49375 0.0203125 0.0515625
0 0.01171875 0.49375 0.021875 0.0453125
3 0.634375 0.44765625 0.0546875 0.096875
3 0.4328125 0.41484375 0.0421875 0.075
3 0.31015625 0.40546875 0.0234375 0.0484375
3 0.24140625 0.40546875 0.0234375 0.0421875
3 0.16328125 0.41484375 0.01875 0.0484375
3 0.91171875 0.31328125 0.0203125 0.0453125
3 0.7984375 0.321875 0.028125 0.0578125
3 0.6203125 0.328125 0.021875 0.053125
3 0.4828125 0.33984375 0.0171875 0.040625
0 0.56015625 0.3109375 0.0125 0.0359375
0 0.6734375 0.3 0.0140625 0.0359375
0 0.78046875 0.29375 0.015625 0.0359375
0 0.83203125 0.290625 0.0140625 0.0421875
0 0.884375 0.284375 0.0125 0.034375