0 0.28671875 0.51796875 0.0515625 0.0875
0 0.3734375 0.421875 0.028125 0.05
0 0.40859375 0.3796875 0.0234375 0.0390625
0 0.4203125 0.35859375 0.0125 0.021875
3 0.69921875 0.4 0.0453125 0.0859375
3 0.63671875 0.35234375 0.03125 0.0578125
3 0.58984375 0.33046875 0.021875 0.0359375
3 0.5515625 0.315625 0.015625 0.0265625
3 0.87265625 0.28984375 0.021875 0.0421875
3 0.746875 0.2828125 0.0171875 0.03125
3 0.68359375 0.28203125 0.0125 0.0234375
0 0.7859375 0.2609375 0.0125 0.0203125
0 0.87109375 0.259375 0.0140625 0.025
0 0.41484375 0.34296875 0.009375 0.015625
0 0.403125 0.34296875 0.009375 0.015625
0 0.3828125 0.34765625 0.0078125 0.0125