0 0.00546875 0.53203125 0.0109375 0.0390625
3 0.065625 0.50234375 0.015625 0.028125
0 0.08515625 0.503125 0.0234375 0.0375
0 0.1375 0.48984375 0.01875 0.0328125
0 0.12890625 0.5546875 0.046875 0.075
0 0.05 0.628125 0.065625 0.0984375
0 0.15859375 0.49609375 0.0234375 0.040625
0 0.171875 0.51484375 0.0328125 0.0515625
3 0.128125 0.47734375 0.0140625 0.028125
3 0.19765625 0.45390625 0.0203125 0.03125
3 0.27265625 0.434375 0.0234375 0.034375
3 0.3265625 0.4234375 0.0234375 0.0390625
3 0.3625 0.42109375 0.0234375 0.0390625
3 0.4109375 0.4203125 0.0296875 0.0484375
3 0.45625 0.42890625 0.03125 0.05625
3 0.496875 0.44453125 0.0453125 0.075
3 0.5796875 0.46796875 0.0640625 0.1015625
3 0.7484375 0.52109375 0.096875 0.159375