0 0.25625 0.68515625 0.075 0.1234375
0 0.0578125 0.67734375 0.028125 0.0625
0 0.26171875 0.4515625 0.0234375 0.04375
0 0.36875 0.4234375 0.03125 0.0515625
3 0.1109375 0.54453125 0.0171875 0.0375
3 0.1890625 0.465625 0.0171875 0.03125
3 0.803125 0.446875 0.0625 0.1046875
3 0.25546875 0.40546875 0.0140625 0.025
3 0.63125 0.32421875 0.021875 0.0375
3 0.62109375 0.29609375 0.01875 0.0296875
3 0.59765625 0.284375 0.0125 0.0203125
3 0.3046875 0.37109375 0.0125 0.0234375
0 0.32421875 0.3859375 0.015625 0.028125
0 0.43203125 0.3546875 0.0171875 0.0296875
0 0.4734375 0.3203125 0.0125 0.025
0 0.5015625 0.29921875 0.0109375 0.0203125
0 0.41796875 0.32265625 0.0109375 0.0171875
0 0.36484375 0.34921875 0.0125 0.021875