0 0.1953125 0.8640625 0.134375 0.271875
0 0.3953125 0.48359375 0.034375 0.065625
0 0.440625 0.4125 0.0203125 0.04375
0 0.48125 0.38125 0.0140625 0.0296875
0 0.51796875 0.36484375 0.009375 0.0203125
0 0.87421875 0.31171875 0.0109375 0.0234375
3 0.89609375 0.33828125 0.0171875 0.0328125
3 0.74609375 0.4234375 0.0359375 0.0703125
3 0.815625 0.3296875 0.0125 0.025
3 0.6484375 0.3796875 0.0171875 0.034375
3 0.62578125 0.36171875 0.0125 0.0296875
3 0.6328125 0.346875 0.0109375 0.025
3 0.64453125 0.340625 0.0109375 0.0234375
0 0.54765625 0.35546875 0.0078125 0.015625
0 0.5671875 0.3453125 0.0078125 0.0140625