3 0.87734375 0.5765625 0.1125 0.29375
3 0.68359375 0.28671875 0.046875 0.09375
3 0.625 0.19140625 0.025 0.05625
3 0.57578125 0.16328125 0.0171875 0.0390625
3 0.54375 0.1390625 0.015625 0.03125
0 0.2109375 0.24453125 0.0484375 0.0921875
0 0.2859375 0.17109375 0.025 0.053125
0 0.3375 0.134375 0.01875 0.0421875
0 0.38046875 0.115625 0.0140625 0.0359375
0 0.18828125 0.125 0.0171875 0.0375
0 0.128125 0.140625 0.0140625 0.0328125
0 0.24375 0.1125 0.0140625 0.0296875
3 0.59140625 0.1328125 0.0109375 0.025
3 0.121875 0.12578125 0.0140625 0.0328125
3 0.1765625 0.11328125 0.0109375 0.0265625
3 0.22734375 0.10703125 0.0125 0.0296875
3 0.27265625 0.096875 0.0109375 0.0203125
0 0.44921875 0.1078125 0.0140625 0.0296875
0 0.5046875 0.10546875 0.009375 0.025
0 0.53125 0.10859375 0.009375 0.0234375
3 0.65234375 0.1234375 0.009375 0.021875
3 0.628125 0.121875 0.009375 0.021875
3 0.66484375 0.12109375 0.009375 0.0234375
3 0.678125 0.121875 0.0078125 0.0171875
0 0.55078125 0.10625 0.009375 0.01875