3 0.85390625 0.54921875 0.071875 0.153125
1 0.71796875 0.45703125 0.0484375 0.1390625
1 0.70078125 0.43671875 0.03125 0.1234375
1 0.1828125 0.51484375 0.05 0.1578125
1 0.228125 0.50390625 0.0390625 0.128125
0 0.028125 0.69140625 0.040625 0.1609375
0 0.2109375 0.53828125 0.028125 0.0828125
0 0.30546875 0.47578125 0.0328125 0.0671875
0 0.33984375 0.43203125 0.0296875 0.0546875
0 0.3765625 0.396875 0.021875 0.0484375
3 0.6703125 0.43046875 0.034375 0.071875
3 0.63203125 0.37890625 0.021875 0.0484375
3 0.60546875 0.3578125 0.0171875 0.0390625
3 0.5953125 0.34609375 0.0125 0.0296875
3 0.5796875 0.340625 0.0140625 0.028125
3 0.53671875 0.340625 0.0109375 0.025
3 0.47890625 0.34453125 0.0109375 0.0203125
0 0.40546875 0.3796875 0.0125 0.03125
0 0.3890625 0.3671875 0.0125 0.03125
3 0.40390625 0.35 0.0109375 0.0265625
3 0.340625 0.35859375 0.009375 0.0234375
0 0.32109375 0.3703125 0.009375 0.025
3 0.71171875 0.4625 0.03125 0.0765625
0 0.25703125 0.38125 0.0109375 0.03125
1 0.74765625 0.2875 0.0109375 0.03125
3 0.2203125 0.3734375 0.009375 0.025
3 0.115625 0.384375 0.009375 0.0265625
3 0.0328125 0.3984375 0.009375 0.0265625
0 0.1640625 0.3890625 0.009375 0.025
0 0.04375 0.40234375 0.0125 0.0296875