0 0.13575520833333332 0.5801388888888889 0.053296875 0.12072222222222222
0 0.21727604166666667 0.4836296296296297 0.033390625 0.07374074074074075
0 0.26972395833333335 0.43483333333333335 0.02364583333333333 0.05276851851851852
0 0.36059895833333333 0.40302777777777776 0.019187500000000003 0.04264814814814815
0 0.4565572916666667 0.3853148148148148 0.020833333333333332 0.04048148148148148
0 0.38661979166666666 0.36037037037037034 0.012687499999999999 0.023851851851851853
0 0.2902552083333333 0.3744722222222222 0.011854166666666667 0.027472222222222224
0 0.17275000000000001 0.3932685185185185 0.018338541666666666 0.037592592592592594
0 0.04934895833333333 0.4077222222222222 0.013838541666666667 0.03903703703703704
0 0.4768854166666667 0.34808333333333336 0.007015625 0.022407407407407407
0 0.556171875 0.3665185185185185 0.011911458333333335 0.0347037037037037
0 0.5264895833333333 0.34085185185185185 0.009463541666666667 0.023851851851851853
0 0.5858541666666667 0.3365185185185185 0.008411458333333333 0.025305555555555553
0 0.6169583333333333 0.33073148148148146 0.0071875 0.022407407407407407
0 0.6954635416666667 0.347 0.012114583333333335 0.028916666666666667
0 0.627765625 0.326037037037037 0.0060260416666666665 0.01735185185185185
0 0.8452916666666667 0.3372407407407408 0.010864583333333334 0.03398148148148149
0 0.7899947916666666 0.3047037037037037 0.008432291666666668 0.020962962962962964
0 0.719046875 0.3094074074074074 0.005604166666666666 0.01735185185185185
0 0.6623229166666668 0.31519444444444444 0.005208333333333333 0.01590740740740741
0 0.8735520833333333 0.3047037037037037 0.006385416666666667 0.015185185185185184
0 0.9335260416666666 0.307962962962963 0.00840625 0.018796296296296297
3 0.7546197916666666 0.48254629629629625 0.03527604166666667 0.09036111111111111
3 0.6379270833333333 0.4341111111111111 0.023916666666666666 0.06578703703703703
3 0.646875 0.3972407407407407 0.02325 0.05276851851851852
3 0.7225 0.3744722222222222 0.019020833333333334 0.04482407407407407
3 0.87009375 0.359287037037037 0.015734375000000002 0.037592592592592594
3 0.42040104166666664 0.3441111111111111 0.012572916666666666 0.024583333333333336
3 0.49928125 0.33543518518518517 0.009307291666666667 0.02312962962962963
3 0.5466458333333333 0.3231388888888889 0.0064531250000000005 0.01735185185185185
3 0.5665729166666666 0.32025 0.008072916666666667 0.01590740740740741
3 0.5954375 0.3148333333333333 0.007255208333333333 0.01662962962962963
3 0.6405729166666667 0.30904629629629626 0.006432291666666667 0.01662962962962963
3 0.700546875 0.3043425925925926 0.0060104166666666665 0.01735185185185185
3 0.9501927083333332 0.29712037037037037 0.007588541666666667 0.02024074074074074
3 0.14143229166666668 0.38205555555555554 0.010114583333333335 0.02675
3 0.23494791666666667 0.3690462962962963 0.00846875 0.023851851851851853
3 0.30895312500000005 0.3582037037037037 0.011875 0.023851851851851853
1 0.3014322916666667 0.3657962962962963 0.01390625 0.047712962962962964
1 0.27906770833333333 0.3708518518518518 0.014557291666666666 0.04048148148148148
1 0.24613541666666666 0.36253703703703705 0.013895833333333333 0.03398148148148149
1 0.22478645833333333 0.3621759259259259 0.012671874999999999 0.037592592592592594