0 0.27934375 0.5655833333333333 0.0443671875 0.11265277777777778
0 0.1986171875 0.4027777777777778 0.0111953125 0.03086111111111111
0 0.24549218750000001 0.40123611111111107 0.012921875 0.03704166666666667
0 0.2888828125 0.40431944444444445 0.0129140625 0.043208333333333335
0 0.319265625 0.4351805555555555 0.023320312500000002 0.05555555555555555
0 0.9159843750000001 0.3641944444444445 0.010671875 0.027777777777777776
3 0.77103125 0.33487500000000003 0.010195312500000001 0.024694444444444446
3 0.7519375 0.34644444444444444 0.0119375 0.026236111111111113
3 0.77928125 0.36033333333333334 0.013242187499999999 0.03240277777777777
3 0.8578281249999999 0.3873472222222222 0.0153828125 0.040125
3 0.37915625 0.3641944444444445 0.009421875 0.03086111111111111
3 0.4294921875 0.36651388888888886 0.011140625 0.03240277777777777
3 0.5167265624999999 0.3719166666666666 0.013726562500000001 0.03704166666666667
3 0.615671875 0.39737500000000003 0.018914062500000002 0.04783333333333333
3 0.7784140625 0.4722222222222222 0.031890625 0.0895
3 0.449890625 0.3449027777777778 0.0088203125 0.02315277777777778