1 0.01640625 0.54453125 0.0328125 0.2296875
0 0.2109375 0.49453125 0.0453125 0.096875
0 0.29609375 0.4203125 0.034375 0.071875
0 0.365625 0.3765625 0.021875 0.053125
0 0.4109375 0.35390625 0.0171875 0.0390625
0 0.39765625 0.33671875 0.0171875 0.0390625
1 0.93046875 0.64921875 0.1015625 0.3265625
1 0.88671875 0.5890625 0.0859375 0.25625
3 0.896875 0.6578125 0.0765625 0.196875
3 0.7734375 0.5125 0.0453125 0.115625
3 0.7046875 0.4078125 0.0296875 0.0671875
3 0.66171875 0.36953125 0.0234375 0.046875
3 0.65234375 0.346875 0.025 0.0453125
3 0.62890625 0.33671875 0.015625 0.03125
3 0.578125 0.32890625 0.0171875 0.034375
3 0.509375 0.3234375 0.0140625 0.0328125
3 0.71015625 0.28046875 0.0078125 0.01875
3 0.72578125 0.2890625 0.009375 0.01875
3 0.73671875 0.2859375 0.00625 0.0171875
3 0.9953125 0.33515625 0.009375 0.0203125
3 0.94921875 0.328125 0.0109375 0.0234375
3 0.99453125 0.325 0.009375 0.0234375
3 0.89921875 0.3234375 0.0078125 0.021875
3 0.896875 0.31328125 0.009375 0.01875
3 0.83125 0.29453125 0.00625 0.0171875
1 0.82421875 0.30546875 0.0109375 0.034375
3 0.42265625 0.31875 0.0109375 0.0265625
3 0.34921875 0.315625 0.0109375 0.0296875
3 0.21328125 0.315625 0.0109375 0.0265625
3 0.09453125 0.3109375 0.0125 0.03125
0 0.1390625 0.32421875 0.009375 0.0296875
0 0.24609375 0.3265625 0.0109375 0.0296875
0 0.3203125 0.328125 0.0171875 0.0375