0 0.4392890625 0.4388888888888889 0.0360625 0.08055555555555556
0 0.026710937499999997 0.6847222222222222 0.053421874999999994 0.19444444444444445
0 0.588875 0.3617222222222222 0.0197578125 0.048125
0 0.6475234375000001 0.342875 0.013640625 0.03288888888888889
0 0.6833828125 0.33565277777777774 0.0104921875 0.02326388888888889
3 0.8606875 0.48404166666666665 0.0393671875 0.08902777777777778
3 0.8169296875000001 0.3922083333333333 0.016796875 0.048125
3 0.804296875 0.36533333333333334 0.0093671875 0.03288888888888889
3 0.801140625 0.3516944444444444 0.00596875 0.028069444444444445
3 0.8153515625000001 0.3432777777777778 0.0082265625 0.020847222222222222
0 0.7206171875 0.33044444444444443 0.006234375 0.022458333333333337