0 0.17421875 0.53046875 0.053125 0.1109375
0 0.059375 0.42421875 0.025 0.0515625
0 0.171875 0.38046875 0.0234375 0.046875
0 0.4125 0.371875 0.025 0.05
0 0.45703125 0.3484375 0.015625 0.0328125
0 0.2125 0.36015625 0.015625 0.0296875
3 0.7640625 0.7046875 0.06875 0.1453125
3 0.6421875 0.434375 0.03125 0.05
3 0.625 0.38671875 0.01875 0.028125
3 0.62109375 0.36875 0.015625 0.0265625
1 0.31328125 0.41875 0.046875 0.096875
1 0.32734375 0.41015625 0.04375 0.0953125
1 0.6765625 0.47890625 0.0609375 0.1125
1 0.66875 0.4671875 0.0546875 0.1078125
3 0.07578125 0.390625 0.0125 0.0203125
3 0.08125 0.38203125 0.0140625 0.025
3 0.61875 0.3515625 0.0125 0.0234375
3 0.63671875 0.3421875 0.009375 0.0203125
0 0.50859375 0.334375 0.0109375 0.025