3 0.8953125 0.43984375 0.0578125 0.1125
3 0.765625 0.3953125 0.0375 0.0765625
3 0.6375 0.38359375 0.03125 0.059375
3 0.4984375 0.38203125 0.0265625 0.053125
3 0.34140625 0.390625 0.0234375 0.0515625
3 0.20078125 0.40625 0.0234375 0.0515625
0 0.16171875 0.6046875 0.0765625 0.153125
0 0.2171875 0.484375 0.0421875 0.0921875
0 0.06171875 0.46875 0.03125 0.0765625
1 0.9484375 0.28515625 0.01875 0.0578125
3 0.78359375 0.27265625 0.009375 0.0265625
3 0.80703125 0.284375 0.0109375 0.028125
3 0.8203125 0.27578125 0.009375 0.0265625