0 0.0609375 0.575 0.0671875 0.1234375
3 0.9 0.5125 0.078125 0.134375
3 0.72109375 0.446875 0.0453125 0.0890625
3 0.57421875 0.42734375 0.03125 0.0703125
3 0.4234375 0.4265625 0.03125 0.0640625
3 0.24921875 0.43671875 0.028125 0.059375
3 0.0921875 0.46015625 0.0234375 0.0515625
1 0.884375 0.31328125 0.0203125 0.053125
3 0.93984375 0.32578125 0.0125 0.03125
3 0.9578125 0.325 0.0140625 0.034375
3 0.975 0.32421875 0.0140625 0.0359375
3 0.98359375 0.3140625 0.0109375 0.034375
3 0.71796875 0.30703125 0.0109375 0.0296875
3 0.74140625 0.31328125 0.009375 0.0234375
3 0.7546875 0.30546875 0.00625 0.021875