0 0.308140625 0.6087962962962963 0.061109375 0.15046296296296297
0 0.0589375 0.429 0.022708333333333334 0.052287037037037035
0 0.24525 0.42068518518518516 0.018994791666666667 0.04515740740740741
0 0.38596354166666663 0.42721296296296296 0.018322916666666668 0.04634259259259259
0 0.508625 0.48337037037037034 0.031697916666666666 0.07546296296296297
0 0.5211614583333334 0.44028703703703703 0.021442708333333334 0.052287037037037035
3 0.8722708333333333 0.44117592592592597 0.027697916666666666 0.06357407407407407
3 0.76515625 0.41800925925925925 0.021359375 0.04575
3 0.664203125 0.40641666666666665 0.017317708333333334 0.04277777777777778
3 0.52834375 0.4040462962962963 0.016317708333333333 0.03802777777777778
3 0.36725 0.39899074074074076 0.012984375 0.03743518518518518
3 0.225875 0.40375 0.013661458333333333 0.03624074074074074
3 0.08567187500000001 0.40671296296296294 0.016677083333333335 0.044564814814814814