0 0.36078125 0.5083333333333333 0.04596875 0.10277777777777777
0 0.592125 0.4047638888888889 0.0203671875 0.05273611111111111
0 0.706140625 0.36554166666666665 0.0140390625 0.033625
0 0.7587890625 0.35531944444444447 0.010320312500000001 0.027680555555555555
0 0.7946328125 0.35091666666666665 0.0068515625 0.01970833333333333
3 0.9827265625000001 0.6412777777777778 0.034546875 0.1304722222222222
3 0.9061171874999999 0.45431944444444444 0.0270703125 0.06883333333333333
3 0.90128125 0.4041111111111111 0.0152734375 0.03661111111111111
3 0.9044453125 0.38204166666666667 0.0092890625 0.02315277777777778
3 0.90796875 0.37062500000000004 0.009710937499999999 0.02659722222222222
3 0.92459375 0.36530555555555555 0.007781250000000001 0.021583333333333333
3 0.9472968749999999 0.36545833333333333 0.006640625 0.016902777777777777
0 0.8342265624999999 0.3491944444444444 0.0064843750000000006 0.015013888888888889
3 0.96609375 0.36527777777777776 0.0063359374999999996 0.01725
0 0.8691953124999999 0.3495 0.0049140625 0.015041666666666667