0 0.1125 0.3234375 0.0328125 0.0515625
0 0.2515625 0.5078125 0.1 0.153125
0 0.32890625 0.36015625 0.03125 0.0546875
3 0.2421875 0.33046875 0.0234375 0.0375
3 0.36015625 0.31875 0.0125 0.021875
3 0.37734375 0.35390625 0.01875 0.0328125
3 0.409375 0.33671875 0.0140625 0.0234375
3 0.3984375 0.321875 0.0125 0.021875
3 0.38671875 0.33046875 0.0125 0.0234375
3 0.4390625 0.35 0.015625 0.0296875
3 0.44609375 0.3640625 0.0171875 0.03125
3 0.4625 0.36015625 0.015625 0.028125
3 0.47109375 0.33203125 0.0125 0.0203125
0 0.5109375 0.34453125 0.0125 0.0234375
0 0.51875 0.34921875 0.0109375 0.01875
0 0.5359375 0.35625 0.015625 0.025
0 0.55546875 0.35078125 0.0109375 0.01875
0 0.559375 0.3671875 0.0125 0.021875
3 0.57109375 0.35234375 0.0109375 0.021875
3 0.625 0.3609375 0.0109375 0.0171875
0 0.6078125 0.3625 0.0109375 0.0203125
0 0.5921875 0.38125 0.0140625 0.0234375
0 0.59140625 0.403125 0.021875 0.040625
0 0.62890625 0.39296875 0.0171875 0.0328125
0 0.62890625 0.403125 0.0171875 0.034375
0 0.6765625 0.3796875 0.009375 0.01875
3 0.66796875 0.371875 0.009375 0.01875
0 0.63984375 0.47421875 0.0484375 0.08125
0 0.71953125 0.38828125 0.0109375 0.0203125
0 0.79140625 0.40703125 0.0125 0.0203125
0 0.73515625 0.47890625 0.040625 0.0703125
3 0.77734375 0.39921875 0.0109375 0.01875
3 0.71328125 0.3828125 0.0125 0.01875
3 0.83515625 0.4125 0.0125 0.0203125
3 0.91875 0.4328125 0.0171875 0.028125
0 0.875 0.42890625 0.0125 0.0203125
0 0.8546875 0.49453125 0.0359375 0.059375
1 0.9140625 0.484375 0.0359375 0.08125
0 0.9484375 0.44453125 0.0140625 0.0265625
0 0.99609375 0.4609375 0.0078125 0.025
0 0.99609375 0.49375 0.0078125 0.0375
0 0.97109375 0.50390625 0.0296875 0.0453125
0 0.50703125 0.3921875 0.0234375 0.0453125
0 0.45390625 0.47265625 0.0640625 0.1046875
1 0.9296875 0.48671875 0.03125 0.0671875
0 0.9203125 0.5015625 0.01875 0.040625
3 0.52109375 0.34296875 0.009375 0.015625