0 0.12109375 0.46328125 0.0453125 0.0765625
0 0.19609375 0.43359375 0.03125 0.05625
0 0.203125 0.40546875 0.021875 0.0453125
0 0.184375 0.3921875 0.01875 0.0421875
0 0.13203125 0.38125 0.01875 0.034375
0 0.03203125 0.38125 0.0203125 0.0359375
3 0.015625 0.37109375 0.0125 0.034375
3 0.11640625 0.37265625 0.015625 0.034375
3 0.1890625 0.37734375 0.0140625 0.0375
3 0.26953125 0.378125 0.0171875 0.0375
3 0.3515625 0.384375 0.0171875 0.0359375
3 0.41015625 0.39375 0.0203125 0.0390625
3 0.4484375 0.40546875 0.021875 0.0421875
3 0.4984375 0.425 0.025 0.0515625
3 0.54609375 0.45546875 0.028125 0.0671875
3 0.59140625 0.49765625 0.040625 0.0859375
3 0.690625 0.5859375 0.0640625 0.1265625
3 0.93203125 0.83671875 0.0984375 0.278125