0 0.26796875 0.54609375 0.0453125 0.0984375
0 0.38671875 0.41015625 0.021875 0.0515625
0 0.4375 0.36171875 0.015625 0.0375
0 0.4765625 0.340625 0.0125 0.028125
3 0.7734375 0.4828125 0.0484375 0.10625
3 0.62109375 0.378125 0.025 0.0484375
3 0.58515625 0.34765625 0.0140625 0.0296875
3 0.5984375 0.3390625 0.0125 0.0296875
3 0.63359375 0.3265625 0.0109375 0.025
0 0.62109375 0.31328125 0.009375 0.0234375
0 0.5484375 0.325 0.0109375 0.025
3 0.95234375 0.34375 0.015625 0.0359375
3 0.69296875 0.31953125 0.0078125 0.01875