0 0.23671875 0.6296875 0.06875 0.1203125
0 0.4046875 0.42421875 0.0265625 0.0484375
0 0.47890625 0.3703125 0.0203125 0.034375
3 0.81796875 0.4640625 0.0703125 0.1265625
3 0.675 0.3578125 0.0265625 0.0546875
3 0.6765625 0.33203125 0.025 0.0453125
3 0.7 0.315625 0.0203125 0.0421875
3 0.74765625 0.29765625 0.0203125 0.0359375
3 0.84296875 0.27421875 0.021875 0.0390625
0 0.5640625 0.33046875 0.015625 0.0328125
0 0.634375 0.3046875 0.0171875 0.03125
3 0.94609375 0.26171875 0.028125 0.046875
0 0.05390625 0.525 0.0171875 0.0328125
0 0.1796875 0.45859375 0.0125 0.0296875
0 0.2984375 0.40234375 0.015625 0.0296875
3 0.0625 0.50703125 0.015625 0.0296875
3 0.02578125 0.5125 0.0125 0.021875