0 0.10234375 0.72421875 0.0640625 0.190625
0 0.121875 0.56328125 0.0375 0.10625
0 0.1140625 0.4890625 0.028125 0.065625
0 0.17734375 0.434375 0.01875 0.046875
0 0.24453125 0.4015625 0.015625 0.040625
0 0.30859375 0.37890625 0.0125 0.03125
0 0.37265625 0.36484375 0.009375 0.028125
0 0.4578125 0.35390625 0.0125 0.028125
0 0.54453125 0.346875 0.009375 0.025
0 0.63828125 0.34296875 0.009375 0.0234375
0 0.73125 0.3375 0.0078125 0.021875
0 0.796875 0.33359375 0.00625 0.0203125
3 0.65 0.45859375 0.0390625 0.09375
3 0.52109375 0.41640625 0.0203125 0.0609375
3 0.52890625 0.38515625 0.015625 0.04375
3 0.65625 0.36796875 0.0125 0.0375
3 0.75546875 0.36015625 0.0125 0.0375
3 0.81171875 0.35390625 0.0109375 0.034375
3 0.88125 0.35234375 0.0109375 0.03125
1 0.8390625 0.32578125 0.0109375 0.0375
1 0.85703125 0.3265625 0.009375 0.03125
1 0.92734375 0.34296875 0.0125 0.0375
1 0.94921875 0.34296875 0.009375 0.0375
3 0.93828125 0.34765625 0.009375 0.025
0 0.84921875 0.3328125 0.00625 0.025
0 0.89453125 0.33046875 0.00625 0.021875