0 0.28468750000000004 0.5042037037037037 0.039671875 0.09031481481481482
0 0.30321354166666664 0.4444444444444444 0.026302083333333334 0.06450925925925927
0 0.17429166666666665 0.42916666666666664 0.023614583333333335 0.05432407407407407
0 0.05513020833333333 0.4264537037037037 0.025171875 0.05296296296296297
3 0.05990104166666667 0.39521296296296293 0.016385416666666666 0.03938888888888889
3 0.26730208333333333 0.3894444444444445 0.020947916666666667 0.05092592592592592
3 0.381703125 0.38842592592592595 0.01521875 0.04210185185185185
3 0.51234375 0.39046296296296296 0.01904166666666667 0.04346296296296296
3 0.6257864583333334 0.3965740740740741 0.019802083333333335 0.05025
3 0.7275833333333334 0.4135462962962963 0.021713541666666666 0.05703703703703704
3 0.8131458333333333 0.44682407407407404 0.03546875 0.0842037037037037
3 0.96115625 0.5334074074074074 0.0686875 0.13512962962962963
3 0.9859843749999999 0.35583333333333333 0.011390625 0.02851851851851852
3 0.9743333333333334 0.3534537037037037 0.011776041666666666 0.029203703703703704
3 0.961734375 0.3503981481481482 0.011015625 0.023092592592592595
3 0.7659895833333333 0.3171203703703704 0.009145833333333332 0.02173148148148148
3 0.7862291666666666 0.32730555555555557 0.008374999999999999 0.01900925925925926
3 0.798453125 0.321537037037037 0.006078125 0.016972222222222222
3 0.91990625 0.3269722222222222 0.006046874999999999 0.019694444444444445
1 0.9124583333333334 0.34394444444444444 0.014072916666666666 0.04413888888888889