3 0.03515625 0.46484375 0.0171875 0.0296875
0 0.05625 0.46640625 0.0234375 0.0390625
0 0.11171875 0.45234375 0.0203125 0.034375
0 0.10078125 0.521875 0.0484375 0.078125
0 0.02421875 0.59375 0.0484375 0.1
0 0.1328125 0.459375 0.0234375 0.0421875
0 0.14765625 0.48046875 0.034375 0.0546875
3 0.10234375 0.43984375 0.015625 0.0296875
3 0.17578125 0.41640625 0.0203125 0.0328125
3 0.25546875 0.396875 0.0234375 0.0359375
3 0.3125 0.3859375 0.025 0.040625
3 0.3515625 0.384375 0.025 0.0421875
3 0.4015625 0.38359375 0.0296875 0.05
3 0.45078125 0.39453125 0.0328125 0.059375
3 0.4921875 0.4109375 0.046875 0.0796875
3 0.5796875 0.43828125 0.0671875 0.1078125
3 0.7578125 0.49765625 0.1 0.16875