1 0.271875 0.42265625 0.06875 0.1375
1 0.29765625 0.4203125 0.05625 0.128125
0 0.28359375 0.446875 0.0390625 0.0796875
0 0.13671875 0.4921875 0.0890625 0.1421875
1 0.70078125 0.50625 0.0609375 0.1359375
1 0.68984375 0.5 0.0546875 0.1171875
3 0.76015625 0.590625 0.0796875 0.1265625
3 0.67265625 0.4859375 0.0359375 0.06875
3 0.65859375 0.4421875 0.028125 0.05
3 0.64140625 0.41484375 0.0203125 0.034375
3 0.6390625 0.40390625 0.0171875 0.03125
3 0.6234375 0.3953125 0.01875 0.0296875
3 0.58828125 0.38203125 0.015625 0.0265625
3 0.5328125 0.36796875 0.0140625 0.0234375
3 0.46484375 0.3515625 0.0140625 0.025
3 0.4046875 0.33984375 0.0140625 0.0265625
0 0.38515625 0.34453125 0.015625 0.0296875
0 0.44765625 0.3609375 0.01875 0.0296875
0 0.45859375 0.37734375 0.01875 0.0328125
0 0.43203125 0.38515625 0.025 0.040625
0 0.39609375 0.40078125 0.0328125 0.0515625
0 0.36171875 0.42578125 0.0390625 0.0609375
0 0.325 0.334375 0.0171875 0.0296875
0 0.2390625 0.3171875 0.0171875 0.028125
3 0.2921875 0.31875 0.0140625 0.0234375
1 0.7953125 0.39765625 0.015625 0.034375