0 0.0234375 0.66484375 0.046875 0.1921875
0 0.3796875 0.459375 0.0453125 0.08125
0 0.5515625 0.42421875 0.0203125 0.04375
0 0.60703125 0.41640625 0.0265625 0.0453125
0 0.64609375 0.41015625 0.0171875 0.03125
3 0.6703125 0.3859375 0.0109375 0.0203125
3 0.696875 0.3953125 0.0109375 0.0203125
3 0.76796875 0.42265625 0.0140625 0.025
3 0.7890625 0.43203125 0.0125 0.0234375
3 0.78515625 0.45390625 0.0140625 0.0265625
3 0.78046875 0.4875 0.028125 0.046875
3 0.75625 0.52890625 0.040625 0.078125
3 0.8734375 0.76015625 0.1078125 0.2046875
3 0.98515625 0.5015625 0.015625 0.0296875
3 0.94375 0.47734375 0.0125 0.025
3 0.909375 0.45703125 0.0125 0.021875
3 0.896875 0.4453125 0.0078125 0.0171875
3 0.903125 0.4453125 0.0078125 0.015625
3 0.740625 0.40546875 0.009375 0.0171875
3 0.97734375 0.45078125 0.009375 0.021875
3 0.7171875 0.38984375 0.0078125 0.015625