0 0.222125 0.5486111111111112 0.0592890625 0.12777777777777777
0 0.467015625 0.40625 0.025640625 0.059722222222222225
0 0.6052109375 0.36304166666666665 0.0155234375 0.03904166666666667
0 0.704015625 0.34873611111111114 0.0111015625 0.034694444444444444
0 0.7511015624999999 0.3413611111111111 0.0076796875 0.02688888888888889
0 0.7793984375 0.3378888888888889 0.0086484375 0.023416666666666665
0 0.8042812500000001 0.33484722222222224 0.0057109375 0.024291666666666663
3 0.86625 0.5734166666666667 0.058414062499999996 0.1422638888888889
3 0.7952656250000001 0.4376527777777778 0.03159375 0.07373611111111111
3 0.8145390625 0.3873333333333333 0.02134375 0.05465277777777778
3 0.858203125 0.3660833333333333 0.0120625 0.034694444444444444
3 0.875765625 0.3569722222222222 0.0120625 0.03036111111111111
3 0.8877265624999999 0.35133333333333333 0.0098984375 0.024291666666666663