0 0.08637500000000001 0.39075925925925925 0.020442708333333334 0.04561111111111111
0 0.25214583333333335 0.5295648148148148 0.06546875 0.13192592592592592
0 0.2916354166666667 0.37856481481481485 0.01876041666666667 0.04780555555555556
3 0.20641666666666666 0.3698888888888889 0.014510416666666666 0.03255555555555555
3 0.31168229166666667 0.33391666666666664 0.007109375 0.018962962962962963
3 0.33469270833333337 0.3629907407407407 0.011515625 0.028972222222222222
3 0.3603854166666667 0.3403611111111111 0.00865625 0.021546296296296296
3 0.347546875 0.3287962962962963 0.007932291666666667 0.019435185185185184
3 0.33871875 0.3393611111111111 0.0076614583333333335 0.020370370370370372
3 0.3906458333333333 0.3456296296296296 0.0094375 0.026
3 0.39996875000000004 0.3575925925925926 0.010557291666666666 0.02775
3 0.414015625 0.3502962962962963 0.009708333333333334 0.02514814814814815
3 0.4159375 0.3231574074074074 0.007697916666666666 0.017638888888888888
0 0.454734375 0.32636111111111116 0.006239583333333334 0.0205462962962963
0 0.4630677083333333 0.32931481481481484 0.0066145833333333326 0.016046296296296295
0 0.47982291666666665 0.33096296296296296 0.009395833333333332 0.021
0 0.496609375 0.32285185185185183 0.0064531250000000005 0.01662962962962963
0 0.504328125 0.33644444444444443 0.008072916666666667 0.01948148148148148
3 0.5114635416666666 0.3202129629629629 0.005828125 0.018787037037037036
3 0.5623020833333333 0.31749074074074074 0.0062968749999999995 0.014916666666666667
0 0.5470624999999999 0.3220092592592592 0.006848958333333334 0.01838888888888889
0 0.536859375 0.34203703703703703 0.007697916666666666 0.021574074074074075
0 0.5409375 0.3628425925925926 0.012557291666666666 0.036675925925925924
0 0.5730677083333333 0.3450092592592593 0.01040625 0.02962037037037037
0 0.5752760416666667 0.355 0.009828125 0.03138888888888889
0 0.6139635416666667 0.32295370370370374 0.006 0.016333333333333335
3 0.604265625 0.3184351851851852 0.006057291666666667 0.016203703703703703
0 0.599625 0.417787037037037 0.029953125 0.07066666666666666
0 0.6547916666666667 0.3214722222222222 0.006796875 0.01811111111111111
0 0.7241562500000001 0.3239537037037037 0.008760416666666666 0.016694444444444446
0 0.6877291666666667 0.40137962962962964 0.025875 0.06113888888888889
3 0.7099375 0.3198148148148148 0.006333333333333333 0.016277777777777776
3 0.6476979166666667 0.31895370370370374 0.007786458333333333 0.01589814814814815
3 0.7656875 0.31977777777777777 0.007697916666666666 0.01753703703703704
3 0.8462604166666666 0.32128703703703704 0.010057291666666666 0.024675925925925924
0 0.8046875 0.3265092592592593 0.008151041666666668 0.017944444444444443
0 0.8004635416666667 0.39037037037037037 0.022875 0.052259259259259255
1 0.8524635416666667 0.36854629629629626 0.018223958333333335 0.0732037037037037
0 0.8751041666666667 0.3257129629629629 0.007114583333333333 0.023814814814814813
0 0.9266197916666666 0.33005555555555555 0.008317708333333333 0.0227037037037037
0 0.935765625 0.3593240740740741 0.013854166666666667 0.03288888888888889
0 0.9676666666666667 0.3491296296296296 0.009869791666666666 0.029574074074074076
0 0.9878750000000001 0.3327777777777778 0.008510416666666666 0.025518518518518517
0 0.995765625 0.34097222222222223 0.008463541666666666 0.027805555555555556
3 0.9472447916666666 0.3229259259259259 0.009317708333333334 0.02
0 0.9087135416666666 0.3748240740740741 0.019484374999999998 0.03986111111111111
0 0.46164583333333337 0.3703888888888889 0.01359375 0.04013888888888889
0 0.42990625 0.45471296296296293 0.04043229166666666 0.0905
1 0.867546875 0.36818518518518517 0.01609375 0.06174074074074075
0 0.8619270833333333 0.3834444444444444 0.008489583333333333 0.03747222222222222
3 0.4639583333333333 0.3221296296296296 0.004968749999999999 0.01425925925925926