0 0.22265625 0.584375 0.0671875 0.109375
0 0.40625 0.41640625 0.040625 0.0609375
0 0.45859375 0.371875 0.0203125 0.0390625
0 0.4859375 0.34921875 0.01875 0.0375
0 0.21328125 0.4296875 0.015625 0.0265625
0 0.275 0.40703125 0.0125 0.025
0 0.10859375 0.484375 0.01875 0.0328125
0 0.025 0.5140625 0.0171875 0.0296875
0 0.503125 0.33828125 0.0109375 0.0203125
0 0.30703125 0.38828125 0.009375 0.0203125
3 0.78671875 0.4890625 0.08125 0.1390625
3 0.6734375 0.36328125 0.03125 0.0609375
3 0.63828125 0.33515625 0.0234375 0.0421875
3 0.62578125 0.3234375 0.0140625 0.0296875
3 0.61484375 0.3125 0.0125 0.0234375
3 0.60546875 0.30390625 0.0109375 0.0171875
3 0.86796875 0.30703125 0.0203125 0.0328125
3 0.78046875 0.2953125 0.015625 0.0296875
3 0.73671875 0.2890625 0.009375 0.01875
3 0.7125 0.27890625 0.009375 0.01875
3 0.7203125 0.28515625 0.009375 0.015625
3 0.1640625 0.44296875 0.0125 0.0234375