0 0.1515625 0.6796875 0.06875 0.1453125
0 0.221875 0.51171875 0.0359375 0.0640625
0 0.20234375 0.47421875 0.0234375 0.0484375
0 0.16328125 0.47109375 0.01875 0.0375
0 0.1078125 0.47578125 0.015625 0.03125
0 0.0453125 0.4953125 0.0125 0.03125
3 0.22265625 0.4265625 0.015625 0.028125
3 0.3 0.4171875 0.015625 0.0265625
3 0.39140625 0.40625 0.0203125 0.040625
3 0.51796875 0.42109375 0.0296875 0.0578125
3 0.76953125 0.51484375 0.071875 0.1265625
3 0.7421875 0.34375 0.0171875 0.03125
3 0.57578125 0.3546875 0.0140625 0.028125