0 0.3 0.54453125 0.05 0.1140625
0 0.40390625 0.434375 0.021875 0.05625
0 0.4 0.3921875 0.01875 0.04375
0 0.36796875 0.38046875 0.009375 0.0375
0 0.33046875 0.378125 0.0125 0.028125
3 0.43046875 0.35625 0.0125 0.0265625
3 0.46953125 0.35859375 0.009375 0.025
3 0.48671875 0.34921875 0.00625 0.01875
3 0.53828125 0.36328125 0.0125 0.03125
3 0.6 0.3765625 0.0140625 0.0359375
3 0.671875 0.40859375 0.0203125 0.053125
3 0.8046875 0.5125 0.046875 0.1203125
3 0.8828125 0.4046875 0.01875 0.0453125
3 0.7953125 0.378125 0.0125 0.034375
3 0.75 0.36015625 0.009375 0.0265625
3 0.73671875 0.35 0.0078125 0.0296875
3 0.7984375 0.33984375 0.0109375 0.025
0 0.9828125 0.4109375 0.00625 0.015625
0 0.91171875 0.3796875 0.0078125 0.025
0 0.878125 0.36484375 0.00625 0.0203125
0 0.865625 0.35546875 0.009375 0.025
0 0.88359375 0.3515625 0.00625 0.0203125
0 0.90390625 0.3515625 0.00625 0.0203125
0 0.28828125 0.3765625 0.009375 0.0234375