0 0.13828125 0.5359375 0.0484375 0.0875
0 0.17421875 0.4765625 0.0265625 0.0515625
0 0.11953125 0.44765625 0.0203125 0.04375
0 0.17109375 0.44453125 0.0203125 0.0390625
3 0.8171875 0.5921875 0.1 0.1921875
3 0.65859375 0.47265625 0.0484375 0.1015625
3 0.56328125 0.42109375 0.0359375 0.071875
3 0.48671875 0.4046875 0.0265625 0.05625
3 0.43828125 0.3953125 0.021875 0.05
3 0.37109375 0.39375 0.0234375 0.0484375
3 0.28203125 0.403125 0.01875 0.0390625
3 0.196875 0.4171875 0.015625 0.0359375
3 0.1203125 0.43203125 0.0171875 0.040625
0 0.01015625 0.4703125 0.0203125 0.053125