0 0.146875 0.92734375 0.121875 0.1453125
0 0.0515625 0.58828125 0.034375 0.06875
0 0.47109375 0.44296875 0.0546875 0.096875
0 0.49140625 0.3328125 0.028125 0.0546875
0 0.3984375 0.33984375 0.0203125 0.0328125
0 0.31328125 0.37421875 0.0234375 0.0421875
0 0.18515625 0.46796875 0.025 0.04375
3 0.02421875 0.56015625 0.021875 0.040625
3 0.134375 0.46484375 0.0203125 0.0390625
3 0.21171875 0.4015625 0.0171875 0.0296875
3 0.2890625 0.3515625 0.015625 0.028125
3 0.36796875 0.31640625 0.015625 0.0296875
3 0.44765625 0.29296875 0.0171875 0.028125
3 0.5359375 0.2734375 0.0203125 0.040625
3 0.63359375 0.27109375 0.021875 0.0421875
3 0.7515625 0.28828125 0.028125 0.053125
3 0.884375 0.3703125 0.0453125 0.08125