3 0.884375 0.48046875 0.1015625 0.2375
3 0.65703125 0.2375 0.0390625 0.0890625
3 0.57578125 0.17890625 0.0265625 0.0625
3 0.52734375 0.14609375 0.0171875 0.04375
3 0.50703125 0.128125 0.0140625 0.034375
3 0.49453125 0.1234375 0.0140625 0.034375
3 0.484375 0.1140625 0.0125 0.0328125
3 0.01875 0.17109375 0.00625 0.0296875
3 0.0546875 0.15390625 0.0125 0.028125
0 0.0640625 0.3296875 0.0578125 0.1109375
0 0.2296875 0.20859375 0.03125 0.0640625
0 0.27109375 0.1625 0.0203125 0.046875
0 0.29453125 0.1453125 0.0203125 0.046875
0 0.315625 0.125 0.0140625 0.034375
0 0.04609375 0.1875 0.0171875 0.04375
0 0.084375 0.1671875 0.015625 0.03125
0 0.10078125 0.15625 0.0109375 0.0296875
0 0.34375 0.11875 0.0109375 0.028125
0 0.35625 0.11015625 0.009375 0.0234375
0 0.12109375 0.1421875 0.0109375 0.0234375