3 0.92090625 0.4920648148148148 0.05109895833333333 0.1322777777777778
3 0.4964791666666667 0.4675925925925926 0.041526041666666666 0.08598148148148148
3 0.295609375 0.4550277777777778 0.032651041666666665 0.0793611111111111
3 0.13193749999999999 0.45039814814814816 0.029713541666666666 0.06481481481481481
3 0.03596875 0.43716666666666665 0.023781249999999997 0.054231481481481485
3 0.038484375 0.41126851851851853 0.0173125 0.047842592592592596
3 0.10575 0.3904351851851852 0.012958333333333332 0.046296296296296294
3 0.229 0.37037037037037035 0.014661458333333332 0.04012037037037037
3 0.34747395833333333 0.3611111111111111 0.013765625 0.037037037037037035
3 0.488515625 0.35262037037037036 0.012864583333333334 0.03549074074074074
3 0.5996145833333333 0.3441388888888889 0.012838541666666667 0.03086111111111111
3 0.7015989583333333 0.3425925925925926 0.011947916666666667 0.03086111111111111
3 0.7688645833333333 0.33564814814814814 0.0110625 0.029324074074074075
3 0.7970729166666667 0.3333333333333333 0.011927083333333333 0.03086111111111111
3 0.7797135416666666 0.3287037037037037 0.010635416666666668 0.03086111111111111
0 0.08405208333333333 0.37113888888888885 0.012963541666666667 0.032407407407407406
0 0.213375 0.3587962962962963 0.011197916666666667 0.032407407407407406
0 0.4629114583333333 0.3425925925925926 0.010270833333333333 0.03086111111111111
0 0.5675 0.33796296296296297 0.011109375 0.03086111111111111
0 0.6495208333333333 0.33641666666666664 0.010223958333333333 0.03086111111111111