0 0.26547916666666665 0.5787037037037037 0.03934895833333333 0.09656481481481483
0 0.4456875 0.3842222222222222 0.017119791666666665 0.041249999999999995
0 0.5254427083333334 0.34450925925925924 0.009729166666666667 0.02612037037037037
0 0.5733177083333333 0.3202962962962963 0.0067552083333333336 0.02014814814814815
0 0.4048333333333333 0.3458703703703704 0.007286458333333333 0.020453703703703703
0 0.29491666666666666 0.3790277777777778 0.0085 0.025416666666666667
0 0.18440625 0.42055555555555557 0.010270833333333333 0.025416666666666667
0 0.10982291666666667 0.44984259259259257 0.008640625 0.025175925925925928
0 0.02946875 0.49075925925925923 0.007010416666666667 0.022231481481481484
3 0.9869947916666667 0.8551666666666667 0.026015625 0.28966666666666663
3 0.7267916666666667 0.42512962962962964 0.023166666666666665 0.05787037037037037
3 0.6965677083333334 0.3500833333333333 0.01065625 0.027342592592592592
3 0.6916041666666667 0.3262685185185185 0.00809375 0.017805555555555557
3 0.69378125 0.3132314814814815 0.0060625 0.01548148148148148