0 0.15546875 0.55859375 0.065625 0.1359375
0 0.365625 0.40859375 0.0265625 0.053125
0 0.41875 0.3671875 0.0140625 0.034375
0 0.4546875 0.3453125 0.0125 0.0265625
0 0.4890625 0.334375 0.0109375 0.021875
3 0.7890625 0.58671875 0.08125 0.134375
3 0.6359375 0.41875 0.0296875 0.05
3 0.58671875 0.3734375 0.0171875 0.03125
3 0.575 0.3515625 0.0125 0.025
3 0.58984375 0.34765625 0.0140625 0.025
3 0.99296875 0.47265625 0.0140625 0.0421875
3 0.903125 0.41953125 0.01875 0.03125
3 0.88671875 0.3984375 0.0109375 0.0234375
3 0.89296875 0.3875 0.009375 0.01875
0 0.99453125 0.42109375 0.0109375 0.0234375
3 0.95625 0.3921875 0.00625 0.0140625
3 0.91953125 0.38828125 0.009375 0.0171875
0 0.55234375 0.33125 0.0078125 0.0171875