0 0.3375 0.44295833333333334 0.025046875000000003 0.0644861111111111
0 0.458859375 0.38095833333333334 0.0121875 0.041666666666666664
0 0.5601328125 0.35565277777777776 0.007140625 0.03075
0 0.6019765625 0.3511944444444445 0.008242187500000001 0.027777777777777776
3 0.9144375 0.6423611111111112 0.0728984375 0.1577361111111111
3 0.6985078125 0.4409722222222222 0.020499999999999997 0.06647222222222222
3 0.6839999999999999 0.3893888888888889 0.013804687500000001 0.046625
3 0.7155234375 0.36954166666666666 0.0087734375 0.03273611111111111
0 0.059312500000000004 0.7013888888888888 0.0676484375 0.17747222222222223
0 0.6332265625 0.34425 0.008234374999999999 0.02976388888888889
3 0.9669140625000001 0.3893888888888889 0.0104296875 0.04463888888888889
3 0.9027421875 0.3680555555555556 0.009328125 0.035708333333333335
3 0.8756796874999999 0.3566527777777778 0.009890625 0.02876388888888889
3 0.7336796875 0.3576388888888889 0.010484375 0.034722222222222224