0 0.26171875 0.575 0.0671875 0.1171875
0 0.3953125 0.434375 0.0390625 0.0703125
0 0.36875 0.39296875 0.03125 0.0578125
0 0.28515625 0.37421875 0.0234375 0.040625
0 0.24453125 0.36171875 0.015625 0.0296875
0 0.196875 0.34921875 0.015625 0.025
3 0.98828125 0.46875 0.0234375 0.103125
3 0.80078125 0.3390625 0.0453125 0.0625
0 0.915625 0.1953125 0.01875 0.0375
3 0.61484375 0.3234375 0.025 0.0453125
3 0.475 0.3203125 0.01875 0.0328125
3 0.38046875 0.3296875 0.0140625 0.025
1 0.22109375 0.34609375 0.015625 0.034375
1 0.21640625 0.34609375 0.0140625 0.034375
0 0.18359375 0.34765625 0.0109375 0.0203125
1 0.33125 0.32421875 0.01875 0.0359375
1 0.3234375 0.32265625 0.0140625 0.0328125