0 0.240625 0.5359375 0.0546875 0.1078125
0 0.28125 0.434375 0.025 0.053125
0 0.27890625 0.40703125 0.01875 0.0375
0 0.29609375 0.3875 0.015625 0.0375
3 0.69609375 0.47578125 0.04375 0.0859375
3 0.54375 0.40703125 0.01875 0.046875
3 0.475 0.3859375 0.015625 0.0359375
3 0.45390625 0.37578125 0.0109375 0.028125
3 0.490625 0.36640625 0.0125 0.028125
3 0.6171875 0.36796875 0.0140625 0.0265625
3 0.7546875 0.38125 0.0125 0.0265625
3 0.93125 0.42890625 0.0203125 0.0484375
3 0.83515625 0.39140625 0.015625 0.0328125
0 0.34921875 0.37109375 0.009375 0.0265625
3 0.6859375 0.36796875 0.015625 0.0328125
0 0.40703125 0.359375 0.009375 0.021875