0 0.0453125 0.47578125 0.078125 0.1359375
0 0.23046875 0.26484375 0.0328125 0.0640625
0 0.34453125 0.17109375 0.021875 0.046875
0 0.3171875 0.15390625 0.0171875 0.0390625
0 0.26484375 0.16953125 0.01875 0.034375
0 0.21171875 0.178125 0.0203125 0.0421875
0 0.13046875 0.2140625 0.0203125 0.0328125
0 0.0015625 0.28359375 0.003125 0.0328125
3 0.83046875 0.409375 0.1171875 0.2515625
3 0.6234375 0.20703125 0.0484375 0.084375
3 0.565625 0.1421875 0.028125 0.046875
3 0.5453125 0.121875 0.0203125 0.03125
3 0.5375 0.109375 0.01875 0.0390625
3 0.4828125 0.10390625 0.0171875 0.0328125
3 0.3890625 0.11640625 0.0140625 0.0296875
3 0.2921875 0.13984375 0.015625 0.0296875
3 0.0890625 0.21875 0.015625 0.0296875