0 0.153125 0.7625 0.121875 0.2609375
0 0.43125 0.45078125 0.03125 0.0640625
0 0.49140625 0.39453125 0.01875 0.0421875
0 0.53671875 0.375 0.0125 0.028125
0 0.57578125 0.36796875 0.009375 0.0203125
0 0.92421875 0.4015625 0.009375 0.021875
3 0.93828125 0.43203125 0.015625 0.0328125
3 0.7765625 0.47734375 0.0328125 0.0671875
3 0.8640625 0.40390625 0.0109375 0.0234375
3 0.69453125 0.4125 0.0171875 0.0328125
3 0.678125 0.38984375 0.0109375 0.028125
3 0.6890625 0.378125 0.009375 0.0234375
3 0.7 0.375 0.009375 0.0234375
0 0.60546875 0.365625 0.0078125 0.015625
0 0.6265625 0.36171875 0.00625 0.0140625