0 0.380015625 0.4500416666666666 0.028109375 0.07352777777777778
0 0.4955234375 0.39331944444444444 0.020953125 0.053875
0 0.5989296875 0.37493055555555554 0.01028125 0.03359722222222222
0 0.6795078125 0.35718055555555556 0.013117187499999999 0.02725
3 0.7743359375 0.46145833333333336 0.033773437499999996 0.08366666666666667
3 0.7516953125 0.4135972222222222 0.021296875 0.06022222222222222
3 0.7713125 0.4009166666666667 0.017921875 0.056416666666666664
3 0.8194375 0.3917361111111111 0.0200703125 0.051972222222222225
3 0.9190859375 0.3920555555555555 0.017343749999999998 0.04247222222222222
3 0.02759375 0.4190694444444445 0.010007812500000001 0.02601388888888889
3 0.0843515625 0.3855972222222222 0.0075625 0.01975
3 0.155875 0.384625 0.009710937499999999 0.02359722222222222
3 0.27765625 0.3578888888888889 0.0072499999999999995 0.022152777777777778
0 0.1488359375 0.4039027777777778 0.009171875 0.024569444444444446
0 0.2929609375 0.36994444444444446 0.0096796875 0.028902777777777777
3 0.3688359375 0.3441666666666667 0.005359375 0.01975
0 0.7894921874999999 0.3578888888888889 0.01159375 0.03179166666666667
0 0.882296875 0.36994444444444446 0.013046875 0.032749999999999994
0 0.9833515625 0.3843888888888889 0.0113125 0.028902777777777777