3 0.15478645833333332 0.38580555555555557 0.012078125 0.03086111111111111
3 0.2888854166666667 0.3773148148148148 0.011177083333333334 0.032407407407407406
3 0.4008541666666667 0.3773148148148148 0.011151041666666667 0.032407407407407406
3 0.4919895833333333 0.38039814814814815 0.012864583333333334 0.03549074074074074
3 0.5440625 0.38657407407407407 0.014588541666666668 0.041666666666666664
3 0.588328125 0.4035462962962963 0.0163125 0.047842592592592596
3 0.6660104166666667 0.43210185185185185 0.029312500000000002 0.06481481481481481
3 0.7658229166666667 0.4899722222222222 0.04491666666666667 0.09722222222222222
0 0.12354166666666666 0.4043240740740741 0.013822916666666666 0.03395370370370371
0 0.23550520833333335 0.4043240740740741 0.019 0.04321296296296297
0 0.3088489583333333 0.4220648148148148 0.019854166666666666 0.05092592592592592
0 0.26067708333333334 0.4513888888888889 0.027677083333333335 0.0663611111111111
0 0.1513125 0.5324074074074074 0.05547395833333334 0.10493518518518519