0 0.1304765625 0.6625555555555556 0.0927265625 0.17827777777777779
0 0.46032031250000005 0.4214722222222222 0.026953125 0.06944444444444445
0 0.547328125 0.37106944444444445 0.011882812500000001 0.036875
0 0.6068984375 0.3513194444444444 0.01215625 0.028305555555555553
0 0.6649140625000001 0.3420416666666667 0.00959375 0.020527777777777777
0 0.7365078125 0.33969444444444447 0.0116875 0.022583333333333337
0 0.7705546875 0.34095833333333336 0.00796875 0.01698611111111111
3 0.7836796875 0.35708333333333336 0.010609375 0.021861111111111112
3 0.75390625 0.36104166666666665 0.011421875 0.025402777777777778
3 0.7458203125 0.38284722222222217 0.0191171875 0.036833333333333336
3 0.7969609375 0.4419027777777778 0.02953125 0.07856944444444444
3 0.996890625 0.35605555555555557 0.0062265624999999995 0.017430555555555557
3 0.9954453125 0.3711527777777778 0.007203125 0.014180555555555557
3 0.9887265624999999 0.36012500000000003 0.004125 0.01622222222222222
3 0.9925546875 0.36180555555555555 0.0036875 0.01351388888888889
3 0.8248125 0.35052777777777777 0.00584375 0.016055555555555556
3 0.9791953124999999 0.7277083333333334 0.041609375 0.155375
3 0.8922812499999999 0.34095833333333336 0.00715625 0.016652777777777777
3 0.8863359375 0.33866666666666667 0.004640625000000001 0.012333333333333335
3 0.8867890624999999 0.3507777777777778 0.0075703125 0.014555555555555556
3 0.8576874999999999 0.350875 0.0065703125 0.019125
0 0.80271875 0.33693055555555557 0.00821875 0.018375