0 0.247796875 0.5361111111111111 0.043375000000000004 0.09715277777777778
1 0.325375 0.4333194444444445 0.0375 0.10497222222222222
1 0.35192968750000003 0.4154583333333333 0.0200859375 0.08893055555555555
0 0.342421875 0.4388472222222223 0.017687500000000002 0.06252777777777778
0 0.381890625 0.39831944444444445 0.015921875 0.03983333333333333
0 0.42239062499999996 0.3640416666666667 0.01203125 0.02779166666666667
0 0.439453125 0.34620833333333334 0.0086484375 0.021763888888888888
3 0.7523359375 0.5222222222222223 0.047078125 0.11255555555555556
3 0.633421875 0.42194444444444446 0.0208828125 0.057430555555555554
3 0.6052890625 0.38280555555555557 0.0146171875 0.03844444444444444
3 0.57090625 0.3526944444444444 0.012531249999999999 0.029180555555555557
3 0.5468124999999999 0.33625 0.00653125 0.021305555555555557
3 0.5531953125 0.32281944444444444 0.00575 0.017597222222222222
3 0.5408203125 0.3255972222222222 0.00653125 0.02408333333333333
3 0.7933671875 0.35338888888888886 0.011539062499999999 0.03334722222222222
3 0.7615859375 0.3390416666666667 0.0063281249999999995 0.020375
3 0.7808671875 0.3246805555555556 0.0052890624999999995 0.014819444444444444
1 0.6512734375 0.41500000000000004 0.034687499999999996 0.10281944444444445
1 0.6193593749999999 0.39484722222222224 0.0213203125 0.09680555555555556
3 0.8869921875 0.3816805555555556 0.013382812499999999 0.04034722222222222
0 0.91709375 0.36393055555555553 0.010671875 0.026361111111111113
0 0.8744375 0.3499305555555555 0.008843750000000001 0.022055555555555557
0 0.8593046875000001 0.3418611111111111 0.0070234375 0.01775
3 0.5776796875 0.3157916666666667 0.006890625 0.021222222222222222
0 0.4571171875 0.33291666666666664 0.005523437500000001 0.017708333333333333
0 0.47953124999999996 0.3219722222222222 0.004640625000000001 0.014583333333333334