3 0.9112343749999999 0.49867592592592597 0.048125 0.10846296296296297
3 0.8740364583333334 0.42526851851851855 0.031765625 0.08068518518518518
3 0.9584791666666667 0.38360185185185186 0.029515625 0.06084259259259259
0 0.21116666666666667 0.5813518518518519 0.06019791666666666 0.13360185185185183
0 0.333921875 0.46362037037037035 0.03189583333333333 0.07804629629629631
0 0.46448958333333334 0.4166666666666667 0.02665625 0.0582037037037037
0 0.5864999999999999 0.3888888888888889 0.022166666666666668 0.05290740740740741
0 0.7144583333333333 0.36574074074074076 0.01915625 0.04894444444444444
0 0.8918958333333333 0.3458981481481481 0.016885416666666667 0.03836111111111111
0 0.49849479166666666 0.35262037037037036 0.011994791666666667 0.032407407407407406
0 0.6048229166666667 0.33873148148148147 0.009364583333333334 0.032407407407407406
0 0.6621041666666667 0.3294722222222222 0.011088541666666667 0.029324074074074075
0 0.73328125 0.32252777777777775 0.009338541666666667 0.03086111111111111
0 0.7688645833333333 0.3202129629629629 0.009328125 0.029324074074074075
0 0.3878333333333333 0.3688240740740741 0.011156250000000001 0.037037037037037035
0 0.252 0.3888888888888889 0.013791666666666667 0.04012037037037037
1 0.4025885416666667 0.35571296296296295 0.014890625 0.05400925925925926
1 0.37394791666666666 0.3595648148148148 0.014630208333333334 0.052472222222222226
1 0.342703125 0.34876851851851853 0.011401041666666667 0.046296296296296294
3 0.3201354166666667 0.35030555555555554 0.012906250000000001 0.04321296296296297
3 0.41343749999999996 0.3479907407407407 0.010552083333333333 0.02623148148148148
3 0.3322864583333333 0.3587962962962963 0.011401041666666667 0.032407407407407406
3 0.226828125 0.3719166666666667 0.012244791666666668 0.03395370370370371
3 0.025463541666666666 0.38734259259259257 0.013932291666666667 0.03395370370370371
0 0.10878645833333334 0.39891666666666664 0.017421875 0.041666666666666664
3 0.5384270833333333 0.3325648148148148 0.010578124999999999 0.02623148148148148