0 0.33984375 0.46484375 0.059375 0.1140625
3 0.96796875 0.54296875 0.0640625 0.2015625
0 0.88828125 0.27421875 0.0234375 0.0453125
0 0.7484375 0.30234375 0.025 0.0515625
0 0.65078125 0.29375 0.0359375 0.046875
0 0.58515625 0.3375 0.0390625 0.0734375
0 0.25234375 0.3328125 0.0171875 0.034375
0 0.11953125 0.39609375 0.021875 0.05
3 0.19921875 0.3328125 0.015625 0.028125
3 0.14453125 0.35546875 0.015625 0.0296875
3 0.0265625 0.4109375 0.0140625 0.03125
3 0.053125 0.36953125 0.009375 0.01875
3 0.0234375 0.390625 0.015625 0.0234375
0 0.31015625 0.30546875 0.0109375 0.021875