0 0.3109375 0.471875 0.06875 0.11875
0 0.40078125 0.3875 0.0265625 0.05
0 0.4125 0.3640625 0.01875 0.0375
3 0.7796875 0.525 0.05 0.0921875
3 0.646875 0.4125 0.025 0.0453125
3 0.5765625 0.37265625 0.0140625 0.0328125
3 0.52421875 0.34921875 0.0125 0.028125
3 0.8359375 0.44453125 0.0203125 0.040625
3 0.75859375 0.40234375 0.0125 0.0296875
0 0.86875 0.41953125 0.0171875 0.0359375
0 0.9546875 0.4625 0.0171875 0.03125
3 0.4796875 0.334375 0.0078125 0.0171875
0 0.40390625 0.3421875 0.0109375 0.021875
3 0.4484375 0.328125 0.0078125 0.0171875
3 0.434375 0.32421875 0.0078125 0.0171875
3 0.453125 0.3234375 0.0046875 0.0125