0 0.0375 0.7828125 0.075 0.2125
0 0.08671875 0.4234375 0.0359375 0.0640625
0 0.5015625 0.47265625 0.05625 0.0921875
0 0.5640625 0.38828125 0.028125 0.0515625
0 0.48203125 0.35625 0.0203125 0.03125
0 0.39609375 0.35 0.0234375 0.0390625
0 0.24921875 0.37734375 0.025 0.040625
3 0.0765625 0.38828125 0.0234375 0.0390625
3 0.2078125 0.353125 0.021875 0.0359375
3 0.29921875 0.33125 0.0171875 0.028125
3 0.384375 0.32109375 0.015625 0.0265625
3 0.46640625 0.3234375 0.015625 0.028125
3 0.54296875 0.33671875 0.01875 0.0265625
3 0.62578125 0.35625 0.021875 0.0375
3 0.709375 0.3953125 0.0234375 0.040625
3 0.80234375 0.4578125 0.0296875 0.05
3 0.88125 0.58203125 0.046875 0.0765625