3 0.96484375 0.778125 0.05625 0.2671875
3 0.62109375 0.53671875 0.053125 0.13125
3 0.50859375 0.47109375 0.04375 0.0953125
3 0.40703125 0.4046875 0.025 0.05625
3 0.44453125 0.42890625 0.0328125 0.0703125
3 0.36640625 0.38671875 0.0265625 0.05
3 0.31953125 0.371875 0.0171875 0.0390625
3 0.28359375 0.3671875 0.015625 0.0359375
3 0.22578125 0.3609375 0.015625 0.034375
3 0.14609375 0.3609375 0.0171875 0.0328125
3 0.065625 0.3625 0.0125 0.028125
0 0.01796875 0.37265625 0.01875 0.0359375
0 0.05234375 0.43046875 0.0328125 0.065625
0 0.07578125 0.37578125 0.0171875 0.034375
0 0.096875 0.38671875 0.01875 0.040625
0 0.1046875 0.40859375 0.028125 0.0515625