0 0.19140625 0.675 0.059375 0.1203125
0 0.40703125 0.40859375 0.025 0.0546875
0 0.47578125 0.33828125 0.0171875 0.040625
3 0.71875 0.43046875 0.040625 0.078125
3 0.6515625 0.33515625 0.01875 0.0390625
3 0.6625 0.30234375 0.0109375 0.01875
0 0.5296875 0.309375 0.0125 0.0234375
0 0.5703125 0.29296875 0.0078125 0.0171875
0 0.43515625 0.3265625 0.0078125 0.015625
0 0.3515625 0.35859375 0.009375 0.0171875
0 0.4921875 0.30546875 0.0109375 0.0203125
0 0.584375 0.28515625 0.00625 0.015625
3 0.35859375 0.34765625 0.0078125 0.015625
3 0.4171875 0.32265625 0.0078125 0.0140625
3 0.46015625 0.30625 0.0078125 0.0140625
3 0.6703125 0.2859375 0.0109375 0.0203125