1 0.15078125 0.7375 0.1578125 0.278125
1 0.2296875 0.61328125 0.1125 0.2015625
1 0.90546875 0.5265625 0.1609375 0.3015625
1 0.75546875 0.4515625 0.10625 0.215625
0 0.20859375 0.70390625 0.08125 0.159375
0 0.315625 0.5140625 0.0515625 0.0875
0 0.38125 0.41640625 0.0296875 0.0546875
0 0.40390625 0.3828125 0.0171875 0.034375
3 0.8234375 0.50625 0.09375 0.1796875
3 0.67109375 0.40078125 0.053125 0.084375
3 0.575 0.35234375 0.021875 0.04375
3 0.534375 0.3390625 0.015625 0.03125
3 0.521875 0.32734375 0.0125 0.0265625
3 0.53359375 0.31796875 0.0109375 0.025
3 0.86484375 0.2921875 0.021875 0.0375
3 0.796875 0.2796875 0.0140625 0.0265625
3 0.7875 0.26953125 0.0109375 0.025
0 0.93359375 0.2671875 0.01875 0.0296875
0 0.9 0.26015625 0.0140625 0.025
0 0.425 0.3578125 0.009375 0.01875