0 0.095328125 0.6374444444444445 0.07353645833333333 0.19618518518518518
0 0.45609895833333336 0.4913240740740741 0.04334375 0.1199814814814815
0 0.6915781249999999 0.43907407407407406 0.04902083333333333 0.1019074074074074
0 0.949796875 0.40251851851851855 0.0376875 0.08436111111111111
0 0.3339739583333333 0.40000925925925923 0.028260416666666666 0.07624074074074075
0 0.49607812500000004 0.3664351851851852 0.027817708333333333 0.06464814814814814
1 0.054572916666666665 0.38639814814814816 0.030218750000000003 0.07988888888888888
1 0.09265104166666666 0.3799722222222222 0.019567708333333333 0.0639537037037037
1 0.11391666666666667 0.4047777777777778 0.016968749999999998 0.07035185185185186
1 0.16478125 0.39728703703703705 0.028416666666666666 0.08005555555555555
0 0.133359375 0.41578703703703707 0.012442708333333333 0.04607407407407407
0 0.577359375 0.35930555555555554 0.013291666666666667 0.025703703703703704