3 0.971875 0.36796875 0.028125 0.053125
3 0.93125 0.3390625 0.0171875 0.040625
3 0.91640625 0.325 0.0140625 0.034375
3 0.8859375 0.30546875 0.0140625 0.028125
3 0.86640625 0.29296875 0.009375 0.0203125
3 0.85703125 0.28671875 0.0125 0.025
3 0.86875 0.28515625 0.009375 0.0234375
0 0.88984375 0.278125 0.009375 0.01875
0 0.76953125 0.31015625 0.009375 0.0265625
0 0.771875 0.296875 0.0109375 0.025
0 0.7796875 0.28671875 0.009375 0.0265625
1 0.93671875 0.3296875 0.021875 0.065625
1 0.92265625 0.3265625 0.01875 0.0625
1 0.75625 0.32109375 0.015625 0.053125