3 0.06875 0.290625 0.01875 0.0328125
3 0.2578125 0.31796875 0.0171875 0.03125
3 0.35859375 0.3296875 0.0171875 0.0296875
3 0.43671875 0.33515625 0.01875 0.0296875
3 0.56015625 0.34765625 0.015625 0.028125
3 0.91640625 0.4703125 0.034375 0.053125
3 0.821875 0.48359375 0.0390625 0.0625
3 0.8125 0.5328125 0.053125 0.0859375
3 0.9640625 0.65625 0.053125 0.1359375
0 0.6234375 0.36484375 0.0140625 0.0296875
0 0.4125 0.3484375 0.0140625 0.0328125
0 0.51953125 0.35625 0.015625 0.0328125
0 0.884375 0.4265625 0.025 0.040625
0 0.75078125 0.378125 0.0140625 0.0234375
0 0.6796875 0.37109375 0.0140625 0.028125
0 0.15234375 0.31953125 0.021875 0.0390625
0 0.2828125 0.3390625 0.01875 0.0375
0 0.71328125 0.4109375 0.021875 0.0390625
0 0.590625 0.403125 0.025 0.04375
0 0.478125 0.4046875 0.0296875 0.05
0 0.36328125 0.41640625 0.0390625 0.0671875
0 0.2734375 0.46640625 0.0625 0.1015625
0 0.0859375 0.596875 0.121875 0.1984375
1 0.35 0.31875 0.0203125 0.0421875
1 0.36953125 0.321875 0.021875 0.0453125
1 0.4015625 0.3390625 0.021875 0.0484375
1 0.42734375 0.340625 0.0265625 0.0546875