1 0.3109375 0.34375 0.021875 0.071875
1 0.275 0.35078125 0.021875 0.0703125
1 0.24140625 0.33359375 0.0171875 0.0578125
1 0.2125 0.33359375 0.01875 0.05625
3 0.2265625 0.3453125 0.0109375 0.03125
0 0.29140625 0.36015625 0.015625 0.0421875
3 0.3328125 0.334375 0.0125 0.028125
0 0.36484375 0.4453125 0.040625 0.0859375
0 0.4375 0.346875 0.0171875 0.040625
3 0.48828125 0.32109375 0.0140625 0.0328125
0 0.1046875 0.38125 0.0203125 0.040625
0 0.10703125 0.54375 0.0765625 0.1421875
0 0.5421875 0.40078125 0.034375 0.075
0 0.56875 0.33046875 0.015625 0.0390625
0 0.6375 0.328125 0.0109375 0.03125
0 0.709375 0.38125 0.025 0.05625
0 0.71796875 0.32421875 0.0140625 0.0328125
0 0.75625 0.32109375 0.0125 0.028125
0 0.76484375 0.3171875 0.0078125 0.028125
0 0.759375 0.303125 0.0078125 0.021875
0 0.80078125 0.3015625 0.0078125 0.0203125
3 0.76796875 0.29453125 0.009375 0.0203125
3 0.6765625 0.30234375 0.009375 0.021875
3 0.71015625 0.2984375 0.00625 0.0171875
3 0.65078125 0.30625 0.00625 0.01875
3 0.62890625 0.31484375 0.0078125 0.0203125
3 0.62734375 0.309375 0.0046875 0.01875
3 0.59375 0.31796875 0.009375 0.0265625
3 0.96953125 0.49375 0.0609375 0.11875
3 0.9953125 0.296875 0.009375 0.021875
3 0.9234375 0.2953125 0.009375 0.01875
3 0.84375 0.2921875 0.00625 0.0171875
0 0.875 0.3015625 0.009375 0.021875
0 0.92265625 0.36171875 0.0296875 0.053125
0 0.9703125 0.3046875 0.009375 0.021875