0 0.025744791666666666 0.5665277777777779 0.018979166666666665 0.04774074074074074
0 0.155203125 0.4447962962962963 0.01503125 0.03609259259259259
0 0.21941666666666665 0.5298518518518519 0.032401041666666665 0.07727777777777778
0 0.24649479166666666 0.365824074074074 0.006317708333333334 0.020194444444444442
0 0.22390104166666666 0.38828703703703704 0.008276041666666668 0.02199074074074074
0 0.2856302083333333 0.40323148148148147 0.013442708333333333 0.0347037037037037
0 0.2951666666666667 0.36630555555555555 0.008338541666666668 0.02312037037037037
3 0.4494270833333333 0.31797222222222227 0.006364583333333334 0.017083333333333332
3 0.4565885416666667 0.31178703703703703 0.00503125 0.01490740740740741
3 0.4563802083333333 0.3309259259259259 0.007578125000000001 0.018250000000000002
3 0.4931927083333333 0.3466666666666666 0.011802083333333333 0.027462962962962963
3 0.5974791666666667 0.3965092592592593 0.022447916666666668 0.050462962962962966
3 0.774203125 0.5631851851851852 0.04116666666666667 0.11317592592592593
3 0.07283854166666666 0.4711851851851852 0.010052083333333333 0.02137962962962963
3 0.15136458333333333 0.4087314814814815 0.006984375 0.018305555555555554
0 0.333078125 0.33825925925925926 0.005875 0.015694444444444445