3 0.90234375 0.51328125 0.0828125 0.1703125
3 0.6578125 0.38671875 0.0390625 0.06875
3 0.559375 0.36015625 0.025 0.0515625
3 0.48671875 0.35546875 0.0171875 0.0328125
3 0.4140625 0.3640625 0.015625 0.03125
0 0.35078125 0.471875 0.0421875 0.071875
0 0.34140625 0.4171875 0.0265625 0.046875
0 0.30703125 0.40546875 0.01875 0.0390625
3 0.3703125 0.36796875 0.015625 0.03125
0 0.26796875 0.4125 0.015625 0.034375
0 0.21640625 0.72109375 0.1140625 0.1984375
0 0.21171875 0.41484375 0.0109375 0.0234375
0 0.228125 0.40546875 0.009375 0.0234375
3 0.87109375 0.3375 0.0265625 0.053125
3 0.765625 0.3234375 0.0203125 0.0421875
3 0.70859375 0.3140625 0.015625 0.034375
3 0.68984375 0.30625 0.0125 0.0265625
3 0.71328125 0.29453125 0.0109375 0.028125
3 0.7421875 0.2859375 0.009375 0.021875
0 0.88046875 0.30546875 0.0140625 0.03125
0 0.83671875 0.30078125 0.0140625 0.034375
0 0.81953125 0.29140625 0.0109375 0.0265625
3 0.4296875 0.34921875 0.0140625 0.0296875
0 0.85234375 0.27890625 0.009375 0.025
3 0.778125 0.27890625 0.0109375 0.0265625
3 0.4796875 0.33203125 0.0125 0.025
3 0.51328125 0.32265625 0.0109375 0.021875
3 0.83515625 0.26953125 0.009375 0.0203125
3 0.69375 0.28203125 0.009375 0.021875
0 0.890625 0.27421875 0.0078125 0.0203125
3 0.89375 0.2671875 0.009375 0.0171875