0 0.08828125 0.725 0.0921875 0.1734375
0 0.38671875 0.4515625 0.0328125 0.065625
0 0.4546875 0.40625 0.0234375 0.046875
0 0.490625 0.371875 0.0171875 0.0359375
0 0.4828125 0.3546875 0.0125 0.0265625
3 0.8546875 0.565625 0.084375 0.1640625
3 0.74140625 0.41796875 0.0421875 0.084375
3 0.69140625 0.371875 0.0265625 0.05
3 0.66171875 0.3421875 0.0171875 0.0328125
3 0.62421875 0.33125 0.0140625 0.0234375
3 0.8359375 0.31953125 0.015625 0.028125
3 0.90546875 0.33125 0.01875 0.0359375
3 0.78359375 0.31328125 0.0109375 0.0203125
3 0.58359375 0.328125 0.009375 0.0203125
3 0.53203125 0.33125 0.0078125 0.0171875
3 0.49921875 0.33515625 0.0109375 0.01875
0 0.4578125 0.35390625 0.009375 0.0203125
0 0.94609375 0.3078125 0.0125 0.028125
0 0.89453125 0.30078125 0.009375 0.01875
0 0.87578125 0.29765625 0.009375 0.0203125
3 0.7578125 0.3046875 0.0078125 0.01875