0 0.2171875 0.50703125 0.0515625 0.10625
0 0.43203125 0.3703125 0.0328125 0.059375
0 0.49296875 0.334375 0.015625 0.0390625
0 0.52578125 0.31640625 0.0125 0.0375
0 0.234375 0.35 0.0125 0.025
0 0.3015625 0.3375 0.009375 0.025
0 0.11875 0.38671875 0.015625 0.0328125
0 0.02890625 0.40078125 0.0125 0.0296875
0 0.54375 0.309375 0.0078125 0.0203125
0 0.3375 0.32421875 0.00625 0.021875
3 0.8046875 0.51171875 0.0609375 0.1375
3 0.7125 0.36484375 0.021875 0.0609375
3 0.68203125 0.33046875 0.015625 0.0421875
3 0.67109375 0.31484375 0.0078125 0.0296875
3 0.66171875 0.30234375 0.009375 0.0234375
3 0.65390625 0.2921875 0.009375 0.0171875
3 0.91953125 0.3421875 0.015625 0.03125
3 0.8328125 0.31484375 0.0125 0.0296875
3 0.78984375 0.3 0.0078125 0.01875
3 0.7671875 0.28671875 0.00625 0.01875
3 0.77421875 0.29375 0.00625 0.015625
3 0.18203125 0.35390625 0.0078125 0.0234375