0 0.32109375 0.46328125 0.0421875 0.075
0 0.40234375 0.37890625 0.0203125 0.0484375
0 0.44453125 0.340625 0.0125 0.0375
0 0.48125 0.3234375 0.0109375 0.0234375
3 0.6984375 0.41484375 0.0359375 0.0859375
3 0.60390625 0.35546875 0.0171875 0.05
3 0.578125 0.32890625 0.009375 0.03125
3 0.59453125 0.31875 0.0140625 0.0265625
3 0.62890625 0.30859375 0.0125 0.0265625
0 0.54921875 0.3078125 0.0109375 0.0234375
3 0.97734375 0.35390625 0.0171875 0.04375
3 0.93359375 0.33203125 0.0140625 0.0296875
3 0.946875 0.3109375 0.00625 0.0203125
3 0.92578125 0.3171875 0.0109375 0.0265625
3 0.684375 0.30390625 0.0078125 0.01875
3 0.7515625 0.2984375 0.003125 0.01875
3 0.80546875 0.29765625 0.0078125 0.0171875
0 0.6171875 0.29921875 0.0046875 0.015625
0 0.69140625 0.2921875 0.0046875 0.015625
0 0.7453125 0.2890625 0.00625 0.015625
0 0.796875 0.2875 0.0046875 0.015625