0 0.2515625 0.54609375 0.0546875 0.1125
0 0.35 0.4296875 0.0203125 0.059375
0 0.353125 0.35703125 0.0078125 0.0140625
0 0.3765625 0.3609375 0.0046875 0.0171875
0 0.38828125 0.36328125 0.00625 0.021875
0 0.39375 0.3703125 0.0125 0.0296875
0 0.384375 0.38984375 0.0140625 0.03125
0 0.76015625 0.334375 0.0078125 0.0203125
0 0.82578125 0.346875 0.0109375 0.0234375
0 0.88125 0.35703125 0.0125 0.028125
0 0.00234375 0.4515625 0.0046875 0.028125
3 0.3375 0.35234375 0.0078125 0.0171875
3 0.3796875 0.34921875 0.00625 0.015625
3 0.46171875 0.346875 0.00625 0.0171875
3 0.4921875 0.34921875 0.0125 0.0234375
3 0.52578125 0.35703125 0.009375 0.0234375
3 0.56015625 0.37109375 0.0140625 0.0375
3 0.62265625 0.40703125 0.0296875 0.0546875
3 0.62421875 0.33359375 0.0078125 0.015625
3 0.58046875 0.33203125 0.009375 0.0203125
3 0.71796875 0.34921875 0.0109375 0.028125
3 0.6734375 0.33828125 0.0078125 0.0203125
3 0.7515625 0.3578125 0.0109375 0.03125
3 0.8375 0.3828125 0.01875 0.040625
3 0.76796875 0.49921875 0.0578125 0.115625
3 0.42109375 0.34609375 0.00625 0.01875