1 0.040625 0.4609375 0.015625 0.05
1 0.04453125 0.5171875 0.0265625 0.075
1 0.06484375 0.49609375 0.0234375 0.0796875
1 0.053125 0.45234375 0.015625 0.0453125
3 0.14453125 0.41796875 0.0109375 0.0296875
0 0.19296875 0.43515625 0.0171875 0.0453125
0 0.31953125 0.37734375 0.0125 0.0375
0 0.44296875 0.3390625 0.0125 0.028125
0 0.5234375 0.33046875 0.0140625 0.034375
0 0.6015625 0.34296875 0.0140625 0.040625
0 0.5765625 0.4046875 0.025 0.0625
0 0.3171875 0.59453125 0.0515625 0.1265625
3 0.8953125 0.44140625 0.0234375 0.065625
3 0.82421875 0.36953125 0.0140625 0.0421875
3 0.734375 0.3296875 0.0109375 0.0296875
3 0.65234375 0.31015625 0.009375 0.028125
3 0.57109375 0.309375 0.0078125 0.021875
3 0.2625 0.36875 0.009375 0.025