0 0.14090104166666664 0.37886111111111115 0.01728645833333333 0.041666666666666664
0 0.24331770833333335 0.38039814814814815 0.017265625 0.047842592592592596
0 0.35181250000000003 0.3919722222222222 0.020708333333333332 0.04937962962962963
0 0.35571875000000003 0.42747222222222225 0.030255208333333335 0.06481481481481481
0 0.20121874999999997 0.5277777777777778 0.05806770833333333 0.12345370370370372
3 0.30928125 0.35648148148148145 0.012041666666666668 0.03086111111111111
3 0.4073645833333333 0.3549351851851852 0.012015625 0.03086111111111111
3 0.5219322916666667 0.3541666666666667 0.013723958333333335 0.032407407407407406
3 0.6178385416666666 0.3611111111111111 0.014572916666666666 0.037037037037037035
3 0.7002968749999999 0.3719166666666667 0.018026041666666666 0.046296296296296294
3 0.7580156250000001 0.3919722222222222 0.024083333333333335 0.05555555555555555
3 0.8322239583333333 0.4367314814814815 0.03708854166666666 0.08025