0 0.32890625 0.4625 0.0234375 0.0578125
0 0.40078125 0.3859375 0.0109375 0.03125
0 0.4421875 0.3546875 0.0078125 0.025
0 0.478125 0.340625 0.0078125 0.021875
0 0.54296875 0.328125 0.0078125 0.021875
3 0.6734375 0.43125 0.028125 0.0640625
3 0.5890625 0.37265625 0.0140625 0.040625
3 0.5703125 0.34921875 0.009375 0.025
3 0.5828125 0.340625 0.009375 0.0234375
3 0.615625 0.33203125 0.009375 0.0203125
3 0.671875 0.32890625 0.0078125 0.021875
3 0.946875 0.3859375 0.0171875 0.0328125
3 0.90859375 0.36484375 0.009375 0.0265625
3 0.90390625 0.35078125 0.009375 0.021875
3 0.92578125 0.34609375 0.009375 0.0171875
0 0.6796875 0.31640625 0.00625 0.0171875
0 0.6078125 0.321875 0.0046875 0.0171875