0 0.00546875 0.50625 0.0109375 0.059375
1 0.128125 0.42734375 0.03125 0.06875
1 0.1609375 0.42109375 0.028125 0.0625
1 0.19296875 0.43671875 0.0359375 0.0859375
1 0.23359375 0.4234375 0.0359375 0.0875
0 0.21484375 0.4453125 0.028125 0.0546875
3 0.14609375 0.434375 0.021875 0.04375
3 0.26328125 0.4046875 0.021875 0.0421875
0 0.3796875 0.396875 0.025 0.0453125
3 0.43515625 0.36015625 0.01875 0.0359375
0 0.52265625 0.35859375 0.021875 0.040625
3 0.54609375 0.33515625 0.0203125 0.034375
3 0.5796875 0.32109375 0.0109375 0.0234375