0 0.23203125 0.54375 0.040625 0.090625
0 0.28203125 0.4546875 0.021875 0.053125
0 0.26015625 0.42734375 0.0125 0.034375
0 0.2203125 0.421875 0.015625 0.025
3 0.27890625 0.39765625 0.0078125 0.021875
3 0.3453125 0.39765625 0.009375 0.025
3 0.42109375 0.4 0.0125 0.028125
3 0.4703125 0.36640625 0.009375 0.01875
3 0.38046875 0.37578125 0.0078125 0.01875
1 0.1734375 0.3921875 0.009375 0.0234375
1 0.19140625 0.39140625 0.00625 0.021875
0 0.1296875 0.42265625 0.0078125 0.025
3 0.14296875 0.4109375 0.0109375 0.021875
0 0.0875 0.4296875 0.00625 0.0234375
3 0.0796875 0.421875 0.00625 0.01875
0 0.028125 0.43984375 0.009375 0.021875
3 0.01953125 0.43671875 0.0078125 0.0203125
3 0.51796875 0.41953125 0.01875 0.04375
3 0.66171875 0.48515625 0.04375 0.08125
3 0.76796875 0.39296875 0.0125 0.0328125
3 0.66796875 0.3765625 0.009375 0.028125
3 0.59921875 0.3671875 0.0109375 0.025
3 0.55234375 0.3640625 0.009375 0.01875
3 0.51171875 0.365625 0.009375 0.021875
0 0.7609375 0.36640625 0.009375 0.021875
3 0.92265625 0.425 0.0171875 0.0453125
0 0.86328125 0.38671875 0.009375 0.028125
0 0.6765625 0.3609375 0.009375 0.01875
0 0.17734375 0.41953125 0.009375 0.021875