0 0.11640625 0.5015625 0.0390625 0.084375
0 0.13515625 0.428125 0.0171875 0.05
0 0.14375 0.4546875 0.0265625 0.0578125
0 0.08125 0.42578125 0.0171875 0.0390625
3 0.07578125 0.4140625 0.0125 0.03125
3 0.15546875 0.40546875 0.0140625 0.03125
3 0.240625 0.3984375 0.0140625 0.0296875
3 0.33125 0.39296875 0.0203125 0.0453125
3 0.3984375 0.39609375 0.021875 0.0484375
3 0.44609375 0.40859375 0.0265625 0.059375
3 0.5140625 0.4296875 0.0359375 0.0703125
3 0.5953125 0.4765625 0.040625 0.0921875
3 0.7046875 0.56328125 0.0734375 0.15