0 0.2319739583333333 0.5330185185185184 0.055526041666666665 0.12819444444444444
0 0.33361979166666667 0.46370370370370373 0.04602083333333333 0.09010185185185185
0 0.25127604166666667 0.42886111111111114 0.03609375 0.054824074074074074
3 0.9012343749999999 0.5107685185185186 0.08154687499999999 0.13397222222222221
3 0.730390625 0.43177777777777776 0.043421875000000006 0.08181481481481481
3 0.5843072916666666 0.3976388888888889 0.031020833333333334 0.07437037037037036
3 0.6504375 0.4015740740740741 0.042744791666666664 0.07167592592592592
3 0.4702291666666667 0.3848703703703704 0.020125 0.04619444444444445
3 0.334828125 0.38507407407407407 0.02313541666666667 0.046592592592592595
3 0.18126041666666665 0.3888888888888889 0.014677083333333334 0.04012037037037037
0 0.12223958333333333 0.4166666666666667 0.01816145833333333 0.052472222222222226