0 0.2424375 0.5493055555555556 0.0499140625 0.10416666666666667
0 0.27702343749999997 0.4464027777777778 0.0219609375 0.05223611111111111
0 0.273140625 0.4193472222222222 0.0162265625 0.036333333333333336
0 0.2898203125 0.39931944444444445 0.013804687500000001 0.036333333333333336
3 0.6910624999999999 0.4656805555555556 0.0395234375 0.08305555555555555
3 0.536125 0.404875 0.0158984375 0.04597222222222223
3 0.4666796875 0.3878194444444445 0.013726562500000001 0.03559722222222222
3 0.44582812499999996 0.37855555555555553 0.0095625 0.027430555555555555
3 0.48128125 0.3681805555555555 0.011296875000000001 0.027430555555555555
3 0.6070234375 0.3626111111111111 0.013421875 0.026694444444444444
3 0.744234375 0.36891666666666667 0.01178125 0.025958333333333337
3 0.921296875 0.40673611111111113 0.0169921875 0.04672222222222222
3 0.824546875 0.37522222222222223 0.013851562500000001 0.032625
0 0.3419609375 0.3796666666666667 0.0088046875 0.026694444444444444
3 0.6752265625 0.35940277777777774 0.013265625 0.03169444444444444
0 0.398203125 0.3647916666666666 0.0074375 0.020916666666666667