0 0.209375 0.57109375 0.071875 0.1234375
0 0.02578125 0.4875 0.0265625 0.0640625
0 0.303125 0.35390625 0.0234375 0.0453125
0 0.4125 0.36875 0.0296875 0.0515625
3 0.12578125 0.384375 0.0171875 0.0375
3 0.22890625 0.33984375 0.0171875 0.03125
3 0.81171875 0.5546875 0.059375 0.1046875
3 0.3140625 0.309375 0.0140625 0.0234375
3 0.696875 0.37421875 0.021875 0.0375
3 0.6984375 0.34453125 0.0171875 0.0296875
3 0.68046875 0.325 0.0125 0.0203125
3 0.3734375 0.29609375 0.0109375 0.0234375
0 0.3859375 0.315625 0.015625 0.0265625
0 0.4984375 0.328125 0.0171875 0.0296875
0 0.55078125 0.3125 0.0125 0.025
0 0.58515625 0.30234375 0.0109375 0.021875
0 0.49765625 0.2921875 0.009375 0.0171875
0 0.43828125 0.29765625 0.0125 0.021875