3 0.85859375 0.5953125 0.0640625 0.1234375
3 0.67734375 0.3875 0.028125 0.0484375
3 0.66328125 0.33984375 0.0140625 0.0265625
3 0.66328125 0.31796875 0.0109375 0.0203125
0 0.33671875 0.5046875 0.04375 0.0765625
0 0.4359375 0.38828125 0.0234375 0.0421875
0 0.50234375 0.34921875 0.015625 0.03125
0 0.5453125 0.32578125 0.0125 0.0234375
0 0.56015625 0.31328125 0.0078125 0.0171875
0 0.38515625 0.3625 0.0140625 0.028125
0 0.45390625 0.3375 0.009375 0.0203125
0 0.2828125 0.4046875 0.0140625 0.028125
0 0.178125 0.453125 0.015625 0.0328125
0 0.51328125 0.3171875 0.009375 0.01875
3 0.66796875 0.30546875 0.0078125 0.0171875
3 0.2953125 0.38671875 0.0109375 0.0234375
3 0.20546875 0.421875 0.0109375 0.0234375
3 0.11796875 0.4671875 0.0078125 0.0171875
3 0.0359375 0.51328125 0.009375 0.021875
0 0.09921875 0.48984375 0.0109375 0.0265625
0 0.01171875 0.5390625 0.0125 0.0265625