0 0.3273125 0.45863888888888893 0.0350546875 0.08197222222222222
0 0.4496953125 0.3786111111111111 0.01965625 0.04683333333333333
0 0.579234375 0.35325 0.014390625 0.042930555555555555
0 0.6829609375000001 0.33861111111111114 0.01221875 0.035124999999999997
0 0.777359375 0.33616666666666667 0.010046875 0.028305555555555553
3 0.7334609375000001 0.4620416666666667 0.03746875 0.08098611111111112
3 0.716171875 0.40544444444444444 0.0245546875 0.06147222222222222
3 0.749921875 0.37569444444444444 0.015515625 0.04879166666666667
3 0.8190781250000001 0.3698333333333333 0.0166328125 0.03902777777777778
3 0.8912421875 0.36056944444444444 0.0128125 0.034152777777777775
3 0.9384765625 0.36397222222222225 0.009460937499999999 0.025374999999999998
0 0.8374609375000001 0.34149999999999997 0.0074140625000000005 0.018416666666666668
3 0.9704062499999999 0.364625 0.0068984375 0.020125