1 0.33671875 0.26328125 0.028125 0.0578125
1 0.36328125 0.26640625 0.0296875 0.05625
1 0.3953125 0.29140625 0.03125 0.0671875
1 0.42578125 0.29296875 0.0359375 0.0734375
0 0.40703125 0.303125 0.0203125 0.040625
3 0.346875 0.275 0.0171875 0.034375
3 0.44296875 0.28671875 0.0234375 0.0390625
0 0.078125 0.25546875 0.0328125 0.053125
0 0.2453125 0.28515625 0.0296875 0.0546875
0 0.07109375 0.5171875 0.1421875 0.2078125
0 0.29609375 0.39609375 0.08125 0.1171875
0 0.47109375 0.3796875 0.0484375 0.0828125
0 0.5359375 0.3171875 0.025 0.046875
0 0.62109375 0.38203125 0.0453125 0.0671875
0 0.6578125 0.3296875 0.021875 0.040625
0 0.97265625 0.41953125 0.0328125 0.0578125
0 0.96875 0.3609375 0.015625 0.025
0 0.89375 0.346875 0.0140625 0.025
0 0.84140625 0.3546875 0.015625 0.03125
0 0.8515625 0.35546875 0.0140625 0.0265625
0 0.85625 0.35078125 0.0125 0.025
0 0.85234375 0.3421875 0.0125 0.025
0 0.80078125 0.35234375 0.01875 0.0328125
0 0.7703125 0.39140625 0.034375 0.0578125
0 0.7234375 0.3359375 0.021875 0.0375
3 0.93671875 0.5125 0.0703125 0.10625
3 0.9578125 0.615625 0.084375 0.153125
3 0.86484375 0.33359375 0.0109375 0.01875
3 0.80625 0.325 0.0140625 0.0203125
3 0.77109375 0.32265625 0.0140625 0.0234375
3 0.7453125 0.32109375 0.0125 0.025
3 0.721875 0.32109375 0.0140625 0.028125
3 0.68671875 0.3203125 0.015625 0.028125
3 0.58515625 0.30390625 0.01875 0.0296875
3 0.22578125 0.259375 0.0265625 0.04375
3 0.94140625 0.34921875 0.0140625 0.025