3 0.165625 0.24765625 0.021875 0.0359375
3 0.309375 0.2765625 0.021875 0.0375
3 0.42734375 0.30859375 0.021875 0.0375
3 0.52265625 0.33671875 0.0234375 0.040625
3 0.57578125 0.35859375 0.0265625 0.0484375
3 0.61796875 0.3890625 0.03125 0.0546875
3 0.6921875 0.44140625 0.05 0.0765625
3 0.78046875 0.53046875 0.075 0.115625
0 0.12734375 0.25859375 0.0234375 0.040625
0 0.2453125 0.290625 0.0328125 0.05
0 0.31796875 0.32890625 0.0359375 0.059375
0 0.25859375 0.346875 0.0484375 0.078125
0 0.1203125 0.4015625 0.0890625 0.1265625