0 0.0228046875 0.8229166666666666 0.045609375 0.15694444444444444
0 0.2037734375 0.5145833333333333 0.033515625 0.07916666666666666
0 0.2881328125 0.43472222222222223 0.0225625 0.06111111111111111
0 0.390859375 0.39652777777777776 0.0155078125 0.043055555555555555
0 0.47834374999999996 0.37916666666666665 0.013921875 0.03888888888888889
0 0.5677890624999999 0.36944444444444446 0.013117187499999999 0.03333333333333333
0 0.6544921875 0.3680555555555556 0.00996875 0.03333333333333333
0 0.7705 0.37222222222222223 0.01228125 0.03611111111111111
3 0.867359375 0.6277777777777778 0.0731875 0.16944444444444445
3 0.61075 0.46805555555555556 0.036539062500000004 0.08333333333333333
3 0.5548984375 0.41875 0.0248359375 0.05416666666666667
3 0.608796875 0.39305555555555555 0.0216953125 0.05277777777777778
3 0.7091796875 0.38819444444444445 0.017765625 0.04861111111111111
3 0.8005703125 0.3875 0.020867187500000002 0.04722222222222222
3 0.9092265625 0.40694444444444444 0.0144375 0.041666666666666664
0 0.9027734374999999 0.38798611111111114 0.01203125 0.03756944444444445