0 0.21953125 0.48671875 0.0671875 0.109375
0 0.3875 0.38984375 0.0328125 0.0578125
0 0.45625 0.3578125 0.0234375 0.040625
0 0.503125 0.35 0.01875 0.03125
3 0.75546875 0.59921875 0.071875 0.11875
3 0.63671875 0.4390625 0.034375 0.0546875
3 0.6109375 0.3953125 0.0203125 0.0328125
3 0.628125 0.39140625 0.01875 0.0328125
3 0.66796875 0.390625 0.015625 0.028125
0 0.659375 0.37265625 0.015625 0.0265625
0 0.58125 0.36015625 0.015625 0.028125
3 0.9859375 0.5203125 0.0234375 0.040625
3 0.73125 0.4046875 0.0109375 0.0203125