3 0.58125 0.528125 0.053125 0.10625
3 0.31484375 0.4359375 0.0625 0.1046875
3 0.25234375 0.3640625 0.0484375 0.075
3 0.34453125 0.34296875 0.028125 0.053125
3 0.38203125 0.32578125 0.021875 0.0421875
1 0.39375 0.309375 0.01875 0.0515625
1 0.40078125 0.31171875 0.021875 0.05
0 0.05546875 0.28359375 0.0234375 0.04375
0 0.15625 0.2890625 0.01875 0.0375
1 0.203125 0.27890625 0.0265625 0.053125
3 0.415625 0.32109375 0.0171875 0.0359375
3 0.44140625 0.309375 0.0125 0.0296875
3 0.46484375 0.2984375 0.0125 0.0265625
3 0.453125 0.3 0.0140625 0.0265625
3 0.44453125 0.28671875 0.009375 0.0203125
1 0.215625 0.27734375 0.0265625 0.0578125
0 0.25390625 0.28984375 0.015625 0.0296875
0 0.27734375 0.28828125 0.015625 0.03125
3 0.40859375 0.27890625 0.0125 0.025
3 0.35859375 0.2671875 0.0109375 0.025
3 0.3125 0.2609375 0.0109375 0.0203125