0 0.1390625 0.5828125 0.0515625 0.1078125
0 0.096875 0.42734375 0.015625 0.0390625
0 0.36796875 0.40703125 0.028125 0.059375
0 0.465625 0.3546875 0.0171875 0.0375
0 0.5453125 0.33828125 0.01875 0.03125
0 0.58828125 0.32578125 0.0125 0.0265625
3 0.00625 0.45078125 0.0109375 0.03125
3 0.07578125 0.40234375 0.0125 0.0265625
3 0.7859375 0.55546875 0.040625 0.090625
3 0.721875 0.41171875 0.021875 0.046875
3 0.71015625 0.36796875 0.0125 0.0265625
3 0.7015625 0.34609375 0.0109375 0.021875
3 0.6625 0.325 0.0078125 0.0171875
0 0.55859375 0.3109375 0.009375 0.0234375
0 0.1578125 0.378125 0.0125 0.03125
3 0.09921875 0.38359375 0.0078125 0.0203125