0 0.090625 0.4296875 0.025 0.05
0 0.2765625 0.57578125 0.0765625 0.146875
0 0.3140625 0.40859375 0.021875 0.053125
3 0.2203125 0.40234375 0.0171875 0.0359375
3 0.334375 0.359375 0.0078125 0.021875
3 0.36015625 0.390625 0.0140625 0.0328125
3 0.3875 0.36484375 0.0109375 0.0234375
3 0.37265625 0.353125 0.009375 0.021875
3 0.3640625 0.36484375 0.009375 0.0234375
3 0.42109375 0.36875 0.0109375 0.028125
3 0.43203125 0.38203125 0.0125 0.03125
3 0.44609375 0.3734375 0.0125 0.028125
3 0.44765625 0.34375 0.009375 0.0203125
0 0.48984375 0.3453125 0.0078125 0.0234375
0 0.49921875 0.34921875 0.0078125 0.0171875
0 0.5171875 0.35 0.0109375 0.0234375
0 0.5359375 0.33984375 0.0078125 0.01875
0 0.5453125 0.3546875 0.009375 0.021875
3 0.55234375 0.3375 0.00625 0.0203125
3 0.6078125 0.33203125 0.0078125 0.0171875
0 0.590625 0.3375 0.0078125 0.0203125
0 0.58046875 0.359375 0.009375 0.0234375
0 0.5859375 0.38203125 0.015625 0.040625
0 0.6203125 0.36171875 0.0125 0.0328125
0 0.62265625 0.371875 0.0125 0.034375
0 0.6640625 0.33671875 0.00625 0.01875
3 0.653125 0.33125 0.00625 0.01875
0 0.6515625 0.43984375 0.0359375 0.078125
0 0.70859375 0.33359375 0.0078125 0.0203125
0 0.784375 0.3328125 0.009375 0.01875
0 0.74765625 0.41875 0.0296875 0.06875
3 0.76875 0.32890625 0.0078125 0.01875
3 0.70078125 0.33046875 0.009375 0.0171875
3 0.8296875 0.3265625 0.009375 0.0203125
3 0.91796875 0.325 0.0125 0.028125
0 0.871875 0.3328125 0.009375 0.0203125
0 0.8703125 0.40234375 0.0265625 0.0578125
1 0.92578125 0.3765625 0.021875 0.0796875
0 0.94921875 0.32890625 0.009375 0.0265625
0 0.9859375 0.38125 0.021875 0.04375
0 0.49921875 0.39375 0.015625 0.04375
0 0.46796875 0.48671875 0.0484375 0.1
1 0.9421875 0.37578125 0.01875 0.0671875
0 0.93671875 0.3921875 0.0109375 0.040625
3 0.5 0.340625 0.00625 0.015625