0 0.025 0.55859375 0.05 0.2015625
0 0.2359375 0.4234375 0.0671875 0.109375
0 0.4234375 0.39375 0.0421875 0.0765625
0 0.575 0.3953125 0.0390625 0.0671875
0 0.72890625 0.4015625 0.0328125 0.0609375
3 0.9453125 0.640625 0.1 0.1640625
3 0.90703125 0.525 0.065625 0.1046875
3 0.99140625 0.490625 0.0171875 0.08125
0 0.9328125 0.42578125 0.0359375 0.05625
0 0.1875 0.30078125 0.0265625 0.05
0 0.353125 0.3171875 0.021875 0.04375
0 0.4875 0.33046875 0.0203125 0.040625
0 0.6109375 0.34140625 0.021875 0.04375
0 0.67734375 0.3453125 0.0171875 0.0375
0 0.75703125 0.35859375 0.01875 0.0375
0 0.925 0.36796875 0.0140625 0.025
0 0.85 0.35234375 0.0125 0.0203125
1 0.3734375 0.3015625 0.03125 0.0671875
1 0.3421875 0.30234375 0.034375 0.065625
1 0.30703125 0.2828125 0.025 0.0546875
1 0.28125 0.2796875 0.025 0.05
3 0.16484375 0.27265625 0.021875 0.040625
3 0.290625 0.290625 0.0203125 0.0375
3 0.3890625 0.29921875 0.0203125 0.0359375
3 0.53828125 0.31640625 0.01875 0.0359375
3 0.63984375 0.32890625 0.015625 0.0328125
3 0.67421875 0.33203125 0.0125 0.0328125
3 0.69921875 0.33125 0.0140625 0.028125
3 0.7265625 0.3296875 0.0171875 0.0328125
3 0.76015625 0.33828125 0.015625 0.028125
3 0.8203125 0.33984375 0.0109375 0.021875
3 0.8953125 0.35390625 0.0109375 0.0203125
3 0.9765625 0.37109375 0.0140625 0.0265625
0 0.796875 0.3625 0.015625 0.03125
0 0.8078125 0.36171875 0.0140625 0.0296875
0 0.8078125 0.3546875 0.0140625 0.028125