0 0.23339062500000002 0.60475 0.046867187500000004 0.13634722222222223
0 0.39533593749999996 0.4158611111111111 0.0242734375 0.05855555555555555
0 0.46413281250000005 0.3709444444444444 0.014070312500000001 0.034486111111111106
0 0.5115078125 0.3529027777777778 0.0095625 0.025666666666666667
0 0.54128125 0.34368055555555554 0.0095703125 0.02647222222222222
3 0.8721875000000001 0.5481944444444444 0.0431953125 0.12431944444444445
3 0.6701015625 0.4046388888888889 0.0197890625 0.05855555555555555
3 0.6322109375 0.3665416666666667 0.010781250000000001 0.03208333333333334
3 0.6378515625000001 0.3509027777777778 0.0086171875 0.02326388888888889
3 0.648 0.34408333333333335 0.0080703125 0.022458333333333337
3 0.94053125 0.39259722222222226 0.0147578125 0.042513888888888886
3 0.8383593749999999 0.36012500000000003 0.011625 0.028874999999999998
3 0.78715625 0.34368055555555554 0.0093828125 0.02326388888888889
0 0.5627421874999999 0.33565277777777774 0.0071874999999999994 0.020055555555555556
0 0.9506796874999999 0.36333333333333334 0.007992187500000001 0.025666666666666667
0 0.8888828125 0.3496944444444444 0.006203125 0.030472222222222223