0 0.0640625 0.86875 0.09375 0.2484375
0 0.26796875 0.4125 0.03125 0.0671875
0 0.20859375 0.3734375 0.0171875 0.0484375
0 0.11796875 0.38046875 0.0140625 0.0375
0 0.953125 0.325 0.009375 0.03125
0 0.84375 0.2953125 0.0078125 0.025
3 0.8046875 0.465625 0.0515625 0.115625
3 0.85234375 0.30234375 0.009375 0.0296875
3 0.7171875 0.278125 0.0078125 0.0296875
3 0.54375 0.3171875 0.0203125 0.046875
3 0.59296875 0.265625 0.009375 0.021875
3 0.490625 0.2671875 0.0078125 0.0234375
3 0.3953125 0.30234375 0.0125 0.0359375
3 0.2734375 0.31796875 0.0140625 0.028125
3 0.17109375 0.340625 0.0125 0.0296875
3 0.37265625 0.27578125 0.009375 0.0203125
3 0.06953125 0.3765625 0.015625 0.0296875