0 0.29375 0.5211666666666667 0.03339583333333333 0.08200925925925925
0 0.47066145833333334 0.38886111111111116 0.01690104166666667 0.040518518518518516
0 0.54259375 0.33571296296296294 0.011401041666666667 0.02672222222222222
0 0.41711458333333334 0.3424907407407407 0.009046875000000001 0.022481481481481484
0 0.31248437500000004 0.38173148148148145 0.009739583333333333 0.027148148148148147
0 0.16100520833333334 0.4466203703703704 0.014546874999999999 0.036472222222222225
0 0.03775 0.5122407407407408 0.011901041666666667 0.03341666666666667
3 0.9319010416666667 0.7188518518518519 0.048921875000000004 0.15159259259259258
3 0.7350781249999999 0.39305555555555555 0.016744791666666665 0.04307407407407408
3 0.6999791666666667 0.3408888888888889 0.011093750000000001 0.024055555555555556
3 0.6884427083333333 0.3177962962962963 0.006385416666666667 0.016537037037037038