0 0.13828125 0.3375 0.0375 0.1078125
3 0.92421875 0.66796875 0.0875 0.4015625
3 0.58515625 0.23671875 0.03125 0.084375
3 0.46875 0.165625 0.015625 0.0515625
3 0.4109375 0.14765625 0.015625 0.0375
3 0.38046875 0.134375 0.015625 0.040625
3 0.34609375 0.1328125 0.009375 0.025
0 0.1796875 0.2234375 0.021875 0.05625
0 0.17890625 0.20078125 0.01875 0.05
0 0.1828125 0.18046875 0.01875 0.04375
0 0.18359375 0.16328125 0.0125 0.034375
0 0.0046875 0.2015625 0.009375 0.025
0 0.0390625 0.1828125 0.0078125 0.025
0 0.0734375 0.16640625 0.0078125 0.0234375
3 0.00234375 0.18828125 0.0046875 0.021875
3 0.0359375 0.17109375 0.0078125 0.025