0 0.028125 0.46171875 0.01875 0.0390625
0 0.16953125 0.43671875 0.0203125 0.0359375
3 0.1890625 0.4234375 0.0125 0.0203125
3 0.284375 0.40859375 0.0140625 0.0234375
0 0.3140625 0.415625 0.0171875 0.03125
3 0.3875 0.39140625 0.0140625 0.028125
0 0.4109375 0.40078125 0.0171875 0.0328125
3 0.47890625 0.3765625 0.0140625 0.0265625
3 0.5703125 0.3625 0.0125 0.0234375
3 0.659375 0.34609375 0.0109375 0.0265625
3 0.75 0.3296875 0.0140625 0.0234375
0 0.74296875 0.34296875 0.0140625 0.0296875
0 0.64453125 0.359375 0.015625 0.03125
0 0.5328125 0.37734375 0.01875 0.034375
0 0.9515625 0.38828125 0.046875 0.08125
0 0.96640625 0.3078125 0.0171875 0.0328125
3 0.971875 0.29921875 0.009375 0.0296875
3 0.86171875 0.3140625 0.0109375 0.025
0 0.859375 0.3265625 0.0140625 0.0296875
0 0.68828125 0.47109375 0.05625 0.1015625
0 0.3609375 0.64609375 0.109375 0.184375