1 0.00390625 0.46171875 0.0078125 0.0828125
1 0.02890625 0.45546875 0.0328125 0.084375
1 0.05 0.47734375 0.0421875 0.1046875
1 0.103125 0.4609375 0.05 0.109375
0 0.078125 0.4890625 0.0359375 0.0671875
3 0.01328125 0.4703125 0.0265625 0.05
3 0.1578125 0.42890625 0.0234375 0.046875
0 0.2859375 0.4265625 0.028125 0.05625
0 0.4578125 0.37734375 0.0234375 0.046875
0 0.5375 0.35859375 0.025 0.0453125
0 0.446875 0.53046875 0.071875 0.128125
0 0.63046875 0.33828125 0.021875 0.0421875
0 0.684375 0.4234375 0.0546875 0.1
0 0.653125 0.30625 0.0140625 0.0265625
0 0.6671875 0.32734375 0.015625 0.0328125
0 0.671875 0.321875 0.0125 0.028125
0 0.69453125 0.2953125 0.015625 0.0265625
0 0.771875 0.2828125 0.0125 0.0234375
0 0.8703125 0.26953125 0.0125 0.0265625
0 0.93984375 0.34296875 0.0484375 0.0765625
3 0.96796875 0.24921875 0.00625 0.025
3 0.8859375 0.26015625 0.0125 0.0234375
0 0.0671875 0.76015625 0.10625 0.2671875
3 0.359375 0.38046875 0.021875 0.0390625
3 0.48203125 0.35 0.021875 0.0390625
3 0.51953125 0.34140625 0.0140625 0.0296875
3 0.515625 0.3359375 0.0140625 0.0296875
3 0.53984375 0.33046875 0.0125 0.0265625
3 0.56328125 0.3171875 0.0125 0.0234375
3 0.73359375 0.28203125 0.0125 0.021875
3 0.596875 0.3078125 0.0109375 0.0203125
3 0.8140625 0.26953125 0.0125 0.025