1 0.2953125 0.3796875 0.0734375 0.140625
1 0.32265625 0.378125 0.059375 0.13125
0 0.3078125 0.40546875 0.040625 0.08125
0 0.15703125 0.44921875 0.09375 0.1453125
1 0.7328125 0.4734375 0.065625 0.1375
1 0.72265625 0.4671875 0.0578125 0.1203125
3 0.79296875 0.5609375 0.0828125 0.1296875
3 0.7046875 0.4515625 0.0390625 0.0703125
3 0.690625 0.40703125 0.0296875 0.05
3 0.67421875 0.37890625 0.021875 0.034375
3 0.671875 0.3671875 0.01875 0.03125
3 0.65625 0.35859375 0.01875 0.0296875
3 0.6203125 0.34375 0.0171875 0.028125
3 0.5640625 0.32890625 0.0140625 0.025
3 0.49453125 0.3109375 0.0140625 0.025
3 0.4328125 0.2984375 0.015625 0.028125
0 0.41328125 0.30234375 0.0171875 0.0296875
0 0.47734375 0.32109375 0.01875 0.03125
0 0.48828125 0.3375 0.01875 0.034375
0 0.46015625 0.3453125 0.0265625 0.040625
0 0.4234375 0.36015625 0.034375 0.053125
0 0.3875 0.38515625 0.040625 0.0625
0 0.35234375 0.290625 0.01875 0.0296875
0 0.26484375 0.271875 0.0171875 0.028125
3 0.31875 0.27421875 0.015625 0.025
1 0.83203125 0.3640625 0.015625 0.034375