3 0.10078125 0.5015625 0.009375 0.0171875
3 0.0703125 0.540625 0.0125 0.01875
3 0.10546875 0.5375 0.0171875 0.028125
3 0.04609375 0.58671875 0.0171875 0.028125
3 0.03046875 0.5890625 0.015625 0.025
0 0.03515625 0.65546875 0.0265625 0.04375
0 0.1953125 0.69296875 0.065625 0.1078125
0 0.11484375 0.62578125 0.0359375 0.0671875
3 0.2078125 0.46484375 0.0171875 0.03125
3 0.31015625 0.4140625 0.0234375 0.0375
3 0.42890625 0.384375 0.03125 0.0515625
3 0.5890625 0.36171875 0.0375 0.0625
3 0.803125 0.378125 0.046875 0.078125
0 0.23671875 0.96953125 0.1140625 0.0609375