0 0.0419609375 0.6927083333333334 0.0702421875 0.164
0 0.3493046875 0.44269444444444445 0.028398437500000002 0.06891666666666667
0 0.495875 0.3820277777777778 0.01221875 0.037097222222222226
0 0.54371875 0.3662777777777778 0.016398437499999998 0.038875
0 0.5778515625 0.35325 0.0109765625 0.02677777777777778
3 0.5949921875 0.3275972222222222 0.006125 0.017847222222222223
3 0.620390625 0.3315694444444444 0.0060546875 0.017236111111111112
3 0.6879765625 0.34318055555555554 0.00834375 0.021680555555555554
3 0.7084140624999999 0.3486388888888889 0.0073906250000000005 0.020513888888888887
3 0.7086171875 0.36816666666666664 0.0094921875 0.02263888888888889
3 0.7101640625 0.39888888888888885 0.017343749999999998 0.04031944444444445
3 0.695640625 0.44019444444444444 0.025046875000000003 0.06697222222222222
3 0.8396874999999999 0.6250555555555556 0.0658359375 0.1748888888888889
3 0.89440625 0.37554166666666666 0.01003125 0.025694444444444443
3 0.8533593749999999 0.36193055555555553 0.0080625 0.02098611111111111
3 0.819296875 0.3494861111111111 0.0076953125 0.01925
3 0.8059453124999999 0.3409027777777778 0.0048125 0.015000000000000001
3 0.8114765625 0.3405972222222222 0.0047421875 0.014097222222222223
3 0.6601796875 0.3337222222222222 0.0049375 0.015180555555555555
0 0.9179375000000001 0.35825 0.0072734375 0.02023611111111111
0 0.9106249999999999 0.3516666666666666 0.006984374999999999 0.015347222222222224
0 0.9144609375 0.3446666666666667 0.0051640625 0.012569444444444446
0 0.9549843750000001 0.3723888888888889 0.0085859375 0.021041666666666667
3 0.87896875 0.33305555555555555 0.005375 0.018555555555555554
3 0.6370078125 0.3234166666666667 0.0052421875 0.014361111111111111