1 0.77265625 0.3703125 0.0296875 0.06875
1 0.75859375 0.37265625 0.034375 0.08125
0 0.8546875 0.33046875 0.0140625 0.0296875
0 0.8296875 0.34765625 0.0171875 0.034375
0 0.8125 0.36796875 0.0203125 0.040625
0 0.76796875 0.38515625 0.021875 0.05
0 0.71328125 0.41015625 0.028125 0.0546875
0 0.59609375 0.45234375 0.0421875 0.0734375
0 0.4890625 0.49296875 0.0578125 0.096875
0 0.4453125 0.403125 0.0140625 0.028125
0 0.40546875 0.41875 0.0171875 0.0359375
0 0.30703125 0.4421875 0.0203125 0.046875
0 0.06875 0.4953125 0.03125 0.053125
0 0.23203125 0.62265625 0.0890625 0.14375
3 0.2515625 0.42421875 0.0140625 0.028125
3 0.22578125 0.421875 0.0140625 0.025
3 0.23203125 0.43515625 0.0171875 0.0328125
3 0.14609375 0.45625 0.01875 0.0375