1 0.7831875 0.4066388888888889 0.019317708333333336 0.06326851851851852
1 0.7688645833333333 0.4066388888888889 0.021479166666666667 0.07562037037037037
0 0.8660729166666666 0.3811759259259259 0.009307291666666667 0.027777777777777776
0 0.8400364583333333 0.39275 0.011046875000000001 0.032407407407407406
0 0.8200729166666666 0.4104907407407407 0.014520833333333334 0.037037037037037035
0 0.7762447916666667 0.41975 0.014109375 0.046296296296296294
0 0.721125 0.4351851851851852 0.019755208333333333 0.04937962962962963
0 0.6030833333333334 0.4575648148148148 0.030197916666666665 0.0663611111111111
0 0.496328125 0.47993518518518524 0.042375 0.08641666666666667
0 0.46768750000000003 0.3881203703703704 0.009401041666666667 0.02623148148148148
0 0.42776041666666664 0.3966018518518518 0.011145833333333332 0.03395370370370371
0 0.3314166666666667 0.4043240740740741 0.012901041666666667 0.04321296296296297
0 0.0979375 0.41898148148148145 0.023375 0.047842592592592596
0 0.23333333333333334 0.5632685185185186 0.06673958333333332 0.12962962962962962
3 0.2810729166666667 0.37886111111111115 0.009442708333333332 0.02623148148148148
3 0.257640625 0.3726851851851852 0.009447916666666667 0.023148148148148147
3 0.2611145833333333 0.38657407407407407 0.012921875 0.029324074074074075
3 0.176484375 0.39351851851851855 0.013807291666666667 0.03395370370370371