1 0.02616145833333333 0.5706018518518519 0.052328124999999996 0.2152777777777778
0 0.22123958333333332 0.5133148148148148 0.03704166666666667 0.08912037037037036
0 0.29772916666666666 0.44039814814814815 0.0285625 0.06597222222222222
0 0.3602239583333333 0.3958333333333333 0.018135416666666668 0.04861111111111111
0 0.40155729166666665 0.3721111111111111 0.013567708333333334 0.03587962962962963
0 0.38821354166666666 0.35706481481481483 0.014223958333333333 0.03587962962962963
1 0.9021562500000001 0.6232685185185185 0.07986458333333334 0.3020833333333333
1 0.8582135416666666 0.5688703703703704 0.06880729166666667 0.23726851851851852
3 0.8718854166666666 0.6331018518518519 0.062296875 0.18055555555555555
3 0.7485260416666667 0.5034722222222222 0.036932291666666665 0.10648148148148148
3 0.678875 0.4079907407407407 0.025229166666666667 0.061342592592592594
3 0.6375364583333333 0.37442592592592594 0.02068229166666667 0.04282407407407408
3 0.626796875 0.3541666666666667 0.021333333333333333 0.041666666666666664
3 0.6049895833333333 0.3454907407407407 0.012875 0.028935185185185185
3 0.5564895833333333 0.3408611111111111 0.014838541666666667 0.03125
3 0.492046875 0.33912037037037035 0.010947916666666667 0.03009259259259259
3 0.6785052083333334 0.2888055555555556 0.0057239583333333335 0.016564814814814817
3 0.6926458333333334 0.29594444444444445 0.007005208333333333 0.01713888888888889
3 0.7030885416666667 0.29337962962962966 0.005395833333333333 0.015425925925925926
3 0.9699739583333333 0.3202314814814815 0.008260416666666666 0.02
3 0.9937552083333333 0.3236574074074074 0.008255208333333333 0.021138888888888888
3 0.9486041666666666 0.3259444444444444 0.009229166666666667 0.018851851851851852
3 0.9045833333333333 0.3216574074074074 0.008755208333333332 0.02171296296296296
3 0.946515625 0.3165185185185185 0.007625000000000001 0.02171296296296296
3 0.8571875 0.3199444444444445 0.006354166666666666 0.019425925925925926
3 0.8549375 0.3105185185185185 0.007 0.01771296296296296
3 0.7922760416666667 0.29594444444444445 0.005083333333333333 0.016
1 0.7861718750000001 0.30709259259259264 0.008942708333333334 0.03256481481481482
3 0.410953125 0.3382222222222222 0.009880208333333333 0.025138888888888888
3 0.3421875 0.3390833333333333 0.008609375 0.026851851851851852
3 0.21445833333333333 0.34622222222222226 0.008958333333333334 0.024
3 0.10343229166666666 0.34708333333333335 0.009942708333333333 0.029138888888888888
0 0.1458489583333333 0.35764814814814816 0.008010416666666667 0.027425925925925927
0 0.24578645833333335 0.3547962962962963 0.008630208333333333 0.027425925925925927
0 0.31567708333333333 0.35250925925925924 0.014078125 0.03427777777777778
0 0.017614583333333333 0.35964814814814816 0.008635416666666666 0.026851851851851852
3 0.01777604166666667 0.3465092592592593 0.010885416666666667 0.025712962962962962