3 0.80859375 0.48359375 0.0796875 0.1484375
3 0.66328125 0.39765625 0.04375 0.09375
3 0.5703125 0.36796875 0.0328125 0.06875
3 0.51328125 0.35234375 0.0265625 0.059375
3 0.4390625 0.35078125 0.021875 0.0484375
3 0.34609375 0.35546875 0.0203125 0.04375
3 0.25625 0.36875 0.0171875 0.0359375
3 0.17421875 0.38203125 0.015625 0.0296875
0 0.13125 0.53046875 0.0609375 0.1140625
0 0.20703125 0.440625 0.034375 0.0703125
0 0.21796875 0.403125 0.021875 0.046875
0 0.1640625 0.4015625 0.0203125 0.040625
3 0.05703125 0.40546875 0.01875 0.0453125
0 0.04609375 0.415625 0.021875 0.0578125