3 0.9609375 0.61796875 0.078125 0.2703125
3 0.58203125 0.48359375 0.0703125 0.1328125
3 0.459375 0.4484375 0.05625 0.096875
3 0.346875 0.41171875 0.0328125 0.0578125
3 0.38828125 0.4265625 0.0421875 0.071875
3 0.30390625 0.4046875 0.0328125 0.05
3 0.25546875 0.403125 0.021875 0.0390625
3 0.2203125 0.40859375 0.0203125 0.0359375
3 0.16484375 0.4171875 0.0203125 0.0359375
3 0.08984375 0.4359375 0.021875 0.034375
3 0.01328125 0.4578125 0.015625 0.0296875
0 0.01953125 0.52578125 0.0390625 0.0671875
0 0.02578125 0.46875 0.0203125 0.0359375
0 0.04921875 0.4734375 0.025 0.040625
0 0.0625 0.49296875 0.034375 0.053125