3 0.2719270833333333 0.38412962962962965 0.017505208333333334 0.037314814814814815
3 0.3892916666666667 0.3698148148148148 0.015203125000000001 0.034722222222222224
3 0.2839375 0.4479814814814815 0.030395833333333334 0.06397222222222222
3 0.20946354166666667 0.40575 0.018421874999999997 0.04775925925925926
3 0.197109375 0.42683333333333334 0.024088541666666668 0.05619444444444444
0 0.010270833333333333 0.40801851851851856 0.019796875 0.03977777777777778
0 0.026447916666666668 0.37319444444444444 0.012052083333333333 0.031490740740740736
0 0.25316666666666665 0.3661203703703704 0.008822916666666668 0.02661111111111111
0 0.374953125 0.3529814814814815 0.010385416666666668 0.02999074074074074
0 0.408609375 0.32949074074074075 0.007734375 0.014824074074074076
0 0.45194791666666667 0.3286851851851852 0.00625 0.016342592592592593
0 0.5026041666666666 0.3454259259259259 0.006958333333333333 0.023555555555555555
3 0.5066822916666667 0.36318518518518517 0.013630208333333334 0.029638888888888888
3 0.44921875 0.46644444444444444 0.03417708333333334 0.07867592592592593
3 0.6545520833333334 0.3545462962962963 0.0130625 0.034083333333333334
3 0.6209791666666666 0.31639814814814815 0.006671875 0.01950925925925926
3 0.5670208333333334 0.31619444444444444 0.004979166666666667 0.015231481481481481
3 0.6781927083333333 0.31178703703703703 0.007380208333333333 0.01737962962962963
3 0.6770052083333333 0.49548148148148147 0.047046875 0.10163888888888889
0 0.6244947916666667 0.34025000000000005 0.0096875 0.028416666666666666
0 0.572140625 0.32181481481481483 0.005609375 0.01626851851851852
0 0.6273645833333333 0.3201481481481481 0.004609375 0.014796296296296297
0 0.6944427083333333 0.3184351851851852 0.005135416666666667 0.01450925925925926
0 0.7395572916666667 0.337037037037037 0.008958333333333334 0.023712962962962963
0 0.756828125 0.3185555555555556 0.007046874999999999 0.0165
0 0.8433333333333334 0.32635185185185184 0.00834375 0.02076851851851852
0 0.8347395833333333 0.3286759259259259 0.0085 0.02162962962962963
0 0.8101927083333333 0.3219722222222222 0.006848958333333334 0.017037037037037035
3 0.7788020833333333 0.34475 0.013817708333333335 0.03175
3 0.744625 0.3114259259259259 0.007421875 0.016712962962962964
3 0.8135416666666667 0.30892592592592594 0.0063593750000000004 0.01411111111111111
3 0.8747916666666666 0.3156111111111111 0.007531250000000001 0.021944444444444444
3 0.898078125 0.3402685185185185 0.010484374999999999 0.029564814814814815
3 0.9342604166666667 0.31625000000000003 0.009635416666666667 0.020064814814814817
3 0.9805729166666667 0.33593518518518517 0.011380208333333334 0.026129629629629628
3 0.9874010416666666 0.3247407407407408 0.007635416666666667 0.02335185185185185
3 0.4655416666666667 0.31858333333333333 0.005135416666666667 0.013953703703703704
0 0.5136406250000001 0.3251296296296296 0.004968749999999999 0.015546296296296296