3 0.83984375 0.49375 0.090625 0.1625
1 0.69140625 0.41328125 0.0640625 0.146875
1 0.67109375 0.3953125 0.0453125 0.128125
1 0.14765625 0.53203125 0.0671875 0.1640625
1 0.1921875 0.51484375 0.053125 0.1328125
0 0.17890625 0.55234375 0.0375 0.0875
0 0.26875 0.47734375 0.040625 0.071875
0 0.29921875 0.428125 0.0359375 0.059375
0 0.33359375 0.3890625 0.0265625 0.0515625
3 0.6390625 0.3921875 0.0421875 0.0765625
3 0.59453125 0.3421875 0.028125 0.0515625
3 0.5640625 0.3234375 0.021875 0.040625
3 0.55234375 0.3125 0.015625 0.03125
3 0.53515625 0.309375 0.0171875 0.0296875
3 0.4921875 0.31328125 0.0125 0.0265625
3 0.4328125 0.3234375 0.0125 0.021875
0 0.3609375 0.36796875 0.0171875 0.034375
0 0.34296875 0.35625 0.0171875 0.0328125
3 0.35625 0.3375 0.0140625 0.028125
3 0.2921875 0.353125 0.0125 0.025
0 0.2734375 0.36796875 0.0125 0.0265625
3 0.684375 0.4203125 0.0390625 0.08125
0 0.20859375 0.38515625 0.015625 0.0328125
1 0.703125 0.23671875 0.0140625 0.0328125
3 0.17109375 0.38125 0.0125 0.0265625
3 0.0640625 0.4046875 0.0125 0.028125
0 0.1140625 0.403125 0.0140625 0.0265625