0 0.178125 0.84921875 0.1390625 0.23125
0 0.2828125 0.53359375 0.0453125 0.08125
0 0.26015625 0.47734375 0.028125 0.053125
0 0.228125 0.4703125 0.021875 0.040625
0 0.18671875 0.471875 0.0171875 0.034375
0 0.14375 0.48046875 0.015625 0.03125
3 0.6078125 0.421875 0.04375 0.0734375
3 0.465625 0.41015625 0.0265625 0.0453125
3 0.37578125 0.41171875 0.0171875 0.034375
3 0.2953125 0.4265625 0.015625 0.0328125
3 0.225 0.44375 0.015625 0.028125
3 0.1578125 0.45859375 0.0109375 0.0234375
3 0.09765625 0.48359375 0.0109375 0.021875
0 0.08671875 0.50234375 0.0140625 0.021875
0 0.02578125 0.521875 0.0140625 0.0265625
0 0.834375 0.3046875 0.0125 0.0265625
3 0.69453125 0.32890625 0.0125 0.025
3 0.634375 0.33671875 0.0125 0.0234375
3 0.8421875 0.32265625 0.015625 0.03125
3 0.7578125 0.32265625 0.0140625 0.0265625
3 0.51328125 0.35703125 0.0140625 0.0265625