0 0.06484375 0.15859375 0.0328125 0.0640625
0 0.215625 0.12109375 0.0234375 0.0484375
0 0.3640625 0.2125 0.0609375 0.1046875
0 0.55390625 0.17421875 0.040625 0.078125
0 0.32734375 0.09453125 0.0203125 0.0421875
0 0.61953125 0.153125 0.0328125 0.0640625
0 0.6453125 0.13359375 0.0203125 0.0421875
0 0.665625 0.12578125 0.0234375 0.0421875
0 0.703125 0.1265625 0.01875 0.0328125
3 0.878125 0.24609375 0.0265625 0.0515625
3 0.8546875 0.165625 0.0171875 0.0375
3 0.8578125 0.18125 0.0203125 0.053125
3 0.8828125 0.20546875 0.0265625 0.046875
3 0.92578125 0.37734375 0.0546875 0.1390625