0 0.44609375 0.3984375 0.025 0.0765625
0 0.25078125 0.33046875 0.0203125 0.046875
0 0.453125 0.3046875 0.0140625 0.040625
0 0.559375 0.284375 0.0109375 0.0375
0 0.68203125 0.34921875 0.01875 0.053125
0 0.87421875 0.33203125 0.0171875 0.0421875
0 0.9859375 0.32578125 0.015625 0.0390625
0 0.95703125 0.2921875 0.0125 0.0328125
0 0.93203125 0.2796875 0.009375 0.0296875
3 0.14921875 0.30234375 0.015625 0.0328125
3 0.95390625 0.528125 0.071875 0.1421875
3 0.33046875 0.2875 0.0109375 0.03125
3 0.43359375 0.27578125 0.009375 0.0296875
3 0.5078125 0.265625 0.0078125 0.021875
0 0.60859375 0.26796875 0.009375 0.021875
0 0.6359375 0.26015625 0.00625 0.0203125
1 0.91640625 0.2671875 0.009375 0.028125
0 0.8984375 0.26171875 0.00625 0.0171875
0 0.88671875 0.2609375 0.00625 0.015625