0 0.3058125 0.3672870370370371 0.008567708333333333 0.02160185185185185
0 0.36179687499999996 0.36574074074074076 0.009421875 0.02160185185185185
0 0.423421875 0.37037037037037035 0.007671875 0.02160185185185185
0 0.43600520833333334 0.3773148148148148 0.008536458333333333 0.023148148148148147
0 0.41386979166666665 0.3912037037037037 0.011145833333333332 0.032407407407407406
0 0.3852291666666667 0.41203703703703703 0.014624999999999999 0.04012037037037037
0 0.3600572916666666 0.4405833333333333 0.016369791666666668 0.047842592592592596
0 0.30234375 0.4683611111111111 0.019203124999999998 0.06018518518518518
0 0.20122395833333334 0.5262314814814815 0.04244270833333333 0.08950925925925926
3 0.5905 0.3618796296296296 0.0085 0.023148148148148147
3 0.6043854166666667 0.3672870370370371 0.0085 0.024694444444444446
3 0.6087291666666667 0.3773148148148148 0.01196875 0.029324074074074075
3 0.6278229166666667 0.3958333333333333 0.013703125 0.03549074074074074
3 0.6477864583333334 0.43210185185185185 0.01890625 0.04937962962962963
3 0.7371822916666667 0.49537037037037035 0.03623958333333333 0.08641666666666667
1 0.30798437500000003 0.44907407407407407 0.03222395833333333 0.09567592592592593
1 0.28975520833333335 0.4521574074074074 0.032010416666666666 0.10802777777777778
1 0.6712239583333334 0.44289814814814815 0.026234374999999997 0.10185185185185185