0 0.09622395833333333 0.6117685185185185 0.08477083333333332 0.16005555555555556
0 0.28035937499999997 0.4761944444444444 0.03488541666666667 0.08200925925925925
0 0.3476875 0.4351851851851852 0.0266875 0.06349074074074074
0 0.26845833333333335 0.41005555555555556 0.020010416666666666 0.04762037037037037
0 0.15165625 0.40475925925925926 0.021526041666666666 0.04762037037037037
3 0.9673958333333333 0.5681203703703704 0.06520833333333334 0.16269444444444445
3 0.7851354166666666 0.4570092592592592 0.04294791666666666 0.09391666666666668
3 0.6735416666666667 0.41137962962962965 0.022145833333333333 0.0582037037037037
3 0.6184895833333334 0.39087037037037037 0.02215625 0.051583333333333335
3 0.5556249999999999 0.3816111111111111 0.018453125 0.04364814814814815
3 0.45593229166666666 0.37830555555555556 0.015500000000000002 0.039685185185185184
3 0.33615625 0.3776481481481482 0.014041666666666668 0.03306481481481482
3 0.19443229166666667 0.3816111111111111 0.013328125 0.03836111111111111
3 0.025463541666666666 0.39351851851851855 0.017401041666666665 0.03395370370370371