3 0.92578125 0.871875 0.0703125 0.1921875
3 0.7546875 0.43359375 0.0265625 0.053125
3 0.721875 0.36875 0.0140625 0.025
3 0.71171875 0.3421875 0.009375 0.021875
0 0.23671875 0.5203125 0.0515625 0.1
0 0.4671875 0.38671875 0.0296875 0.0515625
0 0.55703125 0.33984375 0.0140625 0.028125
0 0.57890625 0.3203125 0.0109375 0.021875
0 0.51640625 0.309375 0.009375 0.021875
0 0.4234375 0.3265625 0.0125 0.025
0 0.3046875 0.3546875 0.01875 0.034375
0 0.1359375 0.4015625 0.0171875 0.0375
0 0.00390625 0.45078125 0.0078125 0.0359375