0 0.4109375 0.47578125 0.05625 0.0859375
0 0.4859375 0.3796875 0.0265625 0.04375
0 0.54296875 0.34453125 0.0203125 0.03125
0 0.6 0.3171875 0.0125 0.025
3 0.79609375 0.390625 0.0515625 0.0875
3 0.703125 0.33984375 0.0234375 0.0375
3 0.7 0.315625 0.01875 0.0296875
3 0.725 0.29921875 0.0171875 0.028125
3 0.7640625 0.2828125 0.015625 0.025
3 0.79453125 0.27265625 0.0125 0.0203125
0 0.66875 0.29765625 0.0140625 0.021875
0 0.70234375 0.28359375 0.0125 0.0203125
3 0.82109375 0.2625 0.009375 0.01875
3 0.825 0.25703125 0.0078125 0.015625