1 0.32265625 0.34296875 0.0203125 0.0546875
1 0.346875 0.34296875 0.021875 0.0515625
1 0.3796875 0.3625 0.0234375 0.0625
1 0.409375 0.36015625 0.0265625 0.06875
0 0.39296875 0.371875 0.015625 0.0375
3 0.3328125 0.353125 0.0125 0.0328125
3 0.42421875 0.35234375 0.01875 0.034375
0 0.0765625 0.365625 0.0265625 0.0484375
0 0.23828125 0.3734375 0.0234375 0.0515625
0 0.1015625 0.6125 0.1171875 0.190625
0 0.29921875 0.471875 0.065625 0.1078125
0 0.4625 0.4359375 0.0375 0.0765625
0 0.515625 0.3703125 0.0203125 0.04375
0 0.60390625 0.42109375 0.0359375 0.0625
0 0.63203125 0.36796875 0.0171875 0.0375
0 0.9390625 0.41640625 0.025 0.0546875
0 0.92890625 0.36171875 0.0125 0.0234375
0 0.85703125 0.35703125 0.0109375 0.025
0 0.8078125 0.3703125 0.0125 0.0296875
0 0.8171875 0.36953125 0.0109375 0.025
0 0.82109375 0.3640625 0.0109375 0.0234375
0 0.8171875 0.35703125 0.009375 0.0234375
0 0.76953125 0.37265625 0.0140625 0.0296875
0 0.7453125 0.4125 0.0265625 0.0546875
0 0.6953125 0.365625 0.0171875 0.034375
3 0.97890625 0.3578125 0.0109375 0.0234375
3 0.99375 0.46640625 0.0125 0.0734375
3 0.915625 0.50703125 0.05625 0.0984375
3 0.95546875 0.603125 0.0765625 0.14375
3 0.828125 0.34765625 0.0078125 0.0171875
3 0.771875 0.34609375 0.0109375 0.01875
3 0.73828125 0.3484375 0.0109375 0.0234375
3 0.7140625 0.34921875 0.0078125 0.021875
3 0.69140625 0.3515625 0.0109375 0.0265625
3 0.6578125 0.35546875 0.0125 0.028125
3 0.5609375 0.35234375 0.0140625 0.028125
3 0.21640625 0.3515625 0.0203125 0.040625
3 0.9015625 0.353125 0.0125 0.021875