0 0.0328125 0.7171875 0.065625 0.20625
0 0.071875 0.55 0.0625 0.1109375
0 0.09609375 0.46875 0.0375 0.071875
0 0.17734375 0.4234375 0.025 0.05
0 0.25 0.39921875 0.01875 0.040625
0 0.31796875 0.38984375 0.015625 0.0296875
0 0.38515625 0.38515625 0.0140625 0.0296875
0 0.47265625 0.38125 0.0125 0.0296875
3 0.63984375 0.525 0.0484375 0.1015625
3 0.5171875 0.45 0.03125 0.0625
3 0.53671875 0.425 0.0234375 0.0484375
3 0.665625 0.4265625 0.0203125 0.0421875
0 0.55234375 0.38515625 0.0171875 0.021875
3 0.76796875 0.4328125 0.0203125 0.040625
3 0.825 0.434375 0.015625 0.0328125
3 0.89609375 0.440625 0.0109375 0.028125
1 0.94375 0.44140625 0.0171875 0.0359375
1 0.91328125 0.4265625 0.0234375 0.028125
0 0.86953125 0.41875 0.0125 0.015625
3 0.953125 0.4484375 0.0125 0.025