0 0.38359375 0.40390625 0.021875 0.06875
3 0.88359375 0.50234375 0.0390625 0.109375
3 0.709375 0.33828125 0.015625 0.040625
3 0.5578125 0.28515625 0.00625 0.0234375
3 0.4359375 0.278125 0.00625 0.01875
3 0.3125 0.290625 0.0078125 0.021875
3 0.190625 0.31171875 0.0078125 0.01875
3 0.10859375 0.33515625 0.0078125 0.01875
0 0.4234375 0.33046875 0.0140625 0.0421875
0 0.3703125 0.3046875 0.009375 0.0328125
0 0.24609375 0.315625 0.0109375 0.0265625
0 0.1234375 0.346875 0.0109375 0.028125
0 0.03125 0.37578125 0.0109375 0.028125