0 0.3007578125 0.49445833333333333 0.0353203125 0.09347222222222222
0 0.406125 0.3980694444444445 0.01603125 0.04504166666666667
0 0.4592890625 0.37256944444444445 0.0102109375 0.03373611111111111
0 0.49509375 0.3605555555555556 0.008140625 0.02745833333333333
0 0.5158437499999999 0.35304166666666664 0.0070859375 0.024583333333333332
0 0.5272109375 0.34680555555555553 0.004296875 0.014222222222222223
3 0.8451953124999999 0.382 0.0113203125 0.030347222222222223
3 0.7724921874999999 0.3561944444444444 0.0085859375 0.03163888888888889
3 0.7318203125 0.3443611111111111 0.00609375 0.02377777777777778
3 0.719328125 0.4701388888888889 0.036375000000000005 0.08356944444444445
3 0.6206875000000001 0.39443055555555556 0.017249999999999998 0.035541666666666666
3 0.6113203125 0.37006944444444445 0.009390625 0.03165277777777778
3 0.6180390625000001 0.3600416666666667 0.0067578125 0.02309722222222222
3 0.6210390625 0.34820833333333334 0.00678125 0.021486111111111112
3 0.613484375 0.34131944444444445 0.006125 0.017097222222222222