0 0.415625 0.35390625 0.0234375 0.053125
0 0.2734375 0.44921875 0.0375 0.09375
0 0.528125 0.3125 0.0171875 0.0390625
0 0.5734375 0.3 0.0125 0.0296875
3 0.71640625 0.40703125 0.040625 0.0984375
3 0.678125 0.33828125 0.028125 0.0625
3 0.7078125 0.315625 0.0171875 0.04375
3 0.721875 0.29921875 0.0109375 0.03125
3 0.90859375 0.2984375 0.0125 0.034375
3 0.87578125 0.2828125 0.0125 0.0328125
3 0.73203125 0.284375 0.009375 0.0296875
3 0.8484375 0.2765625 0.009375 0.0265625
3 0.84140625 0.27109375 0.009375 0.021875
0 0.60625 0.28984375 0.0109375 0.0296875
3 0.71796875 0.2765625 0.009375 0.0296875
3 0.69375 0.26953125 0.009375 0.021875
0 0.6078125 0.28046875 0.009375 0.0265625