3 0.88375 0.5441527777777778 0.0371953125 0.11606944444444443
3 0.724171875 0.4077361111111111 0.01603125 0.051583333333333335
3 0.7124609375000001 0.375 0.010453125 0.03175
3 0.735609375 0.3611111111111111 0.009890625 0.025791666666666668
3 0.77634375 0.3541666666666667 0.007648437499999999 0.025791666666666668
0 0.30653125000000003 0.5327361111111111 0.03565625 0.09920833333333334
0 0.458859375 0.40029166666666666 0.0144140625 0.04463888888888889
0 0.53028125 0.3655694444444444 0.0110546875 0.034722222222222224
0 0.5966796875 0.35268055555555555 0.0065703125 0.024805555555555556
0 0.6720078125 0.34375 0.007671875 0.026791666666666665
3 0.8059140625 0.34970833333333334 0.009867187500000001 0.02876388888888889
3 0.9878359375000001 0.3779722222222222 0.0109921875 0.03373611111111111
3 0.9524062499999999 0.36656944444444445 0.0082109375 0.02876388888888889
3 0.9437578125 0.3616111111111111 0.0065390625 0.026791666666666665
0 0.7085781250000001 0.34176388888888887 0.00603125 0.022819444444444444