3 0.883234375 0.6622638888888889 0.0707890625 0.19002777777777777
3 0.7041015625 0.4469305555555556 0.027968749999999997 0.07458333333333333
3 0.7161875 0.4027777777777778 0.013703125 0.043569444444444445
3 0.712359375 0.3711527777777778 0.009765625 0.03248611111111111
3 0.7092343750000001 0.34979166666666667 0.0064140625000000005 0.019902777777777776
3 0.68834375 0.34061111111111114 0.007203125 0.019916666666666666
0 0.0207890625 0.7532361111111112 0.041578125 0.14858333333333335
0 0.33992187500000004 0.4478611111111111 0.026460937499999997 0.07030555555555555
0 0.4931640625 0.38423611111111106 0.0138125 0.037861111111111116
0 0.5424375 0.3677638888888889 0.0130390625 0.029430555555555557
0 0.575078125 0.3511527777777778 0.008375 0.025291666666666667
3 0.618625 0.32863888888888887 0.0043828125 0.014222222222222223
3 0.659 0.33208333333333334 0.005515625 0.016125
3 0.5939375 0.3297083333333333 0.00546875 0.012736111111111111
3 0.8989843750000001 0.37922222222222224 0.008968750000000001 0.024263888888888887
3 0.8545703124999999 0.36045833333333327 0.0094140625 0.020888888888888887
3 0.820921875 0.35168055555555555 0.007671875 0.026069444444444444
3 0.8079375000000001 0.33934722222222224 0.0050390625 0.015375