0 0.3359375 0.453125 0.0390625 0.0640625
0 0.39921875 0.39296875 0.0234375 0.0390625
0 0.44609375 0.36796875 0.0203125 0.0359375
0 0.503125 0.34375 0.015625 0.0265625
0 0.1984375 0.61484375 0.0640625 0.1125
0 0.03125 0.5265625 0.0109375 0.0234375
0 0.1234375 0.47578125 0.0109375 0.0234375
0 0.2203125 0.43203125 0.0125 0.0234375
0 0.30859375 0.39140625 0.009375 0.01875
3 0.28671875 0.39296875 0.0078125 0.01875
3 0.24375 0.40234375 0.009375 0.01875
3 0.06875 0.478125 0.0109375 0.0203125
3 0.11484375 0.46796875 0.0109375 0.025
3 0.13203125 0.44921875 0.0109375 0.025
3 0.021875 0.515625 0.0125 0.028125
3 0.70703125 0.45625 0.071875 0.1140625
3 0.76796875 0.28984375 0.0140625 0.0296875
3 0.6953125 0.30625 0.015625 0.028125
3 0.62421875 0.31875 0.0171875 0.0328125
3 0.5796875 0.38203125 0.0265625 0.0546875
3 0.5890625 0.33515625 0.015625 0.0328125
3 0.56875 0.3421875 0.0171875 0.0328125
3 0.55703125 0.353125 0.0203125 0.0421875
0 0.55546875 0.321875 0.009375 0.0203125
3 0.890625 0.2796875 0.0171875 0.034375