3 0.9600937500000001 0.5538240740740741 0.027776041666666664 0.09375
3 0.7303020833333334 0.40914814814814815 0.029125 0.05439814814814815
3 0.5747187500000001 0.3738425925925926 0.02264583333333333 0.046296296296296294
3 0.4441979166666667 0.3686388888888889 0.02071875 0.04050925925925926
3 0.3388072916666667 0.37422222222222223 0.015348958333333333 0.03313888888888889
3 0.23999479166666668 0.40164814814814814 0.010661458333333334 0.029712962962962965
3 0.13347395833333334 0.44477777777777777 0.010317708333333333 0.030277777777777782
3 0.06791666666666667 0.47962962962962963 0.010906250000000001 0.025712962962962962
3 0.049442708333333335 0.4844907407407407 0.010588541666666666 0.024
3 0.08977083333333334 0.44992592592592595 0.0076875 0.02
3 0.12351041666666666 0.42306481481481484 0.007036458333333333 0.01771296296296296
0 0.27389583333333334 0.6747407407407408 0.05777604166666667 0.13483333333333333
0 0.24481250000000002 0.5276203703703705 0.03882291666666667 0.09198148148148148
0 0.15516666666666667 0.4962037037037037 0.020927083333333332 0.05427777777777777
0 0.06278125 0.5227685185185186 0.014161458333333333 0.043416666666666666