0 0.1392135416666667 0.6689814814814815 0.08783333333333333 0.18981481481481483
0 0.4585208333333333 0.47859259259259257 0.04024479166666666 0.08680555555555555
0 0.5861093749999999 0.42766666666666664 0.025901041666666666 0.059027777777777776
0 0.5997916666666666 0.40374074074074073 0.020223958333333333 0.04147222222222222
0 0.49139583333333337 0.39113888888888887 0.014557291666666666 0.040657407407407406
0 0.3795677083333333 0.3862592592592593 0.015041666666666667 0.040657407407407406
0 0.234125 0.3846296296296296 0.017812500000000002 0.0374074074074074
0 0.08752083333333333 0.3939814814814815 0.017354166666666667 0.04310185185185185
3 0.10376041666666666 0.3760925925925926 0.014208333333333333 0.03496296296296296
3 0.24463020833333332 0.37325 0.013322916666666665 0.03415740740740741
3 0.35509375 0.3720277777777778 0.012739583333333334 0.02846296296296296
3 0.47334895833333335 0.37325 0.011401041666666667 0.03415740740740741
3 0.6089583333333334 0.37527777777777777 0.014578124999999999 0.031712962962962964
3 0.7301614583333333 0.38260185185185186 0.016380208333333333 0.03496296296296296
3 0.8134010416666667 0.3907314814814815 0.015447916666666667 0.04147222222222222
3 0.88909375 0.40862037037037036 0.022291666666666664 0.052861111111111116
3 0.965703125 0.44155555555555553 0.032796874999999996 0.07318518518518519