0 0.3109375 0.53828125 0.06875 0.146875
0 0.56015625 0.44765625 0.040625 0.0984375
0 0.66953125 0.4171875 0.034375 0.08125
0 0.79765625 0.3890625 0.0265625 0.0609375
0 0.90234375 0.35546875 0.021875 0.053125
0 0.92421875 0.33359375 0.015625 0.040625
1 0.84609375 0.353125 0.0265625 0.0890625
1 0.8640625 0.35390625 0.0203125 0.0765625
3 0.03359375 0.40625 0.021875 0.0484375
3 0.2125 0.3859375 0.01875 0.04375
3 0.3 0.375 0.0140625 0.0359375
3 0.31875 0.3609375 0.0140625 0.0328125
3 0.29140625 0.35625 0.0109375 0.0359375
3 0.253125 0.35703125 0.0125 0.03125
3 0.228125 0.35390625 0.0109375 0.0296875
0 0.85703125 0.3671875 0.01875 0.0625
0 0.95390625 0.31875 0.0125 0.03125
0 0.98046875 0.3109375 0.0125 0.034375
0 0.96640625 0.3015625 0.009375 0.028125
0 0.9015625 0.30234375 0.0125 0.0296875
0 0.84609375 0.3046875 0.009375 0.0265625
3 0.91953125 0.29375 0.0125 0.0296875
3 0.98203125 0.28828125 0.0109375 0.0296875
0 0.13984375 0.41796875 0.0234375 0.0578125
0 0.3765625 0.384375 0.0171875 0.0515625
0 0.475 0.36953125 0.0125 0.0375
0 0.5171875 0.35546875 0.009375 0.0296875
0 0.47265625 0.3421875 0.009375 0.0265625
0 0.43359375 0.3359375 0.0109375 0.0234375
0 0.403125 0.33203125 0.009375 0.025