0 0.096875 0.42734375 0.009375 0.025
0 0.11328125 0.40546875 0.00625 0.0171875
0 0.1125 0.446875 0.015625 0.0328125
0 0.12578125 0.50078125 0.021875 0.053125
0 0.00546875 0.75390625 0.0109375 0.1109375
0 0.0328125 0.4640625 0.0078125 0.0234375
3 0.2125 0.3734375 0.00625 0.015625
3 0.22421875 0.378125 0.0078125 0.0203125
3 0.2625 0.38125 0.009375 0.021875
3 0.34765625 0.3890625 0.015625 0.034375
3 0.45234375 0.41953125 0.025 0.053125
3 0.6140625 0.4984375 0.0296875 0.0796875
3 0.85234375 0.6390625 0.0515625 0.1328125
3 0.9 0.76328125 0.0015625 0.0015625