0 0.2265625 0.49296875 0.0609375 0.121875
0 0.265625 0.41875 0.0390625 0.084375
0 0.12734375 0.38359375 0.0328125 0.0671875
3 0.01953125 0.33203125 0.009375 0.0421875
3 0.24609375 0.3546875 0.0296875 0.0546875
3 0.3765625 0.36484375 0.0265625 0.05
3 0.5203125 0.3828125 0.0265625 0.0578125
3 0.64296875 0.40546875 0.03125 0.05625
3 0.753125 0.440625 0.0359375 0.06875
3 0.846875 0.49140625 0.0484375 0.0921875
3 0.98203125 0.621875 0.0328125 0.15
3 0.97578125 0.36328125 0.0125 0.021875
3 0.84453125 0.34140625 0.009375 0.025
3 0.83046875 0.34609375 0.0125 0.0234375
3 0.81015625 0.33515625 0.0125 0.025
1 0.965625 0.37734375 0.0234375 0.05