0 0.1046875 0.84921875 0.115625 0.240625
0 0.49921875 0.4828125 0.075 0.1171875
0 0.65234375 0.37265625 0.053125 0.08125
0 0.76640625 0.31328125 0.034375 0.059375
3 0.92578125 0.2390625 0.028125 0.05
3 0.796875 0.26484375 0.025 0.04375
3 0.65234375 0.3 0.0234375 0.046875
3 0.5421875 0.328125 0.0203125 0.0359375
3 0.446875 0.35390625 0.0203125 0.0375
3 0.334375 0.38828125 0.021875 0.0375
3 0.2078125 0.42109375 0.0203125 0.0359375
0 0.78046875 0.2921875 0.0265625 0.0453125
0 0.67421875 0.309375 0.0265625 0.0453125
0 0.5671875 0.33515625 0.025 0.04375
0 0.44609375 0.3671875 0.0234375 0.0421875
0 0.3375 0.39609375 0.025 0.0421875
0 0.20078125 0.4421875 0.0265625 0.0453125
0 0.0671875 0.484375 0.028125 0.0484375
3 0.090625 0.4609375 0.025 0.0421875