0 0.05859375 0.91640625 0.0609375 0.1515625
0 0.38203125 0.484375 0.034375 0.075
0 0.4984375 0.359375 0.0171875 0.0359375
0 0.52109375 0.325 0.0109375 0.0234375
0 0.44609375 0.33203125 0.0109375 0.021875
0 0.33671875 0.38828125 0.0140625 0.0328125
0 0.19609375 0.47265625 0.01875 0.0421875
0 0.0234375 0.6015625 0.0171875 0.0453125
3 0.803125 0.4359375 0.0375 0.0765625
3 0.7078125 0.33671875 0.015625 0.0359375
3 0.67890625 0.30390625 0.009375 0.0234375
3 0.68984375 0.29296875 0.0078125 0.01875
3 0.68046875 0.2859375 0.00625 0.0171875