0 0.05234375 0.43125 0.0546875 0.15
0 0.1859375 0.24296875 0.03125 0.0796875
0 0.225 0.175 0.0203125 0.0484375
0 0.25859375 0.13671875 0.0140625 0.0390625
3 0.76484375 0.3109375 0.0546875 0.1265625
3 0.60078125 0.1953125 0.0328125 0.0765625
3 0.53984375 0.134375 0.021875 0.0609375
3 0.490625 0.115625 0.0140625 0.0390625
3 0.45859375 0.10546875 0.0125 0.0296875
3 0.50390625 0.0875 0.009375 0.028125
0 0.29375 0.11171875 0.0109375 0.0265625
0 0.04609375 0.18125 0.015625 0.0359375
0 0.1 0.15703125 0.0109375 0.03125
0 0.153125 0.13359375 0.009375 0.025
3 0.0296875 0.1734375 0.0109375 0.0265625
3 0.08046875 0.1515625 0.009375 0.025
3 0.13125 0.1328125 0.009375 0.0265625