0 0.24375 0.565625 0.0671875 0.115625
0 0.459375 0.41953125 0.0296875 0.05625
3 0.85390625 0.5921875 0.059375 0.1359375
3 0.73671875 0.44296875 0.025 0.05625
3 0.73984375 0.41875 0.021875 0.05
3 0.76328125 0.41171875 0.0171875 0.0421875
3 0.81328125 0.4125 0.01875 0.04375
3 0.90546875 0.4171875 0.01875 0.040625
3 0.99765625 0.4375 0.0046875 0.040625
0 0.54453125 0.3953125 0.01875 0.0421875
0 0.6296875 0.38671875 0.0140625 0.0296875
0 0.70390625 0.38125 0.0109375 0.0265625
0 0.2390625 0.38359375 0.0109375 0.025
3 0.346875 0.35625 0.009375 0.0234375
3 0.21796875 0.3609375 0.00625 0.01875
3 0.2359375 0.3703125 0.00625 0.0203125
0 0.36640625 0.36640625 0.00625 0.021875
0 0.98359375 0.4234375 0.0109375 0.025
0 0.88984375 0.4046875 0.0109375 0.0265625
0 0.10390625 0.40625 0.015625 0.03125
3 0.11796875 0.38984375 0.0109375 0.0234375
3 0.1609375 0.3703125 0.0109375 0.015625