1 0.08125 0.61640625 0.1203125 0.2703125
1 0.19296875 0.51953125 0.0859375 0.1953125
1 0.86953125 0.63515625 0.11875 0.29375
1 0.7484375 0.51875 0.0765625 0.2125
0 0.146875 0.60078125 0.059375 0.15625
0 0.30625 0.45 0.0390625 0.084375
0 0.39765625 0.375 0.021875 0.053125
0 0.4296875 0.34921875 0.0125 0.034375
3 0.79765625 0.59140625 0.06875 0.1765625
3 0.68125 0.44609375 0.040625 0.0796875
3 0.603125 0.3703125 0.015625 0.04375
3 0.56796875 0.34609375 0.0109375 0.03125
3 0.559375 0.33125 0.009375 0.025
3 0.5734375 0.325 0.0078125 0.0265625
3 0.9 0.39765625 0.0171875 0.0375
3 0.83828125 0.36640625 0.009375 0.0265625
3 0.83203125 0.353125 0.0078125 0.025
0 0.9734375 0.39375 0.0140625 0.0296875
0 0.94296875 0.37734375 0.0109375 0.0234375
0 0.45703125 0.33203125 0.0078125 0.0171875