0 0.15 0.3296875 0.0203125 0.046875
0 0.3078125 0.33203125 0.0203125 0.04375
0 0.43359375 0.5046875 0.059375 0.1296875
0 0.42890625 0.3421875 0.0171875 0.0359375
0 0.55625 0.35625 0.015625 0.0375
0 0.6296875 0.428125 0.0375 0.078125
0 0.6609375 0.36953125 0.01875 0.0390625
0 0.74921875 0.40625 0.0265625 0.05625
0 0.7671875 0.3875 0.0203125 0.040625
3 0.98828125 0.40390625 0.0234375 0.0453125
3 0.90546875 0.38515625 0.01875 0.040625
3 0.7828125 0.36953125 0.0171875 0.034375
3 0.64453125 0.3546875 0.015625 0.0328125
3 0.53359375 0.34140625 0.0125 0.03125
3 0.4359375 0.33203125 0.0125 0.034375
3 0.16640625 0.31328125 0.015625 0.034375
3 0.028125 0.30703125 0.015625 0.0390625