0 0.1296875 0.77578125 0.1109375 0.1828125
0 0.18984375 0.47734375 0.015625 0.0296875
0 0.21796875 0.48828125 0.0234375 0.0453125
0 0.21796875 0.5421875 0.040625 0.075
0 0.15234375 0.4828125 0.0171875 0.034375
0 0.09921875 0.496875 0.015625 0.028125
0 0.0421875 0.51875 0.015625 0.028125
3 0.071875 0.4953125 0.0140625 0.025
3 0.08671875 0.47734375 0.009375 0.015625
3 0.128125 0.47109375 0.0109375 0.0234375
3 0.18671875 0.44921875 0.0140625 0.025
3 0.25390625 0.43359375 0.0125 0.025
3 0.32578125 0.415625 0.0171875 0.03125
1 0.32265625 0.3859375 0.0125 0.03125
1 0.3421875 0.38359375 0.015625 0.03125
3 0.33359375 0.39296875 0.0109375 0.0234375
3 0.3734375 0.38359375 0.009375 0.01875
1 0.38984375 0.365625 0.0109375 0.025
3 0.41484375 0.4109375 0.021875 0.0484375
3 0.471875 0.36171875 0.015625 0.0265625
3 0.53359375 0.42734375 0.040625 0.0703125
3 0.85546875 0.5359375 0.1015625 0.1875
3 0.821875 0.309375 0.01875 0.0328125
3 0.74609375 0.3171875 0.015625 0.03125
0 0.76484375 0.30859375 0.0125 0.0265625
0 0.87265625 0.296875 0.0140625 0.028125
3 0.90703125 0.3125 0.0171875 0.0328125
3 0.59375 0.3359375 0.015625 0.028125
0 0.621875 0.325 0.0109375 0.0203125
3 0.26328125 0.409375 0.009375 0.01875
3 0.29453125 0.39921875 0.009375 0.01875
3 0.23984375 0.415625 0.0078125 0.0140625
3 0.03125 0.50546875 0.009375 0.021875
1 0.41640625 0.36484375 0.015625 0.0203125
0 0.03359375 0.49375 0.009375 0.0171875