0 0.27428906249999996 0.5138888888888888 0.0350859375 0.08565277777777779
0 0.29186718749999996 0.4351805555555555 0.016859375 0.04861111111111111
0 0.2593203125 0.4131944444444444 0.0129609375 0.034722222222222224
0 0.2233203125 0.4053333333333333 0.0086796875 0.029611111111111112
0 0.180734375 0.40195833333333336 0.0072734375 0.022875
3 0.6864609374999999 0.4599722222222222 0.038953125 0.08006944444444444
3 0.513 0.3962361111111111 0.0164765625 0.04084722222222222
3 0.41880468750000005 0.38358333333333333 0.010070312500000001 0.030222222222222223
3 0.3455078125 0.3778611111111111 0.007789062500000001 0.025333333333333333
3 0.8192578125000001 0.37377777777777776 0.012273437500000001 0.0335
3 0.722765625 0.35620833333333335 0.00678125 0.022875
3 0.661578125 0.34629166666666666 0.0092421875 0.027777777777777776
3 0.6134062499999999 0.34676388888888887 0.0076875 0.025
3 0.5662812500000001 0.34676388888888887 0.006140625 0.021291666666666667
3 0.4655078125 0.3537083333333333 0.006687500000000001 0.020375
3 0.37385156249999996 0.35926388888888894 0.006703125 0.022222222222222223
3 0.2715234375 0.3819444444444444 0.0072499999999999995 0.02315277777777778
3 0.2066875 0.3893472222222222 0.006742187500000001 0.021291666666666667
3 0.1434140625 0.39490277777777777 0.00728125 0.02684722222222222
0 0.1368984375 0.4111111111111111 0.008843750000000001 0.025930555555555557
0 0.9149140625 0.3718472222222223 0.0111328125 0.029041666666666667
0 0.8037734375 0.3541666666666667 0.007609375 0.02651388888888889
0 0.07959374999999999 0.41851388888888885 0.007765625 0.024069444444444442
0 0.0223046875 0.43333333333333335 0.0056953125 0.020375