0 0.407203125 0.5714259259259259 0.03113541666666667 0.1111111111111111
0 0.7341718749999999 0.4920648148148148 0.039239583333333335 0.09259259259259259
0 0.994078125 0.4513888888888889 0.011838541666666667 0.06944444444444445
0 0.9103385416666666 0.37113888888888885 0.009291666666666667 0.032407407407407406
0 0.7931666666666667 0.37113888888888885 0.009322916666666665 0.029324074074074075
0 0.69465625 0.375 0.008479166666666668 0.03086111111111111
0 0.5835572916666667 0.3757685185185185 0.010239583333333333 0.032407407407407406
0 0.465515625 0.3773148148148148 0.008531249999999999 0.032407407407407406
0 0.37394791666666666 0.3719166666666667 0.011156250000000001 0.03086111111111111
0 0.23984895833333333 0.3719166666666667 0.010322916666666666 0.03395370370370371
0 0.11139062500000001 0.3742314814814815 0.010354166666666666 0.032407407407407406
3 0.9133802083333333 0.36574074074074076 0.010671874999999999 0.03086111111111111
3 0.7996770833333334 0.36419444444444443 0.010640624999999999 0.03395370370370371
3 0.70984375 0.36419444444444443 0.009755208333333333 0.03395370370370371
3 0.6213125 0.36419444444444443 0.007994791666666666 0.024694444444444446
3 0.5319166666666667 0.36419444444444443 0.009713541666666665 0.027777777777777776
3 0.44425000000000003 0.36342592592592593 0.009692708333333333 0.029324074074074075
3 0.3479114583333333 0.3618796296296296 0.011401041666666667 0.02623148148148148
3 0.2593802083333333 0.3595648148148148 0.009645833333333333 0.027777777777777776
3 0.17215104166666664 0.3611111111111111 0.010494791666666666 0.027777777777777776