3 0.85390625 0.5140625 0.059375 0.1140625
3 0.7015625 0.4453125 0.0296875 0.0796875
3 0.71484375 0.40078125 0.021875 0.0609375
3 0.8 0.37578125 0.021875 0.0453125
3 0.9796875 0.36328125 0.0203125 0.05
0 0.08671875 0.615625 0.071875 0.1546875
0 0.20859375 0.4921875 0.0453125 0.0953125
0 0.27890625 0.43515625 0.0234375 0.065625
0 0.38359375 0.40078125 0.0171875 0.059375
0 0.4921875 0.38203125 0.01875 0.04375
0 0.6078125 0.3625 0.0171875 0.040625
0 0.77109375 0.34375 0.015625 0.040625
0 0.946875 0.33671875 0.015625 0.04375
3 0.14765625 0.3671875 0.0109375 0.034375
3 0.33046875 0.34921875 0.009375 0.028125
3 0.2515625 0.35546875 0.0109375 0.028125
3 0.4546875 0.33203125 0.009375 0.0234375
3 0.54296875 0.325 0.0078125 0.0203125
1 0.23984375 0.3484375 0.0125 0.046875
1 0.2609375 0.34765625 0.0109375 0.0390625
1 0.296875 0.35390625 0.015625 0.053125
1 0.321875 0.353125 0.015625 0.05
0 0.31015625 0.3671875 0.009375 0.025
0 0.4171875 0.3515625 0.009375 0.0296875
0 0.5171875 0.334375 0.009375 0.0296875
0 0.57265625 0.33359375 0.009375 0.028125
0 0.6421875 0.325 0.0078125 0.0296875
0 0.1796875 0.3828125 0.0109375 0.034375