3 0.75078125 0.61875 0.09375 0.1640625
3 0.66328125 0.4828125 0.0609375 0.0984375
3 0.59609375 0.4109375 0.040625 0.0703125
3 0.53984375 0.3671875 0.03125 0.0546875
3 0.49609375 0.34609375 0.025 0.0484375
3 0.43515625 0.32265625 0.0171875 0.034375
3 0.3515625 0.3015625 0.0171875 0.034375
0 0.02734375 0.4046875 0.0546875 0.11875
0 0.18828125 0.365625 0.053125 0.0828125
0 0.23671875 0.32734375 0.03125 0.0546875
0 0.19453125 0.28203125 0.028125 0.0515625
0 0.24140625 0.2953125 0.0234375 0.040625
3 0.27265625 0.2828125 0.015625 0.0328125
0 0.0875 0.265625 0.025 0.05