0 0.0828125 0.69296875 0.1140625 0.2328125
0 0.57578125 0.43515625 0.05 0.1078125
0 0.7484375 0.365625 0.0359375 0.0734375
0 0.87109375 0.3359375 0.021875 0.05625
3 0.91328125 0.29765625 0.0140625 0.040625
3 0.765625 0.296875 0.0125 0.0453125
3 0.653125 0.296875 0.0125 0.034375
3 0.55625 0.29921875 0.0125 0.0359375
3 0.43984375 0.3046875 0.0125 0.0359375
3 0.3109375 0.30625 0.0125 0.034375
0 0.890625 0.31875 0.0171875 0.04375
0 0.784375 0.3109375 0.015625 0.04375
0 0.67578125 0.31015625 0.0140625 0.040625
0 0.5515625 0.31171875 0.0140625 0.0390625
0 0.440625 0.31328125 0.015625 0.0390625
0 0.2984375 0.32421875 0.015625 0.04375
0 0.16015625 0.3328125 0.0171875 0.0453125
3 0.1890625 0.31640625 0.015625 0.0390625
3 0.05390625 0.328125 0.0125 0.0453125