0 0.28203125 0.44375 0.078125 0.128125
0 0.38203125 0.36015625 0.0296875 0.0515625
0 0.3953125 0.3359375 0.021875 0.040625
3 0.7734375 0.52578125 0.05625 0.096875
3 0.6390625 0.39921875 0.028125 0.0484375
3 0.56796875 0.353125 0.0171875 0.034375
3 0.5140625 0.32734375 0.015625 0.0296875
3 0.8375 0.44375 0.0234375 0.0421875
3 0.7578125 0.3953125 0.0140625 0.03125
0 0.87265625 0.41953125 0.0203125 0.0375
0 0.9609375 0.4703125 0.01875 0.034375
3 0.46796875 0.309375 0.009375 0.01875
0 0.3875 0.3125 0.0125 0.0234375
3 0.43515625 0.3 0.0078125 0.01875
3 0.42109375 0.29609375 0.0078125 0.01875
3 0.43984375 0.29609375 0.00625 0.0125