0 0.27265625 0.5046875 0.06875 0.1296875
0 0.5046875 0.40625 0.04375 0.084375
0 0.37890625 0.3421875 0.0203125 0.0453125
0 0.70546875 0.34453125 0.0328125 0.0734375
0 0.94375 0.2859375 0.028125 0.0625
0 0.68828125 0.27578125 0.0171875 0.034375
0 0.6 0.290625 0.0203125 0.040625
0 0.525 0.30703125 0.0203125 0.0421875
0 0.72734375 0.26640625 0.0125 0.028125
0 0.734375 0.2578125 0.0109375 0.03125
0 0.7234375 0.2453125 0.009375 0.025
0 0.765625 0.2390625 0.0125 0.0265625
0 0.84453125 0.225 0.0125 0.0265625
0 0.2078125 0.3859375 0.0203125 0.0484375
3 0.13828125 0.37109375 0.021875 0.046875
3 0.259375 0.3453125 0.01875 0.0375
3 0.434375 0.30390625 0.0171875 0.034375
3 0.5515625 0.28515625 0.0140625 0.028125
3 0.58671875 0.275 0.0125 0.028125
3 0.60859375 0.2640625 0.0109375 0.021875
3 0.63359375 0.25390625 0.0109375 0.021875
3 0.66796875 0.246875 0.009375 0.0203125
3 0.7296875 0.234375 0.009375 0.021875
3 0.80859375 0.22421875 0.009375 0.0203125
3 0.8921875 0.21328125 0.009375 0.025
3 0.96796875 0.20390625 0.009375 0.0265625
0 0.94609375 0.215625 0.0140625 0.0265625
1 0.22734375 0.3640625 0.03125 0.084375
1 0.18671875 0.3734375 0.03125 0.08125
1 0.1546875 0.35859375 0.0234375 0.065625
1 0.1203125 0.36328125 0.0265625 0.065625