3 0.7646770833333334 0.568787037037037 0.057088541666666666 0.1455
3 0.6556875000000001 0.4623055555555556 0.040005208333333334 0.08598148148148148
3 0.5786874999999999 0.41071296296296295 0.025885416666666668 0.06216666666666667
3 0.5173125 0.38293518518518516 0.019203124999999998 0.04894444444444444
3 0.473046875 0.3723518518518518 0.014010416666666666 0.04364814814814815
3 0.41241145833333337 0.36441666666666667 0.010302083333333333 0.030425925925925926
3 0.33132291666666663 0.3617685185185185 0.010322916666666666 0.030425925925925926
0 0.044520833333333336 0.5271203703703703 0.05130729166666667 0.10713888888888888
0 0.19517708333333333 0.4556851851851852 0.03416145833333333 0.07275
0 0.23088541666666668 0.41005555555555556 0.019270833333333334 0.04762037037037037
0 0.18253124999999998 0.3776481481481482 0.016307291666666664 0.046296296296296294
0 0.22902604166666668 0.37962962962962965 0.014067708333333335 0.037037037037037035
3 0.25460416666666663 0.3618796296296296 0.008776041666666668 0.029324074074074075
0 0.080578125 0.38502777777777775 0.012963541666666667 0.04475