1 0.3453125 0.3109375 0.0234375 0.053125
1 0.36875 0.31171875 0.025 0.05
1 0.3984375 0.3328125 0.0265625 0.0609375
1 0.4265625 0.3328125 0.0296875 0.065625
0 0.41015625 0.34296875 0.0171875 0.0359375
3 0.35390625 0.32109375 0.015625 0.03125
3 0.4421875 0.32734375 0.01875 0.034375
0 0.109375 0.315625 0.028125 0.046875
0 0.2625 0.334375 0.025 0.05
0 0.11640625 0.5546875 0.1234375 0.1875
0 0.3140625 0.43359375 0.0703125 0.1046875
0 0.471875 0.409375 0.040625 0.075
0 0.52734375 0.35 0.021875 0.0421875
0 0.60859375 0.4046875 0.0390625 0.0609375
0 0.63828125 0.35546875 0.01875 0.0375
0 0.9296875 0.42265625 0.0265625 0.053125
0 0.9234375 0.36875 0.0125 0.0234375
0 0.85390625 0.36015625 0.0125 0.0234375
0 0.80703125 0.36953125 0.0140625 0.028125
0 0.81640625 0.36953125 0.0125 0.0234375
0 0.8203125 0.36484375 0.0109375 0.0234375
0 0.81640625 0.3578125 0.0109375 0.0234375
0 0.7703125 0.36875 0.015625 0.0296875
0 0.74453125 0.40546875 0.028125 0.053125
0 0.69921875 0.3578125 0.01875 0.034375
3 0.97109375 0.36953125 0.0109375 0.0234375
3 0.98515625 0.4765625 0.0296875 0.075
3 0.90078125 0.5078125 0.059375 0.0953125
3 0.9328125 0.60234375 0.0828125 0.140625
3 0.82734375 0.34921875 0.0078125 0.015625
3 0.77421875 0.34375 0.0109375 0.0171875
3 0.7421875 0.34375 0.0109375 0.021875
3 0.71796875 0.34375 0.009375 0.021875
3 0.696875 0.34375 0.0125 0.025
3 0.66484375 0.34609375 0.0125 0.0265625
3 0.57265625 0.3359375 0.015625 0.028125
3 0.24375 0.3125 0.0234375 0.0390625
3 0.89765625 0.359375 0.0125 0.021875