3 0.4696979166666667 0.48412962962962963 0.04302083333333333 0.08200925925925925
3 0.3871145833333333 0.45039814814814816 0.029651041666666666 0.06481481481481481
3 0.33132291666666663 0.4285740740740741 0.020739583333333332 0.05290740740740741
3 0.30007291666666663 0.41203703703703703 0.019255208333333333 0.04894444444444444
3 0.25953125 0.4021203703703704 0.012572916666666666 0.03438888888888889
3 0.21503645833333335 0.39296296296296296 0.013036458333333334 0.03250925925925926
3 0.179625 0.3921851851851852 0.010718749999999999 0.02889814814814815
0 0.034453125 0.4338796296296296 0.0199375 0.04687037037037037
0 0.014859375000000001 0.41741666666666666 0.014953125000000001 0.039268518518518515
3 0.6512552083333334 0.5841018518518519 0.05188541666666667 0.1712962962962963
3 0.12528124999999998 0.3888888888888889 0.008744791666666666 0.027777777777777776
3 0.04759895833333334 0.39428703703703705 0.009593750000000002 0.029324074074074075
0 0.004932291666666667 0.45601851851851855 0.009859375 0.041666666666666664