0 0.08515625 0.39609375 0.053125 0.096875
0 0.22109375 0.36640625 0.0390625 0.06875
0 0.36953125 0.35859375 0.0265625 0.0578125
0 0.4453125 0.35546875 0.0265625 0.05625
0 0.5390625 0.3609375 0.0203125 0.0421875
3 0.73125 0.58671875 0.09375 0.1734375
3 0.6375 0.4609375 0.0609375 0.0984375
3 0.7453125 0.4234375 0.040625 0.06875
3 0.7828125 0.39921875 0.021875 0.0453125
3 0.81875 0.38828125 0.0203125 0.0421875
1 0.79453125 0.38359375 0.01875 0.0609375
1 0.803125 0.38359375 0.021875 0.0625
1 0.58671875 0.34765625 0.0234375 0.0609375
1 0.6 0.34921875 0.021875 0.0546875
0 0.63671875 0.3609375 0.015625 0.03125
0 0.66328125 0.3515625 0.0140625 0.0265625
3 0.846875 0.375 0.0171875 0.03125
3 0.859375 0.36484375 0.0125 0.028125
0 0.69375 0.3453125 0.015625 0.025
3 0.871875 0.36171875 0.0140625 0.0296875
3 0.84375 0.34921875 0.0109375 0.0234375
3 0.80078125 0.3421875 0.0140625 0.028125
0 0.359375 0.31328125 0.015625 0.0328125
0 0.325 0.31796875 0.0171875 0.0328125
0 0.24609375 0.31171875 0.0171875 0.03125
0 0.325 0.2953125 0.009375 0.0234375
3 0.74375 0.3296875 0.0140625 0.025
3 0.69609375 0.325 0.0125 0.025
3 0.6125 0.31171875 0.0109375 0.0234375
3 0.54609375 0.3015625 0.0109375 0.0234375
3 0.49609375 0.29453125 0.0109375 0.0234375
3 0.43984375 0.28828125 0.009375 0.0203125
3 0.396875 0.28203125 0.009375 0.0203125
0 0.06875 0.29921875 0.0234375 0.0453125
0 0.29140625 0.28671875 0.0125 0.028125
3 0.18046875 0.28984375 0.0140625 0.0328125
0 0.63359375 0.3234375 0.009375 0.0234375
0 0.72109375 0.3421875 0.0125 0.03125
0 0.71875 0.3359375 0.0125 0.0296875
0 0.50625 0.30390625 0.009375 0.01875
0 0.675 0.32734375 0.0125 0.0234375