1 0.04375 0.51015625 0.0875 0.2171875
0 0.01796875 0.5625 0.0359375 0.15
3 0.1015625 0.29296875 0.0125 0.0265625
0 0.14453125 0.3078125 0.015625 0.0328125
0 0.228125 0.465625 0.0546875 0.0984375
0 0.30390625 0.40390625 0.0390625 0.0703125
0 0.3671875 0.36796875 0.0296875 0.059375
0 0.3984375 0.3328125 0.01875 0.0390625
0 0.4109375 0.35078125 0.021875 0.0421875
3 0.42421875 0.315625 0.015625 0.03125
3 0.3515625 0.3125 0.0109375 0.0296875
0 0.32265625 0.321875 0.0140625 0.034375
0 0.25 0.3125 0.0125 0.0375
3 0.2171875 0.30078125 0.0125 0.03125
3 0.50703125 0.325 0.015625 0.0296875
3 0.5734375 0.3328125 0.015625 0.0390625
3 0.61953125 0.34453125 0.0171875 0.0328125
3 0.64140625 0.3578125 0.01875 0.0375
3 0.65234375 0.3734375 0.0234375 0.0515625
3 0.68515625 0.4109375 0.03125 0.0640625
3 0.74375 0.50546875 0.05625 0.109375
1 0.821875 0.55234375 0.0765625 0.2421875
1 0.8609375 0.60859375 0.1 0.271875
3 0.828125 0.62421875 0.059375 0.1703125
3 0.88359375 0.3421875 0.009375 0.021875
3 0.853125 0.3375 0.009375 0.01875
1 0.81484375 0.3234375 0.0125 0.034375
3 0.9328125 0.34921875 0.009375 0.021875
3 0.95546875 0.3390625 0.009375 0.0171875
3 0.97734375 0.36015625 0.009375 0.0203125
3 0.97578125 0.3515625 0.0078125 0.01875
3 0.99609375 0.3546875 0.0078125 0.021875
3 0.7046875 0.2953125 0.009375 0.01875
3 0.71875 0.303125 0.00625 0.0125
3 0.7296875 0.29921875 0.0078125 0.015625