0 0.35 0.44765625 0.065625 0.134375
0 0.046875 0.5828125 0.09375 0.215625
3 0.0859375 0.29609375 0.021875 0.04375
0 0.18828125 0.315625 0.025 0.0546875
3 0.25546875 0.2953125 0.015625 0.040625
3 0.29375 0.27109375 0.0109375 0.025
3 0.2828125 0.25234375 0.0078125 0.021875
3 0.33125 0.27578125 0.0109375 0.0296875
3 0.3390625 0.29296875 0.0140625 0.0328125
3 0.3578125 0.284375 0.0140625 0.028125
3 0.36484375 0.2515625 0.009375 0.0234375
3 0.47890625 0.25546875 0.009375 0.01875
3 0.4234375 0.25234375 0.0078125 0.0203125
3 0.5375 0.25625 0.0078125 0.021875
3 0.58515625 0.2609375 0.0078125 0.0171875
3 0.6359375 0.2640625 0.009375 0.0171875
3 0.703125 0.26953125 0.009375 0.0203125
3 0.76640625 0.2734375 0.0078125 0.0171875
3 0.85234375 0.28125 0.0109375 0.025
1 0.87890625 0.33984375 0.025 0.09375
1 0.89765625 0.3390625 0.021875 0.0796875
0 0.8890625 0.35546875 0.0140625 0.053125
3 0.96484375 0.2890625 0.0109375 0.0265625
3 0.26953125 0.26328125 0.0109375 0.0234375
0 0.584375 0.3953125 0.0453125 0.1078125
0 0.696875 0.37578125 0.0375 0.1078125
0 0.54765625 0.29140625 0.0109375 0.034375
0 0.55234375 0.303125 0.0140625 0.0375
0 0.5109375 0.31171875 0.01875 0.0375
0 0.52109375 0.259375 0.0109375 0.01875
0 0.596875 0.26640625 0.0078125 0.01875
0 0.50703125 0.28515625 0.0109375 0.0296875
0 0.4625 0.25859375 0.009375 0.025
0 0.46953125 0.27578125 0.0125 0.025
0 0.440625 0.265625 0.009375 0.021875
0 0.41328125 0.31328125 0.01875 0.0453125
0 0.4203125 0.26015625 0.0078125 0.0234375
0 0.41171875 0.25859375 0.009375 0.021875
0 0.71875 0.27421875 0.009375 0.0234375
0 0.8109375 0.28359375 0.009375 0.0203125
0 0.82578125 0.36328125 0.028125 0.0625
0 0.93828125 0.34765625 0.0203125 0.05
0 0.9453125 0.29375 0.0109375 0.0234375
0 0.8890625 0.28828125 0.009375 0.0203125
0 0.9640625 0.3328125 0.015625 0.040625
0 0.99453125 0.31953125 0.0109375 0.0328125
0 0.64296875 0.26875 0.009375 0.021875