0 0.49453125 0.36796875 0.021875 0.034375
3 0.82578125 0.41328125 0.0296875 0.075
3 0.72734375 0.36484375 0.0171875 0.05
1 0.7453125 0.35859375 0.025 0.0796875
1 0.71171875 0.346875 0.0234375 0.0703125
1 0.5046875 0.34609375 0.021875 0.06875
1 0.5140625 0.34609375 0.028125 0.040625
3 0.68671875 0.34296875 0.015625 0.0359375
3 0.63515625 0.3171875 0.0125 0.0265625
3 0.60390625 0.30390625 0.00625 0.0203125
3 0.58984375 0.29453125 0.00625 0.0171875
3 0.59921875 0.29140625 0.00625 0.0171875
3 0.621875 0.2875 0.00625 0.015625
0 0.471875 0.3 0.009375 0.0171875
0 0.9421875 0.34375 0.0078125 0.021875
0 0.99609375 0.359375 0.0078125 0.028125
0 0.90703125 0.33125 0.0078125 0.021875
3 0.915625 0.35390625 0.0109375 0.0328125
3 0.834375 0.33046875 0.009375 0.028125
3 0.803125 0.31484375 0.0078125 0.021875