0 0.339015625 0.46558333333333335 0.028210937499999998 0.07543055555555556
0 0.45042187499999997 0.39458333333333334 0.0171875 0.04754166666666666
0 0.530765625 0.3630555555555555 0.0133359375 0.029291666666666667
0 0.6162734375000001 0.34880555555555554 0.008859375 0.022166666666666668
0 0.6533515624999999 0.34405555555555556 0.0072968749999999995 0.021375
3 0.7472265625000001 0.46281944444444445 0.033445312500000005 0.07838888888888888
3 0.6908828125 0.3935416666666667 0.017335937500000002 0.05543055555555555
3 0.7038046875 0.37236111111111114 0.012953125 0.03761111111111111
3 0.7411015625 0.3596944444444445 0.0108671875 0.03206944444444444
3 0.7653749999999999 0.3529583333333333 0.0068515625 0.02336111111111111
3 0.9709218749999999 0.38423611111111106 0.009515625 0.02731944444444445
3 0.9229296874999999 0.36701388888888886 0.007078125 0.019791666666666666
3 0.9048984375 0.3579027777777778 0.007523437500000001 0.019
0 0.6843125 0.33593055555555557 0.0064140625000000005 0.018611111111111113