3 0.02109375 0.41015625 0.025 0.046875
0 0.02578125 0.4421875 0.028125 0.05625
1 0.159375 0.37890625 0.0234375 0.0625
1 0.190625 0.3765625 0.0203125 0.0578125
1 0.21953125 0.39375 0.0265625 0.0796875
1 0.259375 0.38515625 0.0265625 0.0796875
0 0.23984375 0.4046875 0.021875 0.0484375
3 0.17578125 0.38671875 0.0171875 0.040625
3 0.2890625 0.3703125 0.0171875 0.0375
0 0.39921875 0.37421875 0.0203125 0.0421875
3 0.45546875 0.34609375 0.015625 0.0328125
0 0.5375 0.353125 0.0171875 0.0375
3 0.56328125 0.33359375 0.015625 0.03125
3 0.5953125 0.32265625 0.0078125 0.021875