3 0.88125 0.5109375 0.1203125 0.2421875
3 0.6765625 0.24921875 0.046875 0.090625
3 0.60078125 0.18359375 0.03125 0.0640625
3 0.55546875 0.14609375 0.0203125 0.0453125
3 0.53671875 0.1265625 0.0171875 0.0359375
3 0.525 0.12109375 0.0171875 0.0359375
3 0.515625 0.1109375 0.015625 0.0328125
3 0.084375 0.1125 0.015625 0.0296875
0 0.07734375 0.2890625 0.065625 0.1140625
0 0.253125 0.1828125 0.0359375 0.065625
0 0.29921875 0.140625 0.0234375 0.0484375
0 0.32421875 0.125 0.0234375 0.0484375
0 0.3453125 0.1078125 0.015625 0.0359375
0 0.07265625 0.1453125 0.0203125 0.0453125
0 0.11171875 0.128125 0.0171875 0.03125
0 0.12890625 0.11953125 0.0140625 0.0296875
0 0.375 0.10390625 0.0140625 0.0296875
0 0.38828125 0.0953125 0.0125 0.025
0 0.1515625 0.10703125 0.0140625 0.025