0 0.12421875 0.38046875 0.01875 0.0484375
0 0.28515625 0.37578125 0.01875 0.04375
0 0.4203125 0.5484375 0.05625 0.1328125
0 0.41015625 0.3828125 0.0171875 0.0359375
0 0.53984375 0.39140625 0.015625 0.0375
0 0.61875 0.4640625 0.0359375 0.078125
0 0.6484375 0.40234375 0.0171875 0.0390625
0 0.7390625 0.43671875 0.025 0.0578125
0 0.7578125 0.4171875 0.01875 0.0421875
3 0.984375 0.425 0.021875 0.046875
3 0.8984375 0.409375 0.0171875 0.0421875
3 0.77265625 0.39765625 0.015625 0.034375
3 0.63125 0.3875 0.0140625 0.0328125
3 0.51640625 0.378125 0.0125 0.03125
3 0.41640625 0.371875 0.0125 0.034375
3 0.13984375 0.3625 0.015625 0.034375