3 0.06365104166666666 0.3780833333333333 0.010364583333333333 0.027777777777777776
3 0.16086458333333334 0.36960185185185185 0.008604166666666666 0.029324074074074075
3 0.23116666666666666 0.36574074074074076 0.010322916666666666 0.027777777777777776
3 0.3062447916666667 0.3603425925925926 0.011171875 0.029324074074074075
3 0.3852291666666667 0.36419444444444443 0.011156250000000001 0.03086111111111111
3 0.44294791666666666 0.37037037037037035 0.013744791666666667 0.03395370370370371
3 0.4820052083333334 0.38039814814814815 0.015473958333333334 0.03858333333333334
3 0.5366875 0.40123148148148147 0.022401041666666666 0.04937962962962963
3 0.596140625 0.44212962962962965 0.028463541666666665 0.0663611111111111
3 0.6634114583333334 0.5123425925925926 0.045328125000000004 0.10493518518518519
3 0.9046979166666667 0.7438240740740741 0.10216145833333333 0.2561759259259259
0 0.16607291666666668 0.38039814814814815 0.012072916666666666 0.032407407407407406
0 0.21380729166666665 0.38349074074074074 0.013796874999999998 0.03549074074074074
0 0.21988541666666667 0.4058611111111111 0.020739583333333332 0.046296296296296294
0 0.196015625 0.44289814814814815 0.02508854166666667 0.061731481481481484
0 0.07753645833333334 0.49923148148148144 0.041604166666666664 0.08487962962962962