0 0.12734375 0.66328125 0.0984375 0.1828125
0 0.4671875 0.4234375 0.028125 0.0703125
0 0.55625 0.37421875 0.0125 0.0375
0 0.61640625 0.35546875 0.0125 0.0296875
0 0.67578125 0.346875 0.009375 0.021875
0 0.7484375 0.34609375 0.0125 0.0234375
0 0.7828125 0.346875 0.0078125 0.0171875
3 0.79609375 0.3640625 0.0109375 0.021875
3 0.765625 0.36796875 0.0125 0.0265625
3 0.7578125 0.38984375 0.0203125 0.0375
3 0.8078125 0.45078125 0.03125 0.0796875
3 0.8375 0.35859375 0.00625 0.0171875
3 0.98125 0.74375 0.0328125 0.1578125
3 0.90625 0.34921875 0.0078125 0.0171875
3 0.90078125 0.346875 0.0046875 0.0125
3 0.90078125 0.359375 0.0078125 0.015625
3 0.87109375 0.35859375 0.0078125 0.0203125
0 0.81640625 0.34375 0.009375 0.01875