3 0.7395234375 0.462125 0.0424296875 0.10858333333333334
0 0.20793750000000003 0.3962361111111111 0.018882812500000002 0.053875
0 0.3742890625 0.3092361111111111 0.01190625 0.03255555555555556
0 0.4913984375 0.27725 0.0099921875 0.03143055555555555
0 0.6229296875 0.26363888888888887 0.0087109375 0.025930555555555557
0 0.7204843750000001 0.2645 0.0073906250000000005 0.02420833333333333
0 0.8292265625 0.2765972222222222 0.0076953125 0.02305555555555556
3 0.620015625 0.3469027777777778 0.0197265625 0.05301388888888889
3 0.6054296875 0.297625 0.0138984375 0.03745833333333333
3 0.713359375 0.28523611111111113 0.009984375 0.028805555555555553
3 0.8126953125 0.28812499999999996 0.0102890625 0.03226388888888889
3 0.93634375 0.3252916666666667 0.0105859375 0.028236111111111108
0 0.9309921875 0.3028194444444444 0.007671875 0.021319444444444443