1 0.48828125 0.275 0.0109375 0.0234375
1 0.4953125 0.2734375 0.0109375 0.0234375
1 0.5109375 0.27578125 0.0125 0.0234375
1 0.51953125 0.27421875 0.0125 0.0265625
0 0.51484375 0.29921875 0.0125 0.0234375
0 0.44375 0.33359375 0.0140625 0.0265625
0 0.3296875 0.35 0.009375 0.01875
0 0.34765625 0.39609375 0.0234375 0.0390625
0 0.3078125 0.47265625 0.0359375 0.0609375
0 0.253125 0.70078125 0.0734375 0.1265625
0 0.68984375 0.24921875 0.0125 0.0203125
3 0.72421875 0.27265625 0.01875 0.03125
3 0.60859375 0.31328125 0.0234375 0.0390625
3 0.60625 0.34921875 0.0328125 0.0578125
0 0.60078125 0.26953125 0.0125 0.0234375
3 0.76953125 0.38984375 0.05 0.0890625
3 0.80078125 0.25390625 0.015625 0.028125
3 0.84140625 0.24296875 0.0125 0.021875
3 0.8359375 0.23046875 0.0109375 0.01875
0 0.43671875 0.30390625 0.0125 0.0203125