0 0.14214583333333333 0.6973425925925926 0.05854166666666667 0.13541666666666666
0 0.3459010416666667 0.4537037037037037 0.026130208333333335 0.06712962962962964
0 0.5340364583333332 0.3767407407407407 0.01575 0.04513888888888889
0 0.6407968749999999 0.35300925925925924 0.013171875 0.037037037037037035
3 0.8507291666666668 0.6255833333333334 0.048630208333333334 0.1400462962962963
3 0.8015833333333333 0.45601851851851855 0.025854166666666668 0.07407407407407407
3 0.9190833333333334 0.4288240740740741 0.016067708333333333 0.047453703703703706
3 0.9793020833333334 0.42650925925925925 0.011494791666666667 0.04050925925925926
3 0.9858125 0.3906296296296296 0.009333333333333334 0.024305555555555556
3 0.9548906250000001 0.3686388888888889 0.005645833333333333 0.02199074074074074
3 0.9148541666666666 0.3472222222222222 0.008020833333333333 0.020833333333333332
0 0.8959739583333334 0.35706481481481483 0.008911458333333334 0.024305555555555556
0 0.8510572916666667 0.35475 0.010223958333333333 0.03356481481481482
0 0.7503802083333333 0.3430185185185185 0.01221875 0.03518518518518519
0 0.6989322916666667 0.31487037037037036 0.01025 0.02638888888888889
0 0.5364322916666667 0.3201481481481481 0.009791666666666667 0.02462962962962963
0 0.39841145833333336 0.33862037037037035 0.007838541666666667 0.02638888888888889
0 0.290078125 0.35709259259259263 0.008854166666666666 0.021111111111111112
0 0.215625 0.37556481481481485 0.007385416666666667 0.01935185185185185
0 0.7610156250000001 0.3192685185185185 0.005786458333333333 0.02462962962962963
1 0.633390625 0.3126759259259259 0.009770833333333334 0.03782407407407407
1 0.6430364583333333 0.31355555555555553 0.009526041666666667 0.032546296296296295
3 0.6630677083333333 0.30343518518518514 0.005807291666666667 0.02287037037037037
3 0.7768489583333333 0.3131111111111111 0.007078125 0.017592592592592594
3 0.7300989583333333 0.3065185185185185 0.006572916666666666 0.018472222222222223
3 0.5636354166666667 0.3069537037037037 0.009786458333333333 0.02462962962962963
3 0.47088541666666667 0.3153148148148148 0.013265625 0.02550925925925926
3 0.38258333333333333 0.32982407407407405 0.004875 0.01935185185185185
3 0.3021979166666667 0.3438981481481482 0.007364583333333333 0.017592592592592594
1 0.6044479166666666 0.3043148148148148 0.008291666666666666 0.028148148148148148
1 0.6138489583333333 0.303 0.008526041666666668 0.02726851851851852
0 0.8270572916666666 0.3293888888888889 0.007260416666666667 0.02199074074074074
0 0.869578125 0.34135185185185185 0.0072968749999999995 0.02076851851851852
3 0.8234843749999999 0.3183240740740741 0.005526041666666666 0.018064814814814815
3 0.8709739583333334 0.3293888888888889 0.005515625 0.014898148148148148