0 0.059375 0.49453125 0.05 0.0890625
0 0.0515625 0.7078125 0.103125 0.209375
0 0.06796875 0.42421875 0.028125 0.0453125
0 0.0875 0.39453125 0.0203125 0.0328125
0 0.1125 0.378125 0.015625 0.028125
0 0.1453125 0.371875 0.0109375 0.0265625
0 0.19375 0.3609375 0.0125 0.021875
3 0.71953125 0.559375 0.0703125 0.1265625
3 0.41640625 0.4359375 0.0375 0.0703125
3 0.2984375 0.40078125 0.025 0.04375
3 0.2515625 0.384375 0.01875 0.0375
3 0.29375 0.3625 0.0140625 0.0234375
3 0.2453125 0.36640625 0.0078125 0.0234375
3 0.23828125 0.365625 0.0109375 0.0265625
3 0.93125 0.4375 0.0125 0.0265625
3 0.84375 0.415625 0.0078125 0.01875
3 0.75078125 0.39609375 0.0125 0.0234375