0 0.0662890625 0.74375 0.088234375 0.19305555555555556
0 0.2772421875 0.5011666666666666 0.034445312500000005 0.08390277777777777
0 0.3508203125 0.4222222222222222 0.021390625 0.05052777777777778
0 0.41146093749999996 0.37711111111111106 0.014812500000000001 0.034277777777777775
0 0.4327734375 0.3518611111111111 0.0097421875 0.028874999999999998
1 0.2493359375 0.49936111111111114 0.058804687499999994 0.1488611111111111
1 0.29805468749999997 0.4587638888888889 0.0305078125 0.11458333333333333
1 0.7212578125 0.47365277777777776 0.052914062500000004 0.15518055555555557
1 0.6649375 0.43395833333333333 0.0366640625 0.1245
3 0.689546875 0.47455555555555556 0.0331171875 0.08299999999999999
3 0.632203125 0.40418055555555554 0.024984375 0.059541666666666666
3 0.5786718750000001 0.3644861111111111 0.0112734375 0.036083333333333335
3 0.5512734375 0.3428333333333333 0.00821875 0.023458333333333335
3 0.54365625 0.3320138888888889 0.0059921875 0.021652777777777778
3 0.94709375 0.732125 0.0739609375 0.1831388888888889
3 0.9486171875 0.40373611111111113 0.014328125 0.04420833333333333
3 0.832671875 0.3653888888888889 0.011757812500000001 0.03247222222222222
3 0.78853125 0.3486944444444445 0.0076875 0.026166666666666668
0 0.962828125 0.3784722222222222 0.01128125 0.027972222222222225
0 0.909546875 0.360875 0.010257812500000001 0.030680555555555555
0 0.4527421875 0.3363333333333333 0.006390625 0.01788888888888889