3 0.975 0.3875 0.025 0.0484375
3 0.9375 0.35703125 0.0140625 0.0390625
3 0.92421875 0.34296875 0.0109375 0.0328125
3 0.896875 0.321875 0.0125 0.0265625
3 0.87890625 0.3078125 0.0078125 0.01875
3 0.8703125 0.30078125 0.0109375 0.0234375
3 0.88125 0.30078125 0.00625 0.021875
0 0.90234375 0.29609375 0.0078125 0.0171875
0 0.78515625 0.31796875 0.0078125 0.0265625
0 0.7875 0.30546875 0.009375 0.0234375
0 0.79609375 0.296875 0.0078125 0.025
1 0.94453125 0.34921875 0.0171875 0.0625
1 0.9296875 0.34453125 0.0140625 0.059375
1 0.771875 0.32890625 0.0125 0.05