0 0.3166484375 0.5208333333333334 0.0458359375 0.11030555555555556
0 0.33803125 0.4175277777777778 0.022789062500000002 0.058180555555555555
0 0.30729687499999997 0.3948055555555555 0.013632812499999999 0.044236111111111115
0 0.2649921875 0.3937777777777777 0.0125390625 0.042166666666666665
0 0.23293750000000002 0.3700833333333333 0.0077421875 0.019736111111111114
0 0.2103203125 0.37813888888888886 0.00646875 0.025666666666666667
0 0.21846875 0.3875138888888889 0.010562499999999999 0.030097222222222223
3 0.3893359375 0.3597222222222222 0.0065859375 0.021652777777777778
3 0.3927109375 0.35052777777777777 0.006984374999999999 0.022569444444444444
3 0.43871874999999994 0.3592777777777778 0.0108125 0.03190277777777777
3 0.4586328125 0.34180555555555553 0.0068984375 0.01888888888888889
3 0.5154140625 0.3351805555555556 0.006234375 0.018694444444444444
3 0.5215 0.3654722222222222 0.0167421875 0.03738888888888889
3 0.55240625 0.3314166666666667 0.005375 0.01922222222222222
3 0.6134999999999999 0.3907083333333333 0.019453124999999998 0.051569444444444446
3 0.7553828125 0.45934722222222224 0.0313984375 0.08127777777777778
3 0.7983515625 0.33391666666666664 0.0074140625000000005 0.02213888888888889
3 0.770890625 0.33694444444444444 0.00825 0.02297222222222222
3 0.7746562499999999 0.3642361111111111 0.0118125 0.02804166666666667
3 0.74921875 0.34641666666666665 0.011875 0.029263888888888888
3 0.8328828125 0.3317361111111111 0.0077578125 0.01938888888888889
3 0.8457578124999999 0.3864861111111111 0.014859375 0.03723611111111111
3 0.889046875 0.3302083333333333 0.0049140625 0.013402777777777779
0 0.9108515625000001 0.3442222222222222 0.0070390625 0.016416666666666666
0 0.9088906250000001 0.36559722222222224 0.0073124999999999996 0.02665277777777778
0 0.8960390625000001 0.34669444444444447 0.0073906250000000005 0.01941666666666667
0 0.884578125 0.35208333333333336 0.006617187500000001 0.022930555555555558
3 0.7409296875 0.317 0.006015625 0.017152777777777777
3 0.780359375 0.317125 0.004 0.012916666666666668
0 0.39853125 0.3388055555555555 0.005546875 0.017694444444444443