3 0.8640625 0.5171875 0.065625 0.115625
3 0.684375 0.3375 0.028125 0.0453125
3 0.66875 0.29453125 0.015625 0.025
3 0.6671875 0.275 0.0125 0.01875
0 0.37890625 0.4671875 0.04375 0.071875
0 0.4625 0.35390625 0.0234375 0.0390625
0 0.52109375 0.31328125 0.015625 0.0296875
0 0.559375 0.290625 0.0125 0.021875
0 0.57265625 0.2765625 0.0078125 0.015625
0 0.41484375 0.33359375 0.0140625 0.0265625
0 0.4765625 0.30625 0.009375 0.0203125
0 0.32421875 0.378125 0.0140625 0.0265625
0 0.2296875 0.42890625 0.015625 0.0296875
0 0.52890625 0.28359375 0.009375 0.0171875
3 0.67109375 0.26328125 0.0078125 0.015625
3 0.33359375 0.3609375 0.0109375 0.021875
3 0.25390625 0.4 0.0109375 0.021875
3 0.17578125 0.446875 0.0078125 0.015625
3 0.103125 0.49375 0.009375 0.021875
0 0.16015625 0.46875 0.0125 0.0234375
0 0.084375 0.51953125 0.0125 0.025