0 0.271875 0.48828125 0.046875 0.0890625
0 0.3265625 0.40859375 0.025 0.0515625
0 0.30859375 0.38046875 0.015625 0.0328125
0 0.27109375 0.37265625 0.0171875 0.0265625
3 0.32734375 0.3546875 0.009375 0.021875
3 0.390625 0.36015625 0.0109375 0.025
3 0.46171875 0.36796875 0.0140625 0.028125
3 0.51015625 0.340625 0.0109375 0.01875
3 0.425 0.34296875 0.0078125 0.0171875
1 0.2296875 0.340625 0.0125 0.0234375
1 0.24609375 0.34140625 0.009375 0.021875
0 0.18671875 0.36484375 0.009375 0.0234375
3 0.2 0.35546875 0.0125 0.021875
0 0.14609375 0.36875 0.0078125 0.0234375
3 0.13984375 0.3609375 0.0078125 0.01875
0 0.08984375 0.37421875 0.009375 0.021875
3 0.08203125 0.3703125 0.009375 0.0203125
3 0.55078125 0.39453125 0.0203125 0.04375
3 0.6796875 0.46796875 0.0484375 0.08125
3 0.7875 0.390625 0.0140625 0.0328125
3 0.6953125 0.36640625 0.0109375 0.0265625
3 0.63125 0.3515625 0.0125 0.0234375
3 0.5875 0.34609375 0.009375 0.01875
3 0.55 0.34375 0.009375 0.021875
0 0.7828125 0.36484375 0.0109375 0.021875
3 0.93046875 0.4328125 0.0203125 0.04375
0 0.87734375 0.3921875 0.0109375 0.0265625
0 0.70390625 0.35234375 0.009375 0.01875
0 0.23125 0.36640625 0.0109375 0.021875