0 0.2171875 0.5546875 0.075 0.146875
0 0.41796875 0.3953125 0.0359375 0.0640625
0 0.4953125 0.3640625 0.021875 0.0375
0 0.546875 0.3546875 0.015625 0.028125
0 0.57890625 0.3515625 0.015625 0.028125
3 0.87265625 0.62265625 0.06875 0.134375
3 0.696875 0.43828125 0.03125 0.0625
3 0.665625 0.3921875 0.0171875 0.034375
3 0.67421875 0.378125 0.0125 0.025
3 0.6859375 0.3734375 0.0125 0.025
3 0.97109375 0.4796875 0.0234375 0.0453125
3 0.875 0.4265625 0.0171875 0.03125
3 0.8265625 0.39921875 0.0140625 0.025
0 0.60234375 0.34765625 0.0109375 0.021875
0 0.9875 0.4515625 0.0140625 0.028125
0 0.928125 0.42578125 0.0125 0.03125