0 0.11875 0.5078125 0.0484375 0.0921875
0 0.22265625 0.43359375 0.034375 0.0703125
0 0.3421875 0.40703125 0.0234375 0.05
0 0.43984375 0.4015625 0.021875 0.0453125
0 0.5390625 0.4046875 0.0203125 0.0390625
0 0.63515625 0.41640625 0.015625 0.0375
0 0.7609375 0.4390625 0.01875 0.040625
3 0.82734375 0.73359375 0.10625 0.196875
3 0.57109375 0.51953125 0.053125 0.096875
3 0.51796875 0.45703125 0.0359375 0.0640625
3 0.58046875 0.43671875 0.0328125 0.0609375
3 0.69140625 0.446875 0.0265625 0.05625
3 0.79140625 0.46015625 0.03125 0.0546875
3 0.90703125 0.4984375 0.021875 0.0484375
0 0.903125 0.4765625 0.01875 0.0421875