1 0.2953125 0.3734375 0.0359375 0.075
1 0.2625 0.3890625 0.0359375 0.075
1 0.22421875 0.38203125 0.0296875 0.0609375
1 0.1953125 0.38984375 0.03125 0.0609375
3 0.21171875 0.39765625 0.0171875 0.0328125
0 0.28125 0.39375 0.025 0.0453125
3 0.3140625 0.35703125 0.01875 0.03125
0 0.37734375 0.45703125 0.0578125 0.09375
0 0.42109375 0.33984375 0.025 0.04375
3 0.4640625 0.3 0.0203125 0.034375
0 0.103125 0.46796875 0.0296875 0.0453125
0 0.15078125 0.62734375 0.1046875 0.15625
0 0.5390625 0.36328125 0.05 0.08125
0 0.5453125 0.28671875 0.0234375 0.0421875
0 0.6125 0.26484375 0.0171875 0.0328125
0 0.6984375 0.296875 0.0359375 0.0609375
0 0.690625 0.2375 0.0203125 0.034375
0 0.72734375 0.22421875 0.0171875 0.0296875
0 0.734375 0.21796875 0.0140625 0.0296875
0 0.72421875 0.20546875 0.0125 0.0234375
0 0.765625 0.1921875 0.0125 0.021875
3 0.73125 0.19453125 0.0125 0.021875
3 0.64296875 0.228125 0.0140625 0.0234375
3 0.675 0.21484375 0.0109375 0.01875
3 0.61875 0.2390625 0.0109375 0.0203125
3 0.6 0.25390625 0.0125 0.021875
3 0.596875 0.2484375 0.009375 0.01875
3 0.5671875 0.2671875 0.0140625 0.028125
3 0.965625 0.33984375 0.046875 0.121875
3 0.884375 0.1515625 0.0140625 0.021875
3 0.80546875 0.17109375 0.0109375 0.01875
0 0.83828125 0.171875 0.0140625 0.0234375
0 0.90234375 0.2171875 0.040625 0.0578125