1 0.30884375000000003 0.34921296296296295 0.01365625 0.05024074074074074
1 0.33230208333333333 0.34625925925925927 0.015875 0.04759259259259259
1 0.365734375 0.3609814814814815 0.014947916666666667 0.05878703703703704
1 0.39284895833333333 0.3556944444444444 0.01677604166666667 0.06319444444444444
0 0.378375 0.3683518518518518 0.010260416666666666 0.03512037037037037
3 0.3200260416666667 0.3575185185185185 0.008911458333333334 0.029712962962962965
3 0.40647395833333333 0.34675 0.013505208333333333 0.032212962962962964
0 0.08060416666666666 0.3988425925925926 0.01961458333333333 0.04412037037037037
0 0.23325520833333335 0.38787962962962963 0.01598958333333333 0.047268518518518515
0 0.13234895833333335 0.6286203703703703 0.090296875 0.17100925925925925
0 0.302359375 0.47400000000000003 0.051437500000000004 0.0961111111111111
0 0.4515416666666667 0.42136111111111113 0.0273125 0.07041666666666667
0 0.49412500000000004 0.35294444444444445 0.013822916666666666 0.039703703703703706
0 0.5829739583333333 0.39095370370370375 0.027994791666666668 0.05583333333333333
0 0.6029375 0.3374074074074074 0.011744791666666667 0.035166666666666666
0 0.9685885416666667 0.2963796296296296 0.01003125 0.025046296296296296
0 0.8978177083333333 0.3474074074074074 0.017619791666666666 0.049805555555555554
0 0.8816927083333332 0.297 0.008760416666666666 0.021796296296296296
0 0.81340625 0.30112962962962964 0.007859375 0.021962962962962962
0 0.7692447916666667 0.31923148148148145 0.00840625 0.026787037037037036
0 0.7781927083333334 0.317712962962963 0.007916666666666666 0.022425925925925926
0 0.780953125 0.31189814814814815 0.007307291666666666 0.021268518518518516
0 0.7762604166666667 0.30576851851851855 0.006385416666666667 0.021620370370370373
0 0.7333072916666666 0.32546296296296295 0.010661458333333334 0.02776851851851852
0 0.7150520833333334 0.36612962962962964 0.019546875000000002 0.04936111111111111
0 0.6624010416666667 0.3283055555555556 0.012098958333333333 0.0315
3 0.9284791666666667 0.2881851851851852 0.0073124999999999996 0.022157407407407407
3 0.99428125 0.28815740740740736 0.00659375 0.020731481481481483
3 0.9712864583333333 0.3882129629629629 0.034859375000000005 0.0684074074074074
3 0.8861666666666667 0.43574074074074076 0.042692708333333336 0.08780555555555555
3 0.9350572916666666 0.5216574074074074 0.057828125 0.1303888888888889
3 0.7851458333333333 0.29560185185185184 0.005348958333333333 0.01576851851851852
3 0.7321510416666667 0.30085185185185187 0.0085625 0.016046296296296295
3 0.7009791666666667 0.30669444444444444 0.007890625 0.020453703703703703
3 0.6778177083333333 0.31054629629629626 0.005447916666666667 0.021
3 0.657046875 0.31544444444444447 0.007953125 0.02422222222222222
3 0.6260052083333334 0.3228425925925926 0.008578124999999999 0.024888888888888887
3 0.5344583333333334 0.33078703703703705 0.010588541666666666 0.025203703703703704
3 0.21099479166666668 0.36994444444444446 0.015901041666666667 0.03643518518518519
3 0.8550572916666667 0.2922685185185185 0.008578124999999999 0.020287037037037037