0 0.08828125 0.72109375 0.075 0.2046875
0 0.19453125 0.47109375 0.0359375 0.0890625
0 0.153125 0.428125 0.0265625 0.0671875
0 0.11328125 0.403125 0.01875 0.0484375
0 0.13984375 0.378125 0.0125 0.0375
0 0.18828125 0.3578125 0.0125 0.0296875
3 0.67109375 0.4421875 0.0296875 0.075
3 0.496875 0.390625 0.0203125 0.0515625
3 0.415625 0.36640625 0.015625 0.0453125
3 0.425 0.353125 0.0109375 0.03125
3 0.528125 0.3453125 0.015625 0.04375
3 0.61171875 0.34453125 0.0125 0.0328125
0 0.23671875 0.34765625 0.0125 0.03125
3 0.66328125 0.3421875 0.015625 0.0375
0 0.44296875 0.32890625 0.009375 0.0265625
0 0.36640625 0.32890625 0.0078125 0.0203125
0 0.2921875 0.33671875 0.0109375 0.0265625
1 0.703125 0.32578125 0.0109375 0.0328125
1 0.72109375 0.32578125 0.009375 0.0296875
1 0.7734375 0.33828125 0.0109375 0.0328125
1 0.79453125 0.3390625 0.0109375 0.0359375
3 0.72890625 0.3421875 0.0109375 0.0265625
3 0.78359375 0.34140625 0.0109375 0.0296875
3 0.83671875 0.346875 0.009375 0.0234375