0 0.04296875 0.62890625 0.0859375 0.1890625
0 0.19296875 0.35625 0.0140625 0.03125
0 0.21640625 0.3765625 0.021875 0.046875
0 0.19765625 0.4296875 0.0390625 0.0765625
0 0.153125 0.34765625 0.0171875 0.0359375
0 0.09609375 0.34453125 0.0140625 0.028125
0 0.03203125 0.34765625 0.015625 0.0296875
3 0.0703125 0.3328125 0.0140625 0.0265625
3 0.09140625 0.32109375 0.009375 0.0171875
3 0.13359375 0.3296875 0.0109375 0.0234375
3 0.19921875 0.32734375 0.0140625 0.0265625
3 0.2703125 0.334375 0.0125 0.025
3 0.34765625 0.3421875 0.015625 0.0328125
1 0.3546875 0.3109375 0.0125 0.0328125
1 0.37421875 0.31484375 0.0140625 0.0328125
3 0.36328125 0.32109375 0.0109375 0.0234375
3 0.40546875 0.32578125 0.009375 0.01875
1 0.42734375 0.31328125 0.0109375 0.025
3 0.4375 0.3671875 0.0203125 0.0484375
3 0.509375 0.3375 0.0140625 0.0265625
3 0.5484375 0.42421875 0.0390625 0.0734375
3 0.82890625 0.63984375 0.096875 0.19375
3 0.87265625 0.40546875 0.0171875 0.034375
3 0.79609375 0.38671875 0.015625 0.0328125
0 0.81796875 0.384375 0.0125 0.0265625
0 0.9265625 0.4109375 0.0140625 0.0296875
3 0.95546875 0.4375 0.0171875 0.034375
3 0.6390625 0.35390625 0.0140625 0.028125
0 0.6703125 0.353125 0.009375 0.0203125
3 0.28828125 0.31328125 0.009375 0.0203125
3 0.321875 0.31484375 0.009375 0.01875
3 0.26328125 0.31171875 0.0078125 0.015625
3 0.02734375 0.3296875 0.0078125 0.0234375
1 0.45390625 0.32265625 0.015625 0.0203125
0 0.0328125 0.31953125 0.0078125 0.0171875