3 0.05323958333333333 0.38657407407407407 0.012203125 0.032407407407407406
3 0.17084375 0.3773148148148148 0.012942708333333334 0.03549074074074074
3 0.252 0.3719166666666667 0.012052083333333333 0.03395370370370371
3 0.33966145833333333 0.3680555555555556 0.01203125 0.03858333333333334
3 0.43253125000000003 0.3742314814814815 0.015484375 0.03858333333333334
3 0.5067447916666666 0.38657407407407407 0.01633333333333333 0.047842592592592596
3 0.5644635416666667 0.4058611111111111 0.024130208333333333 0.058638888888888886
3 0.6590677083333334 0.44984259259259257 0.03452604166666667 0.08178703703703703
3 0.8339583333333334 0.570212962962963 0.05965104166666667 0.14043518518518516
0 0.03934895833333333 0.39891666666666664 0.015578125 0.04475
0 0.15652604166666664 0.3958333333333333 0.01728645833333333 0.04475
0 0.20860416666666665 0.4058611111111111 0.02265625 0.052472222222222226
0 0.190375 0.4398148148148148 0.029427083333333333 0.07099074074074074
0 0.09229166666666666 0.5378055555555556 0.048546874999999996 0.11574074074074074