0 0.0921875 0.69921875 0.1015625 0.1921875
0 0.28671875 0.5078125 0.05 0.1
0 0.45078125 0.42890625 0.03125 0.0703125
0 0.5890625 0.38828125 0.028125 0.0609375
0 0.73203125 0.35 0.0234375 0.05625
3 0.9796875 0.50859375 0.040625 0.1484375
3 0.93125 0.41328125 0.05 0.0953125
0 0.92578125 0.31484375 0.0265625 0.05
0 0.2078125 0.409375 0.01875 0.046875
0 0.3640625 0.378125 0.015625 0.040625
0 0.49140625 0.35234375 0.0140625 0.0375
0 0.6078125 0.328125 0.015625 0.040625
0 0.66953125 0.3125 0.0125 0.034375
0 0.74609375 0.303125 0.0125 0.034375
0 0.90234375 0.2640625 0.0109375 0.0234375
0 0.83046875 0.27109375 0.0078125 0.01875
1 0.37890625 0.3578125 0.0203125 0.0625
1 0.35 0.36796875 0.0234375 0.0609375
1 0.3125 0.359375 0.0171875 0.0515625
1 0.2875 0.3640625 0.0171875 0.046875
3 0.1796875 0.38984375 0.015625 0.0375
3 0.3 0.3703125 0.015625 0.0359375
3 0.39140625 0.3515625 0.015625 0.034375
3 0.534375 0.325 0.0125 0.0328125
3 0.63046875 0.30859375 0.009375 0.03125
3 0.66328125 0.3015625 0.0078125 0.03125
3 0.6859375 0.29453125 0.0109375 0.0265625
3 0.709375 0.28515625 0.0125 0.0296875
3 0.74296875 0.2828125 0.0109375 0.0265625
3 0.7984375 0.26796875 0.0078125 0.0203125
3 0.871875 0.26015625 0.0078125 0.01875
3 0.95078125 0.253125 0.0109375 0.025
0 0.784375 0.2953125 0.009375 0.028125
0 0.79296875 0.29140625 0.009375 0.028125
0 0.79140625 0.284375 0.009375 0.0265625
0 0.0359375 0.43203125 0.021875 0.0515625