0 0.11875 0.63984375 0.0625 0.14375
0 0.1796875 0.4015625 0.0203125 0.0453125
0 0.33359375 0.38984375 0.028125 0.05
0 0.2890625 0.3421875 0.0171875 0.0328125
0 0.375 0.33125 0.0171875 0.0328125
3 0.10703125 0.4 0.015625 0.034375
3 0.76953125 0.50859375 0.04375 0.084375
3 0.62109375 0.36484375 0.021875 0.0421875
3 0.578125 0.32890625 0.0140625 0.03125
3 0.57265625 0.309375 0.0125 0.025
3 0.5828125 0.30234375 0.009375 0.021875
3 0.215625 0.3421875 0.0125 0.028125
0 0.328125 0.3171875 0.0109375 0.021875
0 0.43359375 0.3046875 0.0109375 0.021875
3 0.60390625 0.29453125 0.009375 0.0234375