3 0.8878489583333333 0.575925925925926 0.088609375 0.17206481481481484
3 0.548828125 0.46244444444444444 0.03624479166666667 0.09136111111111112
3 0.290328125 0.45289814814814816 0.028364583333333335 0.0722037037037037
3 0.008161458333333333 0.4730462962962963 0.016328125000000002 0.07603703703703704
3 0.050854166666666666 0.3904722222222222 0.009385416666666667 0.03103703703703704
3 0.149765625 0.3859444444444444 0.00915625 0.02578703703703704
3 0.2109375 0.3784722222222222 0.0071875 0.019222222222222224
3 0.21731770833333333 0.3702685185185185 0.004541666666666667 0.021064814814814814
3 0.23343229166666665 0.3737592592592593 0.009307291666666667 0.020481481481481482
0 0.009119791666666667 0.38712037037037034 0.010369791666666666 0.024333333333333335
0 0.020276041666666668 0.37478703703703703 0.0076458333333333335 0.021611111111111112