1 0.14921875 0.31640625 0.028125 0.0765625
1 0.18359375 0.31875 0.0265625 0.06875
1 0.21015625 0.33828125 0.0328125 0.0921875
1 0.25234375 0.33984375 0.034375 0.090625
0 0.228125 0.35546875 0.0234375 0.053125
3 0.1640625 0.3296875 0.0203125 0.0453125
3 0.28828125 0.3265625 0.01875 0.040625
0 0.26640625 0.49765625 0.084375 0.1546875
0 0.4015625 0.3453125 0.0234375 0.05
3 0.4640625 0.32265625 0.01875 0.0390625
0 0.55078125 0.3390625 0.0203125 0.046875
0 0.521875 0.43828125 0.0484375 0.0921875
0 0.72421875 0.4140625 0.0421875 0.0765625
0 0.71171875 0.3390625 0.0203125 0.034375
0 0.75 0.3390625 0.0171875 0.0296875
0 0.75546875 0.33671875 0.0140625 0.0328125
0 0.746875 0.32109375 0.0109375 0.021875
0 0.78671875 0.31953125 0.0125 0.0203125
3 0.63359375 0.315625 0.0140625 0.028125
0 0.6234375 0.33671875 0.0171875 0.0390625
3 0.61171875 0.31875 0.0109375 0.0296875
3 0.57734375 0.32265625 0.015625 0.034375
3 0.65859375 0.31015625 0.009375 0.021875
3 0.98359375 0.32421875 0.0109375 0.025
3 0.91015625 0.3171875 0.0109375 0.0234375
3 0.8296875 0.3140625 0.009375 0.0234375
0 0.86484375 0.32265625 0.0125 0.0234375
0 0.9609375 0.33203125 0.0125 0.0265625
0 0.96328125 0.3984375 0.0359375 0.065625