0 0.1359375 0.51328125 0.0859375 0.15625
0 0.29375 0.42265625 0.0546875 0.0953125
0 0.39453125 0.38203125 0.0390625 0.06875
0 0.4546875 0.36015625 0.021875 0.04375
0 0.44609375 0.3390625 0.0234375 0.0421875
3 0.9375 0.690625 0.1015625 0.1921875
3 0.79609375 0.47890625 0.053125 0.084375
3 0.740625 0.415625 0.034375 0.0609375
3 0.7234375 0.39140625 0.028125 0.0484375
3 0.696875 0.375 0.0234375 0.040625
3 0.6421875 0.35703125 0.0234375 0.040625
3 0.56875 0.33984375 0.01875 0.034375
3 0.48046875 0.3234375 0.0171875 0.0328125
1 0.903125 0.36796875 0.015625 0.034375
3 0.4046875 0.31015625 0.015625 0.03125
3 0.26640625 0.2890625 0.0125 0.0265625
3 0.15 0.2671875 0.0125 0.025
3 0.059375 0.2515625 0.0125 0.025
0 0.36640625 0.31796875 0.015625 0.034375
0 0.2921875 0.30703125 0.015625 0.034375
0 0.18203125 0.28359375 0.0171875 0.0359375
0 0.0453125 0.25859375 0.015625 0.034375