0 0.36875 0.45078125 0.040625 0.0828125
0 0.46875 0.3953125 0.028125 0.053125
0 0.5125 0.375 0.015625 0.0390625
0 0.53515625 0.3609375 0.0125 0.0265625
0 0.14765625 0.371875 0.0140625 0.034375
0 0.23359375 0.3609375 0.0109375 0.03125
0 0.29609375 0.34140625 0.0109375 0.028125
0 0.28671875 0.3546875 0.0140625 0.03125
0 0.996875 0.4421875 0.00625 0.0375
0 0.93046875 0.4109375 0.015625 0.0296875
3 0.77890625 0.503125 0.04375 0.0890625
3 0.71171875 0.42265625 0.0234375 0.0484375
3 0.68984375 0.39453125 0.01875 0.0328125
3 0.671875 0.378125 0.0171875 0.0296875
3 0.9875 0.47109375 0.025 0.0453125
3 0.8734375 0.41796875 0.015625 0.03125
3 0.81640625 0.39296875 0.0125 0.0328125
3 0.79375 0.3796875 0.0109375 0.0234375
3 0.7828125 0.371875 0.0109375 0.025
3 0.66015625 0.36171875 0.0109375 0.0234375
3 0.64609375 0.353125 0.0078125 0.01875
3 0.7640625 0.3625 0.0078125 0.01875
3 0.0921875 0.3640625 0.015625 0.03125
3 0.1421875 0.35625 0.0125 0.028125
3 0.16875 0.35078125 0.0109375 0.025