1 0.76796875 0.453125 0.0484375 0.10625
1 0.41953125 0.3703125 0.0421875 0.103125
1 0.440625 0.375 0.0390625 0.0953125
0 0.12734375 0.44140625 0.0703125 0.1265625
0 0.3453125 0.409375 0.0515625 0.09375
0 0.4765625 0.38359375 0.0265625 0.05
0 0.503125 0.3640625 0.021875 0.0453125
0 0.5328125 0.3515625 0.01875 0.034375
3 0.81171875 0.5109375 0.05625 0.0953125
3 0.75234375 0.44609375 0.03125 0.0546875
3 0.74375 0.4078125 0.025 0.046875
3 0.73046875 0.38828125 0.01875 0.034375
3 0.715625 0.36796875 0.0125 0.025
0 0.42734375 0.39140625 0.03125 0.0640625
3 0.67890625 0.353125 0.0140625 0.0296875
3 0.625 0.3390625 0.0140625 0.028125
0 0.55625 0.34453125 0.01875 0.0359375
3 0.55859375 0.32265625 0.0125 0.025
3 0.50234375 0.31015625 0.0140625 0.025
3 0.3984375 0.28671875 0.0140625 0.0234375
3 0.31015625 0.2640625 0.0140625 0.0234375
0 0.54453125 0.33203125 0.015625 0.0296875
0 0.48515625 0.31484375 0.015625 0.028125
0 0.43203125 0.30078125 0.0171875 0.0296875
0 0.35390625 0.28203125 0.015625 0.028125
3 0.72890625 0.378125 0.0171875 0.034375
3 0.82578125 0.35 0.009375 0.0171875
3 0.81484375 0.35234375 0.009375 0.0171875
3 0.80390625 0.33984375 0.0109375 0.0203125
1 0.8984375 0.38203125 0.015625 0.03125