1 0.10546875 0.47109375 0.1015625 0.215625
1 0.19453125 0.4234375 0.06875 0.178125
1 0.828125 0.61640625 0.1 0.2359375
1 0.77109375 0.54609375 0.0796875 0.1875
3 0.7765625 0.59921875 0.065625 0.1328125
0 0.153125 0.47265625 0.0609375 0.11875
0 0.31953125 0.34140625 0.03125 0.065625
0 0.36328125 0.31171875 0.0203125 0.040625
0 0.38046875 0.2859375 0.01875 0.0375
0 0.34140625 0.26171875 0.015625 0.0328125
0 0.2375 0.240625 0.0140625 0.03125
0 0.11796875 0.22734375 0.015625 0.03125
3 0.16953125 0.225 0.0140625 0.028125
3 0.67421875 0.4078125 0.0328125 0.0625
3 0.6125 0.33984375 0.0171875 0.0390625
3 0.5828125 0.30703125 0.021875 0.03125
3 0.50703125 0.28359375 0.009375 0.021875
3 0.40546875 0.25859375 0.0125 0.021875
3 0.30078125 0.2359375 0.009375 0.01875