0 0.0171875 0.50703125 0.034375 0.2015625
0 0.16953125 0.24765625 0.0453125 0.0875
0 0.22265625 0.16015625 0.025 0.0609375
0 0.26484375 0.12109375 0.01875 0.0421875
3 0.86875 0.36015625 0.084375 0.18125
3 0.64453125 0.190625 0.0359375 0.096875
3 0.565625 0.11015625 0.028125 0.0625
3 0.509375 0.09296875 0.0203125 0.0453125
0 0.30078125 0.0890625 0.015625 0.0359375
0 0.05 0.17265625 0.0140625 0.0328125
0 0.1046875 0.13828125 0.0125 0.03125
0 0.1609375 0.11640625 0.009375 0.025
3 0.0359375 0.15625 0.0109375 0.0296875
3 0.08984375 0.1328125 0.0109375 0.028125
3 0.47421875 0.07578125 0.0140625 0.0328125
0 0.3703125 0.06484375 0.0140625 0.0296875
0 0.4265625 0.05234375 0.009375 0.0234375
0 0.45390625 0.04921875 0.0078125 0.021875