0 0.23607031250000002 0.5566249999999999 0.039015625 0.10469444444444444
0 0.43285937499999994 0.4086527777777778 0.01553125 0.041666666666666664
0 0.511578125 0.3771388888888889 0.01190625 0.029916666666666664
3 0.7955 0.5373888888888889 0.040078125 0.1111111111111111
3 0.69034375 0.41079166666666667 0.013664062499999999 0.04808333333333333
3 0.6975546875 0.3872916666666667 0.013664062499999999 0.03952777777777778
3 0.7221875 0.3776666666666667 0.0100546875 0.03738888888888889
3 0.7696640625 0.3717916666666667 0.0112421875 0.03205555555555555
3 0.8606953125000001 0.3728611111111111 0.013023437500000002 0.034194444444444444
0 0.59690625 0.36058333333333337 0.007078125 0.028847222222222222
0 0.665578125 0.35338888888888886 0.0093515625 0.027777777777777776
3 0.9580781249999999 0.3858055555555555 0.0179609375 0.040125
0 0.0947734375 0.42112499999999997 0.009453125 0.02876388888888889
0 0.2231015625 0.3893888888888889 0.006078125 0.026791666666666665
0 0.3425078125 0.3655694444444444 0.00828125 0.026791666666666665
3 0.106765625 0.40675 0.007781250000000001 0.025791666666666668
3 0.072171875 0.40376388888888887 0.006671874999999999 0.01984722222222222