0 0.4046875 0.5390625 0.0671875 0.1203125
0 0.14140625 0.425 0.0203125 0.04375
0 0.309375 0.41328125 0.01875 0.0421875
0 0.43984375 0.409375 0.01875 0.0453125
0 0.55859375 0.44921875 0.0296875 0.0703125
0 0.56484375 0.41328125 0.021875 0.05
3 0.99140625 0.43828125 0.015625 0.0890625
3 0.89375 0.40234375 0.03125 0.059375
3 0.79921875 0.38671875 0.021875 0.0453125
3 0.70234375 0.38125 0.0203125 0.04375
3 0.571875 0.3828125 0.0140625 0.0359375
3 0.41796875 0.3859375 0.0140625 0.0328125
3 0.28515625 0.3953125 0.015625 0.034375
3 0.1578125 0.40625 0.0171875 0.0359375