0 0.02578125 0.5546875 0.0421875 0.1125
0 0.1765625 0.43671875 0.021875 0.0671875
0 0.2828125 0.3890625 0.01875 0.0546875
0 0.37890625 0.3578125 0.0140625 0.0421875
0 0.4640625 0.3390625 0.0140625 0.034375
0 0.57265625 0.32578125 0.0125 0.034375
0 0.68515625 0.32421875 0.0125 0.0328125
0 0.80390625 0.325 0.0109375 0.034375
0 0.91875 0.32734375 0.009375 0.03125
3 0.98828125 0.6703125 0.0234375 0.203125
3 0.6890625 0.4578125 0.040625 0.109375
3 0.68359375 0.390625 0.0328125 0.075
3 0.85234375 0.371875 0.021875 0.0546875
3 0.97421875 0.36953125 0.01875 0.046875