3 0.13939583333333333 0.47879629629629633 0.033041666666666664 0.08723148148148148
3 0.4369479166666667 0.4630185185185185 0.036041666666666666 0.07824074074074074
3 0.7592135416666667 0.511425925925926 0.055197916666666666 0.12100000000000001
3 0.2163125 0.3860925925925926 0.01003125 0.02722222222222222
3 0.3110572916666667 0.3811018518518518 0.0105 0.02325
3 0.3917760416666667 0.3686574074074074 0.007984375 0.01721296296296296
3 0.3780104166666666 0.36687962962962967 0.005526041666666666 0.015370370370370371
3 0.36956770833333336 0.37569444444444444 0.005567708333333333 0.01586111111111111
3 0.10018750000000001 0.3985925925925926 0.011166666666666667 0.02188888888888889
0 0.068046875 0.39191666666666664 0.009776041666666667 0.020407407407407405
0 0.0033229166666666667 0.37363888888888885 0.0066458333333333335 0.020314814814814817
0 0.18135416666666665 0.3831388888888889 0.011479166666666667 0.02475
0 0.19616666666666666 0.36647222222222225 0.0064062500000000005 0.017166666666666667
0 0.24269791666666668 0.3683518518518518 0.007791666666666667 0.02201851851851852
0 0.26289583333333333 0.3758425925925926 0.008994791666666667 0.020712962962962964
0 0.27207291666666666 0.3701111111111111 0.008640625 0.02015740740740741