0 0.31953125 0.48359375 0.040625 0.0921875
0 0.4234375 0.42265625 0.0265625 0.0640625
0 0.47109375 0.38828125 0.01875 0.04375
0 0.46484375 0.365625 0.0109375 0.03125
0 0.43828125 0.35859375 0.0078125 0.0234375
0 0.40703125 0.35625 0.009375 0.028125
0 0.94921875 0.4109375 0.0109375 0.028125
0 0.89375 0.39140625 0.009375 0.0234375
0 0.871875 0.37890625 0.009375 0.0203125
3 0.80390625 0.54140625 0.0484375 0.109375
3 0.70859375 0.434375 0.0234375 0.059375
3 0.6625 0.3859375 0.015625 0.0421875
3 0.61875 0.36796875 0.0140625 0.03125
3 0.57421875 0.35546875 0.009375 0.0234375
3 0.51953125 0.3484375 0.0078125 0.021875
3 0.9234375 0.43125 0.0171875 0.0359375
3 0.84375 0.4015625 0.0125 0.034375
3 0.78359375 0.3796875 0.009375 0.021875
3 0.7546875 0.365625 0.009375 0.0234375
3 0.75078125 0.3578125 0.0078125 0.0234375
3 0.81484375 0.35390625 0.00625 0.01875
3 0.78046875 0.35390625 0.0078125 0.0171875
0 0.3703125 0.3515625 0.009375 0.021875
0 0.35703125 0.34453125 0.0078125 0.01875
3 0.48515625 0.34375 0.0078125 0.0171875