3 0.88125 0.6015625 0.065625 0.11875
3 0.51953125 0.484375 0.0375 0.0828125
3 0.20625 0.44453125 0.040625 0.0765625
3 0.0125 0.41796875 0.01875 0.0609375
3 0.03359375 0.3390625 0.0203125 0.0328125
3 0.19140625 0.35078125 0.0203125 0.034375
3 0.309375 0.36015625 0.0140625 0.0296875
3 0.4046875 0.36796875 0.015625 0.028125
3 0.4671875 0.3734375 0.0125 0.0234375
3 0.47578125 0.36640625 0.0109375 0.0203125
3 0.490625 0.3703125 0.0125 0.0234375
3 0.44140625 0.3546875 0.0078125 0.015625
0 0.36015625 0.3546875 0.0125 0.025
0 0.36796875 0.34921875 0.0125 0.0203125
0 0.3421875 0.34296875 0.0109375 0.01875
0 0.27734375 0.34609375 0.0171875 0.0265625
0 0.29453125 0.33203125 0.009375 0.0171875
0 0.2375 0.32421875 0.0125 0.01875
0 0.1625 0.334375 0.0140625 0.025
0 0.02578125 0.325 0.0109375 0.025
0 0.03046875 0.3 0.0125 0.0234375