0 0.29453125 0.48671875 0.046875 0.1015625
0 0.490625 0.38046875 0.025 0.0578125
0 0.60234375 0.34453125 0.015625 0.0421875
0 0.64921875 0.32890625 0.0109375 0.034375
3 0.78125 0.4796875 0.040625 0.109375
3 0.7609375 0.39453125 0.03125 0.06875
3 0.784375 0.3515625 0.015625 0.0359375
3 0.7921875 0.33359375 0.0109375 0.0265625
3 0.98359375 0.3515625 0.009375 0.0375
3 0.93515625 0.3328125 0.0109375 0.0265625
0 0.37109375 0.3453125 0.0078125 0.0265625
0 0.3 0.35078125 0.009375 0.0265625
0 0.24296875 0.35546875 0.00625 0.025
3 0.40859375 0.328125 0.0078125 0.021875
3 0.9140625 0.31953125 0.00625 0.01875
0 0.6796875 0.3203125 0.0078125 0.021875