3 0.925 0.6765625 0.0828125 0.20625
3 0.72578125 0.453125 0.0328125 0.08125
3 0.7375 0.40546875 0.0171875 0.046875
3 0.73203125 0.37265625 0.0109375 0.034375
3 0.72734375 0.34921875 0.0078125 0.021875
3 0.70546875 0.340625 0.0078125 0.021875
0 0.0203125 0.803125 0.0265625 0.159375
0 0.3375 0.4671875 0.03125 0.0765625
0 0.4984375 0.39375 0.015625 0.040625
0 0.55078125 0.375 0.015625 0.03125
0 0.58515625 0.35546875 0.009375 0.028125
3 0.63046875 0.3296875 0.0046875 0.015625
3 0.67421875 0.33203125 0.00625 0.0171875
3 0.6046875 0.33203125 0.00625 0.0140625
3 0.93203125 0.37421875 0.0109375 0.0265625
3 0.88359375 0.35546875 0.0109375 0.0234375
3 0.846875 0.346875 0.009375 0.028125
3 0.8328125 0.334375 0.00625 0.0171875