0 0.134375 0.778125 0.1109375 0.2203125
0 0.2828125 0.4796875 0.0359375 0.078125
0 0.2671875 0.42109375 0.021875 0.0515625
0 0.23671875 0.40859375 0.0171875 0.0390625
0 0.1953125 0.4046875 0.0140625 0.0328125
0 0.1515625 0.4078125 0.0125 0.03125
3 0.61953125 0.4140625 0.034375 0.06875
3 0.48046875 0.38359375 0.0203125 0.04375
3 0.390625 0.37265625 0.0140625 0.0328125
3 0.309375 0.37578125 0.0125 0.0328125
3 0.2375 0.38203125 0.0125 0.0265625
3 0.16875 0.38828125 0.0078125 0.0234375
3 0.10625 0.4046875 0.009375 0.0203125
0 0.0921875 0.421875 0.0109375 0.021875
0 0.0296875 0.4328125 0.0109375 0.025
0 0.86015625 0.33046875 0.009375 0.0265625
3 0.71796875 0.33359375 0.009375 0.0234375
3 0.6578125 0.33359375 0.009375 0.0234375
3 0.865625 0.3484375 0.0125 0.03125
3 0.78203125 0.3375 0.0109375 0.025
3 0.5359375 0.33671875 0.0109375 0.0265625