1 0.8239791666666666 0.34876851851851853 0.012385416666666668 0.05555555555555555
1 0.8148697916666666 0.35030555555555554 0.016723958333333334 0.058638888888888886
1 0.61740625 0.35030555555555554 0.017541666666666667 0.052472222222222226
1 0.6056875 0.35262037037037036 0.014572916666666666 0.05400925925925926
3 0.8738906249999999 0.32099074074074074 0.008057291666666667 0.02160185185185185
3 0.8652083333333334 0.3341018518518518 0.009307291666666667 0.029324074074074075
3 0.84090625 0.3533981481481482 0.01278125 0.03086111111111111
3 0.8100937500000001 0.3672870370370371 0.018864583333333334 0.04321296296296297
3 0.781015625 0.39969444444444446 0.024947916666666667 0.058638888888888886
3 0.6807656249999999 0.45678703703703705 0.046671875 0.08641666666666667
3 0.8087864583333333 0.5794722222222223 0.08222395833333333 0.1527777777777778
3 0.019385416666666665 0.3811759259259259 0.012109375 0.03086111111111111
3 0.15261979166666664 0.3688240740740741 0.011208333333333332 0.027777777777777776
3 0.215109375 0.3611111111111111 0.011192708333333332 0.027777777777777776
0 0.7076718750000001 0.3287037037037037 0.010208333333333335 0.024694444444444446
0 0.6794635416666667 0.3410462962962963 0.009348958333333332 0.024694444444444446
0 0.6555989583333334 0.3533981481481482 0.010223958333333333 0.03086111111111111
0 0.5609895833333333 0.3672870370370371 0.015453125000000002 0.037037037037037035
0 0.4707239583333333 0.38349074074074074 0.017208333333333332 0.04475
0 0.3839270833333333 0.3533981481481482 0.010286458333333333 0.024694444444444446
0 0.35181250000000003 0.3603425925925926 0.010296875 0.02623148148148148
0 0.27846875 0.3688240740740741 0.012916666666666667 0.027777777777777776
0 0.3986822916666667 0.3958333333333333 0.020697916666666667 0.05092592592592592
0 0.2602447916666667 0.42824074074074076 0.025072916666666667 0.06018518518518518
0 0.13135416666666666 0.48148148148148145 0.038119791666666666 0.08641666666666667