0 0.25859375 0.56796875 0.053125 0.1046875
0 0.06640625 0.50625 0.025 0.05625
0 0.2484375 0.4171875 0.0234375 0.053125
0 0.3734375 0.3875 0.0203125 0.0453125
0 0.4515625 0.4109375 0.028125 0.0546875
3 0.96015625 0.690625 0.059375 0.1203125
3 0.74765625 0.44921875 0.034375 0.0671875
3 0.6453125 0.3859375 0.0203125 0.040625
3 0.5609375 0.35 0.015625 0.0328125
3 0.43671875 0.3453125 0.0140625 0.0296875
3 0.3515625 0.35 0.0109375 0.0265625
3 0.26953125 0.3671875 0.0109375 0.0265625
3 0.21015625 0.38984375 0.0109375 0.028125
3 0.14765625 0.41796875 0.0140625 0.03125
3 0.05703125 0.465625 0.015625 0.0390625