0 0.18203125 0.55703125 0.05625 0.109375
0 0.2015625 0.48359375 0.0328125 0.0625
0 0.17890625 0.4453125 0.0234375 0.0484375
0 0.11875 0.43828125 0.0203125 0.040625
0 0.059375 0.4421875 0.0140625 0.0328125
3 0.22890625 0.40234375 0.0140625 0.0328125
3 0.3078125 0.39921875 0.0171875 0.034375
3 0.38515625 0.4078125 0.021875 0.04375
3 0.15 0.4109375 0.0125 0.0234375
3 0.490625 0.43984375 0.0265625 0.05625
3 0.6640625 0.51015625 0.0484375 0.0859375
3 0.9796875 0.490625 0.028125 0.0515625
3 0.7546875 0.425 0.0171875 0.034375
3 0.67265625 0.3984375 0.015625 0.034375
3 0.60546875 0.38828125 0.0125 0.0265625
3 0.55546875 0.38125 0.0125 0.025
1 0.7453125 0.39296875 0.0140625 0.0328125
1 0.7734375 0.4 0.0171875 0.0390625
1 0.68984375 0.3984375 0.01875 0.0484375
1 0.65625 0.390625 0.0171875 0.04375
0 0.8421875 0.4234375 0.015625 0.028125
0 0.7578125 0.39765625 0.0140625 0.0296875
0 0.64453125 0.38046875 0.0125 0.028125
3 0.00703125 0.4296875 0.009375 0.03125
3 0.07265625 0.42421875 0.0109375 0.0265625
3 0.52265625 0.37421875 0.0109375 0.0203125