3 0.11875 0.46015625 0.021875 0.0375
3 0.01015625 0.490625 0.01875 0.0390625
3 0.19609375 0.44140625 0.021875 0.0359375
3 0.28046875 0.41875 0.0234375 0.0390625
3 0.37109375 0.4046875 0.021875 0.0390625
3 0.44140625 0.39921875 0.0265625 0.05
3 0.496875 0.40390625 0.0328125 0.0578125
3 0.58125 0.41953125 0.04375 0.078125
3 0.70859375 0.47265625 0.0640625 0.1125
3 0.9546875 0.6296875 0.090625 0.2375
0 0.01015625 0.5046875 0.0203125 0.04375
0 0.11796875 0.478125 0.0234375 0.04375
0 0.17109375 0.47265625 0.0296875 0.0515625
0 0.1734375 0.50390625 0.0359375 0.065625
0 0.13125 0.578125 0.0578125 0.096875