3 0.34400000000000003 0.3402777777777778 0.0085625 0.023148148148148147
3 0.4859114583333334 0.3410462962962963 0.009395833333333332 0.024694444444444446
3 0.54796875 0.3410462962962963 0.011984375 0.027777777777777776
3 0.5913697916666667 0.3472222222222222 0.010239583333333333 0.03086111111111111
3 0.61003125 0.3541666666666667 0.011098958333333332 0.029324074074074075
3 0.619140625 0.3672870370370371 0.013703125 0.037037037037037035
3 0.649953125 0.39814814814814814 0.019770833333333335 0.046296296296296294
3 0.6985572916666667 0.4668240740740741 0.03191145833333334 0.07252777777777777
3 0.4104010416666667 0.3395092592592593 0.0076770833333333335 0.02160185185185185
0 0.029802083333333333 0.3580277777777778 0.010369791666666666 0.024694444444444446
0 0.15522395833333333 0.35571296296296295 0.009473958333333334 0.02623148148148148
0 0.2533020833333333 0.3541666666666667 0.009447916666666667 0.02623148148148148
0 0.31753125 0.3541666666666667 0.009432291666666667 0.023148148148148147
0 0.3900052083333333 0.35571296296296295 0.010286458333333333 0.029324074074074075
0 0.40302083333333333 0.36960185185185185 0.013755208333333333 0.032407407407407406
0 0.36743750000000003 0.3896574074074074 0.015500000000000002 0.041666666666666664
0 0.3179635416666667 0.4228425925925926 0.024187499999999997 0.05555555555555555
0 0.26328125 0.47839814814814813 0.032880208333333334 0.07099074074074074
0 0.11226041666666667 0.5663611111111111 0.05040625 0.1111111111111111
1 0.7588802083333334 0.5 0.04491666666666667 0.16666666666666666
1 0.7784166666666666 0.5239166666666667 0.05316666666666667 0.19289814814814815
1 0.13005729166666666 0.5231481481481481 0.05127604166666667 0.16666666666666666
1 0.07536979166666667 0.5401203703703704 0.056359374999999996 0.2037037037037037