0 0.3151328125 0.5109583333333333 0.0472734375 0.11104166666666668
0 0.3863671875 0.4125 0.017 0.04597222222222223
0 0.39344531250000003 0.3873333333333333 0.01178125 0.035569444444444445
3 0.7808671875 0.4740833333333333 0.0340390625 0.08588888888888889
3 0.6298671875 0.3899444444444444 0.0161796875 0.042513888888888886
3 0.554484375 0.3643472222222222 0.008843750000000001 0.03123611111111111
3 0.49935156249999996 0.35220833333333335 0.007851562500000001 0.026027777777777775
3 0.8201484375 0.38516666666666666 0.013296875 0.03816666666666667
3 0.73671875 0.35913888888888884 0.0074140625000000005 0.027763888888888887
0 0.8467421875 0.35523611111111114 0.010859375000000001 0.03383333333333333
0 0.9381015625 0.38098611111111114 0.010765625 0.03027777777777778
3 0.45299218750000003 0.34626388888888887 0.00546875 0.01647222222222222
0 0.3808515625 0.36763888888888885 0.006984374999999999 0.020930555555555556
3 0.4215546875 0.34581944444444446 0.00371875 0.017374999999999998
3 0.40753125 0.34469444444444447 0.0037265625 0.016916666666666667
3 0.42493749999999997 0.3409166666666667 0.0030390625 0.012027777777777778