0 0.0109375 0.265625 0.021875 0.065625
0 0.14765625 0.1921875 0.025 0.05
0 0.3171875 0.24921875 0.0640625 0.1078125
0 0.5 0.1671875 0.04375 0.08125
0 0.25390625 0.1390625 0.0203125 0.0453125
0 0.5609375 0.13046875 0.0359375 0.065625
0 0.58203125 0.1046875 0.021875 0.0453125
0 0.60078125 0.0921875 0.025 0.04375
0 0.6390625 0.08359375 0.0203125 0.034375
3 0.8421875 0.1640625 0.028125 0.0546875
3 0.8 0.0890625 0.01875 0.0390625
3 0.80625 0.103125 0.021875 0.0546875
3 0.8375 0.121875 0.028125 0.0484375
3 0.9203125 0.284375 0.0578125 0.14375