1 0.47578125 0.2828125 0.009375 0.0234375
1 0.4828125 0.28125 0.009375 0.021875
1 0.4984375 0.28515625 0.0109375 0.0234375
1 0.50703125 0.284375 0.0125 0.0265625
0 0.50078125 0.309375 0.0109375 0.0234375
0 0.42734375 0.33828125 0.0140625 0.0265625
0 0.31171875 0.346875 0.009375 0.0171875
0 0.3265625 0.39453125 0.0203125 0.0390625
0 0.28046875 0.46875 0.0328125 0.059375
0 0.21015625 0.69296875 0.0671875 0.125
0 0.6796875 0.27109375 0.0109375 0.0203125
3 0.71328125 0.296875 0.0171875 0.03125
3 0.59375 0.32890625 0.0203125 0.0390625
3 0.5890625 0.36640625 0.0296875 0.05625
0 0.5890625 0.2859375 0.0109375 0.025
3 0.75 0.41796875 0.0453125 0.0890625
3 0.790625 0.28359375 0.0140625 0.028125
3 0.83203125 0.27578125 0.0109375 0.021875
3 0.82890625 0.2625 0.009375 0.01875
0 0.421875 0.30859375 0.0109375 0.0203125