0 0.278125 0.53984375 0.0375 0.0671875
0 0.3375 0.44296875 0.0203125 0.0359375
0 0.37421875 0.4 0.0140625 0.028125
0 0.409375 0.37734375 0.0140625 0.025
0 0.475 0.3484375 0.0125 0.0234375
3 0.63671875 0.4296875 0.0453125 0.075
3 0.534375 0.38515625 0.0234375 0.0453125
3 0.509375 0.365625 0.015625 0.028125
3 0.5203125 0.353125 0.0140625 0.025
3 0.55390625 0.33671875 0.0140625 0.0234375
3 0.6125 0.32109375 0.0125 0.025
3 0.9171875 0.31953125 0.025 0.0390625
3 0.871875 0.30546875 0.015625 0.0296875
3 0.86328125 0.2921875 0.0140625 0.0234375
3 0.8859375 0.28203125 0.0140625 0.0203125
0 0.6171875 0.30546875 0.009375 0.01875
0 0.54296875 0.32734375 0.009375 0.01875