0 0.43671875 0.50703125 0.075 0.1265625
0 0.18203125 0.35078125 0.021875 0.0453125
0 0.35703125 0.36328125 0.0203125 0.0453125
0 0.49140625 0.37734375 0.021875 0.046875
0 0.6078125 0.43671875 0.0328125 0.0734375
0 0.61953125 0.40078125 0.025 0.053125
3 0.959375 0.43671875 0.0359375 0.0640625
3 0.86484375 0.40625 0.025 0.0484375
3 0.765625 0.3875 0.0234375 0.0453125
3 0.63125 0.3703125 0.015625 0.0390625
3 0.471875 0.35078125 0.015625 0.0359375
3 0.334375 0.34140625 0.0171875 0.0375
3 0.2015625 0.334375 0.01875 0.0375
3 0.02265625 0.328125 0.021875 0.04375