0 0.133203125 0.5791666666666667 0.055125 0.12919444444444445
0 0.17679687500000002 0.4734722222222222 0.031875 0.05554166666666667
0 0.3482578125 0.4046527777777778 0.0177265625 0.04855555555555556
0 0.42305468749999997 0.3695138888888889 0.012687499999999999 0.029694444444444443
0 0.5225625 0.3481666666666667 0.0110390625 0.031194444444444445
0 0.6118671875 0.3380138888888889 0.009335937499999999 0.024458333333333332
3 0.60109375 0.3745972222222222 0.0135859375 0.043291666666666666
3 0.5859765625 0.39522222222222225 0.018109375 0.052625
3 0.6428359375 0.35936111111111113 0.013000000000000001 0.03866666666666667
3 0.7149609375 0.35183333333333333 0.010007812500000001 0.030083333333333333
0 0.7012343750000001 0.3311527777777778 0.008117187500000001 0.021500000000000002
0 0.761109375 0.33358333333333334 0.0056796875 0.018875
3 0.7911328125 0.3446666666666667 0.008265625 0.024875
3 0.8449140625 0.34579166666666666 0.006453125 0.0185
3 0.8869296875 0.34631944444444446 0.005953125 0.019583333333333335
3 0.731609375 0.5207916666666667 0.036484375 0.09706944444444444