0 0.102765625 0.8894722222222222 0.07490104166666667 0.20717592592592593
0 0.08290625 0.5260462962962963 0.020796875 0.059027777777777776
0 0.48358333333333337 0.46875 0.03438541666666666 0.08333333333333333
0 0.5200364583333333 0.37442592592592594 0.016145833333333335 0.047453703703703706
0 0.43541145833333333 0.3645833333333333 0.0135625 0.027777777777777776
0 0.3537135416666667 0.380212962962963 0.014229166666666666 0.03587962962962963
0 0.22319270833333332 0.44212962962962965 0.016208333333333335 0.037037037037037035
3 0.063703125 0.4961388888888889 0.013635416666666667 0.034722222222222224
3 0.17794791666666668 0.42998148148148146 0.012963541666666667 0.03356481481481482
3 0.25823958333333336 0.38734259259259257 0.01034375 0.02546296296296296
3 0.3358125 0.3559074074074074 0.009677083333333333 0.024305555555555556
3 0.412953125 0.33796296296296297 0.009010416666666667 0.02546296296296296
3 0.488140625 0.33101851851851855 0.01225 0.023148148148148147
3 0.5704895833333333 0.3287037037037037 0.011854166666666667 0.034722222222222224
3 0.6583697916666666 0.34375 0.013171875 0.037037037037037035
3 0.7609010416666667 0.37905555555555553 0.01775 0.04513888888888889
3 0.8653802083333333 0.4756944444444444 0.028838541666666665 0.06944444444444445