3 0.85234375 0.521875 0.065625 0.1140625
3 0.7390625 0.4515625 0.0421875 0.0765625
3 0.61953125 0.41328125 0.034375 0.059375
3 0.48828125 0.38046875 0.0296875 0.053125
3 0.3359375 0.3546875 0.0265625 0.0515625
3 0.19921875 0.33828125 0.0265625 0.0515625
0 0.11796875 0.51796875 0.0859375 0.1546875
0 0.196875 0.41640625 0.05 0.0921875
0 0.05234375 0.3671875 0.0359375 0.075
1 0.9375 0.3875 0.0234375 0.0578125
3 0.99140625 0.40625 0.0171875 0.0375
3 0.7828125 0.3390625 0.0109375 0.0265625
3 0.803125 0.3546875 0.0125 0.028125
3 0.81796875 0.35 0.0109375 0.0265625