0 0.13359375 0.49296875 0.0875 0.153125
0 0.290625 0.409375 0.05625 0.09375
0 0.38984375 0.3734375 0.0390625 0.06875
0 0.44921875 0.35390625 0.021875 0.04375
0 0.44140625 0.33359375 0.0234375 0.040625
3 0.915625 0.6953125 0.1203125 0.190625
3 0.77734375 0.48125 0.053125 0.0828125
3 0.72578125 0.41796875 0.034375 0.059375
3 0.709375 0.39375 0.028125 0.046875
3 0.68515625 0.3765625 0.0234375 0.0390625
3 0.63203125 0.3578125 0.0234375 0.0390625
3 0.5609375 0.3375 0.0203125 0.034375
3 0.475 0.31953125 0.01875 0.0328125
1 0.88515625 0.37734375 0.0171875 0.034375
3 0.4015625 0.30390625 0.015625 0.03125
3 0.26796875 0.27890625 0.0125 0.0265625
3 0.15625 0.25390625 0.0125 0.025
3 0.06875 0.23515625 0.0125 0.025
0 0.36484375 0.31015625 0.0171875 0.034375
0 0.29296875 0.296875 0.015625 0.034375
0 0.18671875 0.2703125 0.01875 0.034375
0 0.0546875 0.24140625 0.0171875 0.034375