3 0.50859375 0.31171875 0.0125 0.0265625
3 0.58046875 0.321875 0.015625 0.0296875
0 0.43828125 0.35859375 0.0171875 0.0359375
0 0.3671875 0.35703125 0.015625 0.0328125
3 0.403125 0.325 0.009375 0.0234375
0 0.27109375 0.39296875 0.0171875 0.034375
0 0.35 0.4421875 0.034375 0.0671875
0 0.0890625 0.79296875 0.0671875 0.13125
0 0.14140625 0.47265625 0.0203125 0.04375
3 0.09140625 0.46796875 0.0140625 0.028125
3 0.1625 0.4203125 0.009375 0.0234375
3 0.2109375 0.38828125 0.0109375 0.021875
3 0.25703125 0.365625 0.0109375 0.021875
3 0.3265625 0.3421875 0.009375 0.021875
3 0.65546875 0.3484375 0.0265625 0.0453125
3 0.78984375 0.4328125 0.0390625 0.075