0 0.29375 0.4390625 0.05625 0.109375
0 0.4234375 0.38515625 0.0359375 0.0640625
0 0.4859375 0.35 0.0234375 0.0421875
0 0.45546875 0.31328125 0.0125 0.0234375
3 0.815625 0.58203125 0.0734375 0.1296875
3 0.72734375 0.446875 0.0375 0.0671875
3 0.68984375 0.38671875 0.0234375 0.040625
3 0.64453125 0.35625 0.01875 0.034375
3 0.5984375 0.33671875 0.015625 0.0265625
3 0.8171875 0.396875 0.0171875 0.0296875
3 0.8765625 0.43203125 0.0140625 0.028125
3 0.95546875 0.4765625 0.0234375 0.040625
0 0.98671875 0.45859375 0.015625 0.028125
0 0.9296875 0.4296875 0.0109375 0.021875
3 0.78984375 0.3765625 0.0109375 0.0203125
3 0.78515625 0.36796875 0.009375 0.0203125
0 0.90859375 0.4109375 0.009375 0.0171875
3 0.50859375 0.3078125 0.0125 0.0203125
3 0.54453125 0.31875 0.0109375 0.0203125