3 0.85546875 0.565625 0.08125 0.1546875
3 0.54609375 0.43125 0.040625 0.075
3 0.41875 0.39140625 0.0265625 0.05
3 0.3359375 0.3875 0.0171875 0.0375
3 0.2578125 0.39765625 0.0140625 0.034375
3 0.85078125 0.365625 0.0265625 0.0453125
3 0.74375 0.34765625 0.01875 0.034375
3 0.6609375 0.340625 0.015625 0.0328125
3 0.603125 0.334375 0.0125 0.025
3 0.5640625 0.33203125 0.0109375 0.0265625
1 0.76484375 0.3390625 0.025 0.0625
1 0.7234375 0.33671875 0.01875 0.05
1 0.81484375 0.32734375 0.015625 0.046875
1 0.84765625 0.32890625 0.0171875 0.046875
0 0.82890625 0.3375 0.0140625 0.03125
0 0.93046875 0.3515625 0.015625 0.0359375
0 0.69453125 0.32265625 0.009375 0.0234375
0 0.75625 0.3234375 0.0125 0.03125
0 0.64296875 0.31875 0.009375 0.021875
0 0.61171875 0.315625 0.0078125 0.0203125
0 0.178125 0.5375 0.04375 0.0859375
0 0.1796875 0.46171875 0.0296875 0.05625
0 0.13203125 0.45390625 0.021875 0.04375
0 0.08203125 0.45625 0.015625 0.0375
3 0.1796875 0.409375 0.0109375 0.0265625
3 0.10625 0.428125 0.0109375 0.028125
3 0.1765625 0.3921875 0.009375 0.0203125
3 0.38828125 0.34453125 0.009375 0.021875
3 0.48828125 0.3296875 0.009375 0.01875
0 0.07578125 0.746875 0.090625 0.18125
0 0.01484375 0.4703125 0.01875 0.0328125