0 0.162359375 0.5784722222222223 0.04134375 0.12638888888888888
0 0.424828125 0.4270833333333333 0.01784375 0.06805555555555555
0 0.558015625 0.38263888888888886 0.01390625 0.05138888888888889
0 0.70253125 0.3576388888888889 0.01075 0.043055555555555555
0 0.822828125 0.35833333333333334 0.013843749999999998 0.041666666666666664
3 0.8728203125 0.63125 0.054453125000000005 0.1625
3 0.8161875000000001 0.50625 0.033375 0.10972222222222222
3 0.839234375 0.44305555555555554 0.0216484375 0.07777777777777778
3 0.9419531250000001 0.4166666666666667 0.01928125 0.06666666666666667
0 0.94115625 0.375 0.015359375 0.058638888888888886
0 0.15044531249999998 0.402 0.0138125 0.041666666666666664
0 0.2884453125 0.3657361111111111 0.013765625 0.04629166666666666
3 0.21725 0.3611111111111111 0.008875 0.02976388888888889
3 0.1109609375 0.3918611111111111 0.0116953125 0.035708333333333335