0 0.20234375 0.63671875 0.103125 0.1875
0 0.6125 0.48671875 0.0609375 0.109375
0 0.71171875 0.3859375 0.01875 0.0375
0 0.77421875 0.44296875 0.0390625 0.075
0 0.8109375 0.4015625 0.01875 0.040625
3 0.79765625 0.38359375 0.015625 0.034375
3 0.690625 0.37265625 0.015625 0.0328125
3 0.603125 0.36484375 0.0078125 0.025
0 0.596875 0.37578125 0.0109375 0.0265625
0 0.496875 0.36953125 0.0125 0.03125
3 0.49765625 0.34765625 0.00625 0.009375
3 0.3828125 0.35 0.0109375 0.0265625
0 0.37265625 0.3609375 0.015625 0.0328125
3 0.93359375 0.4015625 0.0125 0.028125
0 0.88984375 0.434375 0.0265625 0.059375
0 0.91171875 0.41875 0.021875 0.0453125
3 0.028125 0.33671875 0.01875 0.0375
3 0.16171875 0.340625 0.0140625 0.0328125
3 0.27734375 0.34765625 0.0140625 0.025
0 0.253125 0.3578125 0.01875 0.0375
0 0.09375 0.3546875 0.01875 0.0390625