0 0.3178125 0.5333333333333333 0.0537890625 0.11388888888888889
0 0.46834375 0.39644444444444443 0.021875 0.05379166666666666
0 0.5388515625 0.36477777777777776 0.0145390625 0.03730555555555556
0 0.6035 0.34873611111111114 0.011109375000000001 0.0295
0 0.678796875 0.3401111111111111 0.009453125 0.022236111111111113
0 0.7148125000000001 0.33743055555555557 0.0068984375 0.020180555555555556
0 0.7461875 0.33393055555555556 0.005734375 0.01647222222222222
3 0.8824921874999999 0.5330138888888889 0.049046875000000004 0.12311111111111112
3 0.7302109375 0.40413888888888894 0.0219609375 0.05063888888888889
3 0.7182890625 0.37345833333333334 0.014781250000000001 0.03623611111111111
3 0.7422578125 0.3582222222222222 0.0126953125 0.030472222222222223
3 0.7828984375 0.35184722222222226 0.009671875 0.025944444444444444
3 0.811859375 0.3479305555555555 0.009218750000000001 0.024708333333333332
3 0.958 0.3660416666666667 0.00828125 0.021416666666666667
3 0.9497734375 0.35925 0.008054687500000001 0.017708333333333333
3 0.8373437499999999 0.3448472222222222 0.004140625 0.013583333333333333