3 0.86953125 0.61875 0.0609375 0.1234375
3 0.7390625 0.44921875 0.0265625 0.0546875
3 0.734375 0.4140625 0.0171875 0.034375
3 0.7609375 0.40546875 0.015625 0.028125
3 0.80234375 0.40703125 0.0125 0.028125
0 0.29765625 0.48515625 0.05625 0.10625
0 0.47734375 0.3859375 0.0234375 0.046875
0 0.55546875 0.36640625 0.01875 0.0359375
0 0.625 0.36796875 0.0125 0.0265625
0 0.7015625 0.37421875 0.0140625 0.028125
3 0.83359375 0.40859375 0.015625 0.0296875
3 0.975 0.45625 0.0140625 0.0296875
3 0.9671875 0.45 0.0125 0.028125
0 0.7375 0.38046875 0.0109375 0.025