0 0.08208854166666667 0.5958981481481482 0.07584895833333333 0.1574074074074074
0 0.28147395833333333 0.5171944444444445 0.04604166666666667 0.10582407407407408
0 0.44328645833333336 0.4623055555555556 0.022942708333333332 0.07275
0 0.5418593749999999 0.4199722222222222 0.013250000000000001 0.04100925925925926
0 0.5596510416666667 0.39405555555555555 0.0113125 0.03983333333333334
0 0.5824166666666667 0.3819722222222222 0.009838541666666667 0.031342592592592596
1 0.4915260416666667 0.41788888888888887 0.024182291666666668 0.08749074074074073
1 0.5076875 0.4169074074074074 0.016833333333333332 0.08031481481481481
3 0.8553125 0.4645740740740741 0.028203125 0.07639814814814816
3 0.7935677083333333 0.4207407407407407 0.016479166666666666 0.047481481481481486
3 0.780578125 0.38915740740740745 0.010223958333333333 0.03787037037037037
1 0.8092239583333334 0.42441666666666666 0.024177083333333335 0.09141666666666667
0 0.057578125 0.4243796296296296 0.015572916666666665 0.05555555555555555
0 0.12223958333333333 0.4050925925925926 0.0146875 0.04475
3 0.7643020833333334 0.37139814814814814 0.009671875 0.03086111111111111
3 0.760828125 0.3672870370370371 0.009671875 0.028805555555555556
3 0.7475208333333333 0.3595648148148148 0.0073593750000000005 0.025722222222222223
3 0.7119375 0.3549351851851852 0.007947916666666667 0.024694444444444446
3 0.6607291666666666 0.35185185185185186 0.007380208333333333 0.024694444444444446
3 0.59765625 0.35185185185185186 0.007395833333333333 0.020574074074074074
3 0.5461562499999999 0.35185185185185186 0.005093749999999999 0.018518518518518517
3 0.4532864583333333 0.35185185185185186 0.006848958333333334 0.024694444444444446
3 0.3740104166666667 0.35030555555555554 0.009182291666666667 0.025722222222222223
0 0.6005468749999999 0.3719166666666667 0.007395833333333333 0.027777777777777776
0 0.588109375 0.3631666666666667 0.006817708333333334 0.018518518518518517
0 0.5328489583333333 0.35853703703703704 0.008567708333333333 0.023666666666666666
0 0.48453124999999997 0.3580277777777778 0.00684375 0.020574074074074074