1 0.86796875 0.41953125 0.0171875 0.0359375
1 0.846875 0.4203125 0.0140625 0.0359375
1 0.82578125 0.40859375 0.015625 0.0203125
3 0.85546875 0.42734375 0.0109375 0.025
3 0.80078125 0.4203125 0.015625 0.0296875
3 0.73671875 0.409375 0.0140625 0.03125
3 0.6828125 0.40546875 0.015625 0.0296875
3 0.59765625 0.3984375 0.0171875 0.0328125
3 0.55546875 0.45078125 0.040625 0.0703125
3 0.75234375 0.54296875 0.059375 0.1078125
3 0.96640625 0.4484375 0.009375 0.0171875
3 0.90703125 0.4375 0.0109375 0.021875
3 0.4859375 0.3921875 0.01875 0.040625
3 0.47265625 0.40625 0.028125 0.05
0 0.50390625 0.36953125 0.0140625 0.0203125
0 0.18046875 0.509375 0.0546875 0.103125
0 0.16328125 0.4484375 0.04375 0.08125
0 0.1421875 0.41015625 0.0359375 0.0625
0 0.1875 0.38203125 0.0234375 0.0421875
0 0.24453125 0.3671875 0.0203125 0.0359375
0 0.3 0.36171875 0.0171875 0.0328125
0 0.35703125 0.35859375 0.015625 0.028125
0 0.434375 0.3625 0.0140625 0.021875