0 0.423140625 0.4360833333333334 0.037046875 0.08254166666666667
0 0.524625 0.3759166666666667 0.0169140625 0.04552777777777778
0 0.583359375 0.3559861111111111 0.0110703125 0.037736111111111116
0 0.6440390625 0.34520833333333334 0.0074296875 0.024194444444444446
3 0.74025 0.35770833333333335 0.00990625 0.023166666666666665
3 0.733390625 0.38347222222222227 0.014609374999999999 0.03781944444444445
3 0.7661953125000001 0.35418055555555555 0.0086328125 0.028958333333333336
3 0.8079921875 0.35181944444444446 0.0091796875 0.022291666666666668
3 0.8046171875000001 0.45616666666666666 0.035414062499999996 0.07888888888888888
3 0.8398828125 0.350375 0.005796875 0.01913888888888889
3 0.8680468749999999 0.3442361111111111 0.00453125 0.014875000000000001
3 0.8723984375 0.3385694444444445 0.0047578125 0.015291666666666667
0 0.75146875 0.3384305555555555 0.0053359375 0.016902777777777777
0 0.715921875 0.3398611111111111 0.006640625 0.013958333333333335
3 0.979515625 0.3676111111111111 0.005921875 0.015180555555555555
3 0.9770468749999999 0.35974999999999996 0.0045 0.013402777777777779