3 0.78671875 0.3578125 0.05625 0.140625
3 0.6234375 0.20234375 0.0328125 0.06875
3 0.578125 0.15859375 0.021875 0.0453125
3 0.5578125 0.13828125 0.0171875 0.0359375
3 0.5375 0.12890625 0.0171875 0.0296875
3 0.52421875 0.1171875 0.0140625 0.0234375
3 0.00703125 0.22265625 0.0140625 0.0265625
3 0.06171875 0.19453125 0.0125 0.021875
3 0.11875 0.16796875 0.0109375 0.0203125
0 0.03984375 0.23046875 0.01875 0.0390625
0 0.08125 0.20390625 0.015625 0.03125
0 0.1125 0.18203125 0.0140625 0.028125
0 0.15 0.1640625 0.0109375 0.021875
0 0.171875 0.284375 0.04375 0.084375
0 0.25390625 0.2171875 0.0296875 0.0546875
0 0.31015625 0.16796875 0.0203125 0.040625
0 0.3640625 0.13984375 0.0140625 0.034375
0 0.38359375 0.12578125 0.0109375 0.021875
0 0.415625 0.1140625 0.0109375 0.021875
0 0.19140625 0.14921875 0.0109375 0.021875
0 0.39140625 0.10703125 0.009375 0.0171875
3 0.16875 0.14921875 0.0109375 0.0203125