1 0.44775 0.3416944444444444 0.015458333333333333 0.05214814814814815
1 0.4545885416666666 0.34019444444444447 0.013526041666666665 0.048888888888888885
1 0.2686041666666667 0.3449074074074074 0.0168125 0.05316666666666667
1 0.28041666666666665 0.3439259259259259 0.013119791666666667 0.04778703703703704
0 0.27659374999999997 0.35762962962962963 0.00725 0.02336111111111111
0 0.22563020833333333 0.3684907407407408 0.013479166666666665 0.031342592592592596
0 0.13303645833333333 0.3805925925925926 0.020338541666666664 0.04919444444444444
0 0.05811979166666667 0.39281481481481484 0.02272916666666667 0.05461111111111111
0 0.028203125 0.3550740740740741 0.011854166666666667 0.02662962962962963
0 0.021984375 0.34720370370370374 0.010958333333333332 0.025574074074074075
0 0.31682812499999996 0.34821296296296295 0.012072916666666666 0.026055555555555557
0 0.33886458333333336 0.3362777777777778 0.008520833333333333 0.03153703703703704
0 0.36583333333333334 0.3273425925925926 0.008692708333333334 0.0185
0 0.38978125 0.32025 0.006822916666666666 0.016231481481481482
0 0.3862864583333333 0.3149444444444444 0.0053593749999999996 0.01686111111111111
3 0.3655572916666667 0.30669444444444444 0.007348958333333333 0.01721296296296296
3 0.4079375 0.3051759259259259 0.006395833333333333 0.01839814814814815
3 0.45532812500000003 0.30672222222222223 0.006536458333333333 0.015981481481481482
3 0.490125 0.3051388888888889 0.010203125 0.01762962962962963
3 0.491703125 0.32792592592592595 0.011916666666666666 0.024685185185185185
3 0.5118177083333334 0.3135277777777778 0.009489583333333333 0.024370370370370372
3 0.50153125 0.3176388888888889 0.009057291666666667 0.02211111111111111
3 0.4705729166666667 0.34474074074074074 0.012833333333333334 0.03449074074074074
3 0.4396979166666667 0.35748148148148146 0.013802083333333333 0.0380462962962963
3 0.40865104166666666 0.37957407407407406 0.02335416666666667 0.04936111111111111
3 0.32369270833333336 0.4189537037037037 0.03947395833333334 0.07843518518518518
3 0.39380208333333333 0.48483333333333334 0.055239583333333335 0.10236111111111111
3 0.698234375 0.5548148148148149 0.07636458333333333 0.16173148148148148