0 0.2640625 0.5859375 0.05 0.1046875
0 0.065625 0.5546875 0.0234375 0.05625
0 0.23046875 0.4390625 0.021875 0.053125
0 0.3484375 0.390625 0.01875 0.0453125
0 0.42890625 0.4015625 0.0265625 0.0546875
3 0.971875 0.59765625 0.05625 0.1203125
3 0.72578125 0.39296875 0.0328125 0.065625
3 0.61640625 0.34609375 0.0203125 0.040625
3 0.5265625 0.32421875 0.0140625 0.0328125
3 0.40390625 0.3390625 0.0140625 0.0296875
3 0.321875 0.35625 0.0109375 0.0265625
3 0.24296875 0.38671875 0.0109375 0.0265625
3 0.1890625 0.41796875 0.0109375 0.028125
3 0.13203125 0.45546875 0.0125 0.0296875
3 0.05 0.51640625 0.0140625 0.0375