0 0.12109375 0.278125 0.015625 0.01875
0 0.2390625 0.30234375 0.0234375 0.0375
3 0.22265625 0.2796875 0.0171875 0.028125
3 0.32890625 0.30703125 0.015625 0.028125
0 0.3828125 0.334375 0.021875 0.034375
3 0.43203125 0.33125 0.015625 0.0265625
3 0.5265625 0.3546875 0.0203125 0.0296875
3 0.61640625 0.37734375 0.015625 0.0265625
0 0.60546875 0.38515625 0.01875 0.0328125
0 0.5078125 0.36015625 0.021875 0.0375
0 0.71953125 0.4125 0.01875 0.03125
3 0.72421875 0.39296875 0.0078125 0.009375
3 0.828125 0.43203125 0.0125 0.0265625
0 0.8203125 0.43671875 0.015625 0.0328125
0 0.93828125 0.475 0.0234375 0.0359375
0 0.97578125 0.534375 0.046875 0.075
3 0.92109375 0.45859375 0.01875 0.0328125
0 0.80234375 0.528125 0.0625 0.096875
3 0.096875 0.2546875 0.0140625 0.01875
0 0.50390625 0.51328125 0.059375 0.0890625