3 0.73359375 0.3015625 0.0609375 0.1234375
3 0.62890625 0.203125 0.0375 0.0734375
3 0.5890625 0.16015625 0.03125 0.05625
3 0.56015625 0.13671875 0.0265625 0.040625
0 0.14609375 0.30390625 0.0484375 0.09375
0 0.26328125 0.20078125 0.025 0.053125
0 0.340625 0.15078125 0.01875 0.0421875
0 0.3703125 0.13046875 0.0140625 0.0265625
0 0.41015625 0.11171875 0.0125 0.0234375
0 0.38515625 0.1078125 0.0109375 0.021875
0 0.34609375 0.1125 0.009375 0.0203125
0 0.0109375 0.23671875 0.0140625 0.028125
0 0.05859375 0.20234375 0.0109375 0.0265625
0 0.10625 0.1765625 0.0109375 0.0234375
0 0.15859375 0.1546875 0.0109375 0.0203125
0 0.30390625 0.1125 0.009375 0.0203125
3 0.0078125 0.209375 0.009375 0.0234375
3 0.0765625 0.17890625 0.0125 0.021875
3 0.53828125 0.121875 0.015625 0.03125
3 0.53125 0.10859375 0.0125 0.021875
3 0.525 0.0984375 0.0109375 0.0203125
3 0.1359375 0.15390625 0.0109375 0.0203125
3 0.1984375 0.1328125 0.0109375 0.0265625
0 0.24609375 0.12890625 0.0109375 0.025