0 0.09296875 0.609375 0.0703125 0.1546875
0 0.4171875 0.41875 0.0234375 0.059375
0 0.4875 0.39140625 0.01875 0.0421875
0 0.5265625 0.36796875 0.0125 0.0328125
0 0.52265625 0.35 0.009375 0.0234375
3 0.81875 0.61328125 0.0625 0.146875
3 0.7453125 0.4578125 0.03125 0.075
3 0.709375 0.40546875 0.0203125 0.0453125
3 0.6875 0.3734375 0.0125 0.0296875
3 0.65546875 0.35703125 0.0109375 0.0203125
3 0.85 0.3859375 0.0109375 0.0265625
3 0.9109375 0.41015625 0.0140625 0.0328125
3 0.803125 0.37109375 0.009375 0.01875
3 0.61953125 0.3453125 0.0078125 0.01875
3 0.57109375 0.33828125 0.00625 0.015625
3 0.54140625 0.33515625 0.0078125 0.0171875
0 0.49921875 0.3453125 0.0078125 0.01875
0 0.953125 0.396875 0.009375 0.025
0 0.90703125 0.38046875 0.0078125 0.0171875
0 0.890625 0.375 0.0078125 0.01875
3 0.78125 0.35859375 0.00625 0.01875