0 0.82265625 0.2609375 0.0140625 0.0234375
0 0.84765625 0.26875 0.0171875 0.0265625
0 0.18515625 0.46171875 0.0140625 0.025
0 0.19453125 0.46953125 0.0171875 0.0296875
0 0.23828125 0.4578125 0.021875 0.0359375
0 0.2796875 0.45 0.0234375 0.040625
0 0.31640625 0.46328125 0.034375 0.0546875
0 0.31796875 0.56171875 0.0609375 0.1015625
3 0.709375 0.27578125 0.0140625 0.025
3 0.69140625 0.28984375 0.015625 0.0265625
3 0.7171875 0.3 0.01875 0.0296875
3 0.7890625 0.303125 0.025 0.0453125
3 0.41171875 0.3609375 0.0125 0.0234375
3 0.35 0.3953125 0.0140625 0.0265625
3 0.396875 0.384375 0.0171875 0.0328125
3 0.4765625 0.36796875 0.0234375 0.040625
3 0.56796875 0.3703125 0.025 0.046875
3 0.7109375 0.39375 0.04375 0.075