0 0.03669270833333334 0.91725 0.07033333333333333 0.16550925925925927
3 0.9187552083333334 0.5821759259259259 0.041453125 0.11574074074074074
3 0.6659166666666666 0.46055555555555555 0.03895833333333333 0.07592592592592592
3 0.500515625 0.40475925925925926 0.01914583333333333 0.050305555555555555
3 0.3628958333333333 0.3983611111111111 0.018442708333333332 0.03384259259259259
3 0.23504687500000002 0.4239722222222222 0.015895833333333335 0.03384259259259259
3 0.164328125 0.44277777777777777 0.011536458333333333 0.029712962962962965
3 0.15902604166666665 0.43021296296296296 0.008708333333333334 0.029712962962962965
3 0.22521875 0.3965 0.007989583333333333 0.025138888888888888
3 0.27502604166666667 0.3719351851851852 0.008619791666666666 0.022851851851851852
0 0.121265625 0.5976111111111111 0.030828124999999998 0.08455555555555555
0 0.08190104166666666 0.5379074074074075 0.015119791666666667 0.05312962962962963
0 0.03000520833333333 0.5301944444444444 0.010286458333333333 0.037703703703703705
0 0.018114583333333333 0.5147685185185186 0.008354166666666666 0.031990740740740736
0 0.05603645833333334 0.4787777777777778 0.007078125 0.02627777777777778
1 0.08061458333333334 0.44363888888888886 0.004807291666666667 0.026851851851851852
1 0.08576041666666666 0.4393518518518518 0.004833333333333333 0.027425925925925927
1 0.06310416666666667 0.44849074074074075 0.005796875000000001 0.027425925925925927
1 0.05667708333333333 0.4487777777777778 0.0070625 0.025712962962962962
0 0.09346875 0.4502037037037037 0.006119791666666667 0.022851851851851852