0 0.05228125 0.5694444444444444 0.06396093750000001 0.08872222222222223
0 0.22548437500000001 0.5970972222222223 0.0489375 0.15197222222222223
0 0.514578125 0.42247222222222225 0.033437499999999995 0.06493055555555556
0 0.6731328125 0.36308333333333337 0.0245859375 0.05190277777777778
0 0.7588984375 0.33558333333333334 0.01378125 0.036708333333333336
0 0.8260937500000001 0.32425000000000004 0.0097734375 0.025069444444444446
0 0.8955703125 0.3244444444444444 0.0117265625 0.022194444444444444
3 0.9580234375 0.35258333333333336 0.014078125 0.036041666666666666
3 0.9395 0.3671666666666667 0.009796875 0.030944444444444445
3 0.9374062500000001 0.4078333333333333 0.0205703125 0.05594444444444445
3 0.9977109375 0.3475138888888889 0.004578125000000001 0.024805555555555556
3 0.9855937499999999 0.5351111111111111 0.0288125 0.12727777777777777