0 0.3234375 0.44609375 0.0640625 0.1140625
0 0.6234375 0.39140625 0.0328125 0.0609375
0 0.17109375 0.2296875 0.028125 0.05
0 0.28359375 0.2140625 0.01875 0.034375
0 0.33203125 0.2109375 0.0125 0.0265625
3 0.1203125 0.17890625 0.0140625 0.0265625
3 0.940625 0.42265625 0.025 0.0359375
3 0.828125 0.3640625 0.0171875 0.0296875
3 0.746875 0.32734375 0.015625 0.0265625
0 0.7203125 0.38359375 0.021875 0.046875
0 0.71640625 0.35703125 0.01875 0.0375
0 0.66328125 0.31796875 0.015625 0.0296875
0 0.63359375 0.2953125 0.0109375 0.025
1 0.61875 0.27578125 0.015625 0.028125
0 0.36953125 0.2078125 0.0109375 0.0203125
0 0.38984375 0.21015625 0.009375 0.0171875