0 0.34053125 0.37654166666666666 0.0085625 0.021611111111111112
0 0.3470390625 0.3912083333333334 0.01140625 0.026236111111111113
0 0.3370625 0.41820833333333335 0.0192109375 0.04629166666666666
0 0.26284375 0.5069444444444444 0.035484375 0.084875
3 0.459875 0.3611111111111111 0.007664062500000001 0.024694444444444446
3 0.505875 0.3719166666666666 0.009390625 0.03086111111111111
3 0.573140625 0.3958333333333333 0.013710937500000001 0.03858333333333334
3 0.704640625 0.4745416666666667 0.0357890625 0.084875
0 0.8721484374999999 0.36727777777777776 0.0097890625 0.027777777777777776
3 0.612203125 0.3449027777777778 0.008859375 0.02315277777777778
3 0.681203125 0.35262499999999997 0.00975 0.026236111111111113
3 0.7723359375000001 0.36883333333333335 0.0115 0.033944444444444444
3 0.8769296875 0.3989166666666667 0.0176015625 0.041666666666666664