0 0.07316666666666666 0.5376944444444445 0.05651041666666667 0.11508333333333334
3 0.8796145833333333 0.5343888888888889 0.066734375 0.12434259259259259
3 0.71296875 0.4596574074074074 0.0385 0.08333333333333333
3 0.5734791666666667 0.43121296296296296 0.024401041666666668 0.0661388888888889
3 0.4298958333333333 0.4199722222222222 0.025921875 0.059527777777777784
3 0.26213020833333334 0.4179907407407408 0.022239583333333333 0.05555555555555555
3 0.11092708333333333 0.43062962962962964 0.019661458333333333 0.048796296296296296
1 0.8777916666666666 0.3425925925925926 0.015380208333333334 0.04937962962962963
3 0.9298697916666666 0.3587962962962963 0.01015625 0.029324074074074075
3 0.946796875 0.3587962962962963 0.011020833333333334 0.032407407407407406
3 0.96371875 0.3595648148148148 0.010151041666666666 0.03395370370370371
3 0.9732708333333334 0.35108333333333336 0.008947916666666667 0.032407407407407406
3 0.7193906250000001 0.3256203703703704 0.009338541666666667 0.027777777777777776
3 0.7415260416666667 0.3333333333333333 0.00846875 0.02160185185185185
3 0.7545468750000001 0.3263888888888889 0.005427083333333333 0.020064814814814817