0 0.384375 0.54375 0.0609375 0.1265625
0 0.08828125 0.7 0.1296875 0.203125
3 0.121875 0.4234375 0.0203125 0.040625
0 0.2203125 0.4328125 0.0234375 0.0515625
3 0.2828125 0.409375 0.0140625 0.0390625
3 0.3171875 0.38203125 0.009375 0.0234375
3 0.30390625 0.36640625 0.00625 0.0203125
3 0.35234375 0.384375 0.0109375 0.028125
3 0.36015625 0.4 0.0125 0.03125
3 0.37734375 0.38984375 0.0140625 0.0265625
3 0.38203125 0.3578125 0.0078125 0.0234375
3 0.48984375 0.35234375 0.009375 0.01875
3 0.4375 0.3546875 0.00625 0.01875
3 0.5453125 0.3484375 0.00625 0.0203125
3 0.590625 0.34921875 0.00625 0.015625
3 0.63828125 0.34765625 0.0078125 0.0171875
3 0.70234375 0.34765625 0.0078125 0.01875
3 0.7625 0.34609375 0.00625 0.0171875
3 0.84453125 0.3453125 0.0109375 0.0234375
1 0.875 0.3984375 0.0203125 0.0890625
1 0.8921875 0.396875 0.01875 0.075
0 0.8859375 0.41328125 0.0125 0.05
3 0.9515625 0.34453125 0.0109375 0.025
3 0.29296875 0.37734375 0.009375 0.021875
0 0.6015625 0.47578125 0.0421875 0.1015625
0 0.70546875 0.4484375 0.034375 0.1015625
0 0.5578125 0.3796875 0.009375 0.0328125
0 0.56328125 0.3921875 0.0125 0.034375
0 0.525 0.403125 0.0171875 0.034375
0 0.5296875 0.353125 0.0109375 0.0171875
0 0.6015625 0.35234375 0.00625 0.01875
0 0.51953125 0.378125 0.0109375 0.028125
0 0.475 0.35703125 0.0078125 0.0234375
0 0.48203125 0.37265625 0.0109375 0.0234375
0 0.4546875 0.36484375 0.0078125 0.021875
0 0.4328125 0.4125 0.0171875 0.0421875
0 0.43515625 0.3625 0.0078125 0.0234375
0 0.42734375 0.36015625 0.0078125 0.0203125
0 0.71796875 0.35 0.0078125 0.021875
0 0.80546875 0.35234375 0.0078125 0.0203125
0 0.82578125 0.425 0.025 0.059375
0 0.93125 0.40234375 0.01875 0.0453125
0 0.93359375 0.35078125 0.009375 0.021875
0 0.8796875 0.35 0.0078125 0.01875
0 0.95390625 0.38515625 0.0140625 0.0375
0 0.984375 0.3703125 0.0140625 0.03125
0 0.6453125 0.3515625 0.0078125 0.021875