0 0.17578125 0.471875 0.0828125 0.1359375
0 0.3515625 0.371875 0.04375 0.06875
0 0.40703125 0.3203125 0.0328125 0.053125
0 0.37578125 0.284375 0.0234375 0.0375
0 0.25625 0.24296875 0.021875 0.034375
0 0.1140625 0.20625 0.0265625 0.0421875
3 0.2078125 0.2125 0.0171875 0.0328125
3 0.903125 0.7046875 0.1109375 0.1671875
3 0.72734375 0.45078125 0.0375 0.0609375
3 0.678125 0.3828125 0.025 0.0453125
3 0.57890625 0.32890625 0.021875 0.034375
3 0.46484375 0.2828125 0.0171875 0.028125
3 0.35 0.25078125 0.0171875 0.028125