0 0.24296875 0.64921875 0.0859375 0.1859375
0 0.140625 0.4265625 0.0296875 0.0640625
0 0.62578125 0.5140625 0.05 0.1140625
0 0.36484375 0.39609375 0.0234375 0.0484375
0 0.465625 0.384375 0.021875 0.046875
0 0.57421875 0.37421875 0.0140625 0.0453125
0 0.6171875 0.37109375 0.0109375 0.0328125
0 0.62109375 0.36484375 0.009375 0.0328125
0 0.6140625 0.3546875 0.0078125 0.0265625
0 0.60390625 0.346875 0.0109375 0.028125
0 0.72734375 0.33828125 0.009375 0.0296875
0 0.83125 0.3453125 0.009375 0.025
0 0.93046875 0.4453125 0.0296875 0.08125
0 0.95390625 0.34921875 0.0109375 0.0296875
3 0.93046875 0.33828125 0.009375 0.025
3 0.84609375 0.334375 0.009375 0.0234375
3 0.771875 0.33203125 0.0078125 0.0203125
3 0.6875 0.3328125 0.009375 0.021875
3 0.4078125 0.3671875 0.0140625 0.034375
3 0.453125 0.359375 0.0109375 0.03125
3 0.478125 0.34765625 0.009375 0.0265625
3 0.50625 0.340625 0.009375 0.0234375
3 0.54453125 0.3390625 0.0078125 0.021875
3 0.6078125 0.33359375 0.0078125 0.025
3 0.2578125 0.37578125 0.0171875 0.04375
3 0.45 0.35390625 0.0109375 0.0328125
0 0.64765625 0.3421875 0.009375 0.0234375