0 0.04255208333333334 0.7517407407407407 0.0573125 0.11921296296296297
0 0.01346875 0.6244259259259259 0.0269375 0.06597222222222222
3 0.06728645833333333 0.4982685185185185 0.012984375 0.03587962962962963
3 0.195203125 0.40625 0.009703125 0.02546296296296296
3 0.898578125 0.6371574074074075 0.05057291666666666 0.11226851851851852
3 0.7361614583333334 0.41550925925925924 0.023916666666666666 0.05324074074074074
3 0.7107708333333334 0.36169444444444443 0.016109375 0.03356481481481482
0 0.204484375 0.4482037037037037 0.015848958333333333 0.04192592592592593
0 0.32036458333333334 0.36687962962962967 0.012572916666666666 0.031083333333333334
0 0.3943645833333333 0.41567592592592595 0.021505208333333335 0.0535
0 0.4868645833333333 0.35712037037037037 0.014572916666666666 0.033249999999999995
0 0.5446041666666667 0.32639814814814816 0.008869791666666666 0.02675
0 0.58546875 0.3133796296296296 0.008453125 0.023851851851851853
3 0.7226927083333333 0.33362037037037034 0.012901041666666667 0.025305555555555553
3 0.7350937500000001 0.32025 0.007838541666666667 0.021685185185185186
3 0.278078125 0.3614537037037037 0.010145833333333333 0.02312962962962963
3 0.30836979166666667 0.3426574074074074 0.004854166666666667 0.014453703703703703
0 0.37200520833333334 0.34121296296296294 0.006869791666666666 0.01735185185185185