0 0.06015625 0.50625 0.0421875 0.075
0 0.12890625 0.4640625 0.028125 0.0546875
0 0.13046875 0.4359375 0.0203125 0.04375
0 0.11015625 0.4265625 0.0171875 0.0421875
0 0.0578125 0.4234375 0.015625 0.034375
3 0.040625 0.41875 0.0140625 0.034375
3 0.1125 0.41015625 0.0125 0.0375
3 0.190625 0.39765625 0.0171875 0.0375
3 0.271875 0.38984375 0.015625 0.0359375
3 0.33046875 0.3890625 0.01875 0.0390625
3 0.36953125 0.39296875 0.0203125 0.0421875
3 0.42109375 0.4046875 0.0234375 0.05
3 0.4734375 0.42578125 0.025 0.065625
3 0.52421875 0.459375 0.0390625 0.084375
3 0.63671875 0.52734375 0.059375 0.125
3 0.92734375 0.73046875 0.1140625 0.275