3 0.871875 0.5859375 0.1203125 0.29375
3 0.690625 0.29140625 0.05 0.09375
3 0.63515625 0.19453125 0.0265625 0.05625
3 0.5875 0.16484375 0.01875 0.040625
3 0.55625 0.140625 0.015625 0.03125
0 0.22265625 0.23359375 0.05 0.0921875
0 0.29921875 0.1640625 0.0265625 0.053125
0 0.35234375 0.12890625 0.0203125 0.0421875
0 0.39453125 0.1109375 0.015625 0.0359375
0 0.20390625 0.1140625 0.0171875 0.0375
0 0.14296875 0.12734375 0.015625 0.0328125
0 0.259375 0.10390625 0.015625 0.0296875
3 0.60390625 0.13515625 0.0125 0.025
3 0.13828125 0.1125 0.015625 0.0328125
3 0.053125 0.13515625 0.00625 0.025
3 0.19296875 0.1015625 0.0125 0.0265625
3 0.24296875 0.096875 0.0140625 0.0296875
3 0.2890625 0.08828125 0.0125 0.0203125
0 0.46328125 0.10546875 0.0140625 0.0296875
0 0.51796875 0.1046875 0.0109375 0.0265625
0 0.5453125 0.11015625 0.0109375 0.0234375
3 0.66484375 0.12890625 0.009375 0.021875
3 0.640625 0.12578125 0.0109375 0.0234375
3 0.6765625 0.12734375 0.009375 0.0234375
3 0.690625 0.12734375 0.0078125 0.0171875
0 0.5640625 0.10859375 0.009375 0.01875