1 0.018000000000000002 0.47437962962962965 0.005927083333333334 0.020194444444444442
1 0.022963541666666667 0.4724351851851852 0.005052083333333333 0.0215
1 0.04121875 0.4623425925925926 0.004171875 0.02051851851851852
1 0.04571875 0.45878703703703705 0.005260416666666667 0.020694444444444446
0 0.008463541666666666 0.5481666666666667 0.010182291666666668 0.029361111111111112
0 0.06704166666666667 0.5436296296296297 0.016765625 0.04566666666666667
0 0.11893229166666666 0.5800555555555555 0.029770833333333333 0.07574074074074073
0 0.08439583333333332 0.8341851851851851 0.057770833333333334 0.14083333333333334
3 0.12302604166666667 0.44381481481481483 0.008572916666666668 0.02323148148148148
3 0.131390625 0.4519722222222222 0.010151041666666666 0.02884259259259259
3 0.202015625 0.42983333333333335 0.013130208333333334 0.02973148148148148
3 0.3253125 0.39902777777777776 0.01390625 0.03708333333333333
3 0.450375 0.3938333333333333 0.016572916666666666 0.045703703703703705
3 0.59809375 0.42530555555555555 0.03143229166666667 0.06707407407407408
3 0.8178802083333333 0.5011666666666666 0.032552083333333336 0.08794444444444445
3 0.183 0.40744444444444444 0.007479166666666666 0.020675925925925924