0 0.09585416666666666 0.47883333333333333 0.03641666666666667 0.08730555555555557
0 0.21823958333333332 0.4292314814814815 0.026713541666666667 0.06216666666666667
0 0.3555 0.39682407407407405 0.017010416666666663 0.05290740740740741
0 0.4258020833333333 0.3816111111111111 0.01625 0.051583333333333335
0 0.5139635416666667 0.37102777777777773 0.012510416666666666 0.03836111111111111
3 0.7308229166666667 0.5502685185185184 0.062302083333333334 0.15608333333333332
3 0.622578125 0.4484166666666667 0.043729166666666666 0.08730555555555557
3 0.7170625 0.39549999999999996 0.028828125 0.06084259259259259
3 0.7477760416666667 0.36634259259259255 0.014078125 0.04101851851851852
3 0.77965625 0.3506851851851852 0.013322916666666665 0.038814814814814816
1 0.7563333333333334 0.3500185185185185 0.007875 0.05778703703703703
1 0.7643958333333334 0.3491388888888889 0.010598958333333333 0.05778703703703703
1 0.5567447916666667 0.3513425925925926 0.013625 0.056018518518518516
1 0.5696458333333333 0.35024074074074074 0.011640625 0.05028703703703704
0 0.605 0.35487037037037034 0.009895833333333333 0.027787037037037037
0 0.6283177083333332 0.3422962962962963 0.008895833333333332 0.023824074074074074
3 0.8035260416666666 0.33299074074074075 0.011697916666666667 0.027037037037037037
3 0.813625 0.32246296296296295 0.008442708333333333 0.02538888888888889
0 0.65609375 0.3310648148148148 0.010927083333333334 0.02239814814814815
3 0.824578125 0.31712962962962965 0.008161458333333333 0.026851851851851852
3 0.79671875 0.30972222222222223 0.006604166666666666 0.021296296296296296
3 0.7550572916666667 0.3101851851851852 0.009739583333333333 0.025925925925925925
0 0.33818229166666663 0.3560185185185185 0.010359375 0.030555555555555555
0 0.3071927083333333 0.36574074074074076 0.010890625 0.02962962962962963
0 0.23246354166666666 0.3731481481481482 0.011427083333333334 0.027777777777777776
0 0.30380729166666665 0.3449074074074074 0.006203125 0.021296296296296296
3 0.6998541666666667 0.30833333333333335 0.008713541666666666 0.022222222222222223
3 0.6542864583333333 0.31203703703703706 0.007161458333333333 0.022222222222222223
3 0.574609375 0.31342592592592594 0.007177083333333333 0.021296296296296296
3 0.5110781249999999 0.3148148148148148 0.007192708333333334 0.020370370370370372
3 0.46290624999999996 0.31666666666666665 0.0066875 0.020370370370370372
3 0.4097864583333333 0.3199074074074074 0.00565625 0.019444444444444445
3 0.36838541666666663 0.32037037037037036 0.0061875 0.018518518518518517
0 0.06526562500000001 0.3912037037037037 0.014536458333333334 0.041666666666666664
0 0.27071354166666667 0.3421296296296296 0.00771875 0.025
3 0.16733854166666667 0.3638888888888889 0.008260416666666666 0.02962962962962963
0 0.5961927083333334 0.32083333333333336 0.005557291666666667 0.021296296296296296
0 0.6813697916666667 0.32407407407407407 0.007161458333333333 0.027777777777777776
0 0.6774635416666667 0.31851851851851853 0.006640625 0.027777777777777776
0 0.4735833333333333 0.32314814814814813 0.006166666666666667 0.016666666666666666
0 0.6350208333333334 0.3175925925925926 0.008213541666666666 0.020370370370370372