1 0.11796875 0.27734375 0.040625 0.08125
1 0.15625 0.28125 0.0390625 0.0796875
1 0.17109375 0.3109375 0.05 0.096875
1 0.22109375 0.3125 0.0546875 0.10625
3 0.134375 0.2890625 0.0265625 0.05
0 0.190625 0.328125 0.034375 0.0625
3 0.275 0.30234375 0.0328125 0.0515625
0 0.12890625 0.52734375 0.1390625 0.1921875
0 0.390625 0.3453125 0.0328125 0.0546875
0 0.49453125 0.4796875 0.071875 0.1125
0 0.5546875 0.36015625 0.034375 0.0578125
0 0.6359375 0.36796875 0.0265625 0.0453125
0 0.72890625 0.38359375 0.0234375 0.0421875
0 0.76796875 0.3875 0.021875 0.0390625
0 0.775 0.38359375 0.015625 0.0296875
0 0.8078125 0.371875 0.015625 0.0265625
0 0.765625 0.36640625 0.0140625 0.0234375
0 0.7359375 0.47578125 0.05625 0.090625
0 0.884375 0.3859375 0.0171875 0.028125
0 0.984375 0.4125 0.01875 0.0296875
0 0.98671875 0.490625 0.0265625 0.078125
3 0.93203125 0.390625 0.0140625 0.025
3 0.84921875 0.37109375 0.0171875 0.028125
3 0.771875 0.3578125 0.015625 0.0234375
3 0.7109375 0.35 0.015625 0.025
3 0.67578125 0.34296875 0.015625 0.025
3 0.64921875 0.34453125 0.015625 0.0265625
3 0.6265625 0.35078125 0.0140625 0.025
3 0.625 0.34453125 0.015625 0.0296875
3 0.5875 0.34609375 0.0234375 0.0375
3 0.46796875 0.328125 0.025 0.040625