0 0.08878645833333333 0.4947129629629629 0.041625 0.10052777777777777
0 0.195921875 0.4444444444444444 0.02671875 0.06084259259259259
0 0.216078125 0.40778703703703706 0.012875 0.042861111111111114
0 0.20521354166666667 0.3884722222222222 0.010161458333333335 0.03682407407407408
0 0.15852604166666667 0.38605555555555554 0.008473958333333333 0.029583333333333333
3 0.22048958333333332 0.37096296296296294 0.011515625 0.028370370370370372
3 0.29552604166666663 0.3673425925925926 0.010817708333333334 0.029583333333333333
3 0.373109375 0.3661388888888889 0.013854166666666667 0.03682407407407408
3 0.42998437500000003 0.3700555555555556 0.015541666666666667 0.039842592592592596
3 0.46767187499999996 0.3818333333333333 0.016208333333333335 0.04527777777777778
3 0.520296875 0.39934259259259264 0.023666666666666666 0.05613888888888889
3 0.5773385416666666 0.43616666666666665 0.033838541666666666 0.06821296296296296
3 0.6401510416666666 0.4958981481481482 0.04284895833333333 0.1012962962962963
3 0.83096875 0.6569444444444444 0.09413020833333333 0.20758333333333334
3 0.15175 0.3773148148148148 0.007739583333333333 0.029324074074074075
3 0.05497395833333333 0.38580555555555557 0.008630208333333333 0.03086111111111111
0 0.06321875 0.3958333333333333 0.011333333333333334 0.03549074074074074