0 0.421875 0.4359375 0.046875 0.0890625
0 0.5203125 0.3625 0.021875 0.0484375
0 0.57890625 0.33515625 0.015625 0.040625
0 0.640625 0.31796875 0.0109375 0.025
3 0.740625 0.32109375 0.0125 0.025
3 0.7359375 0.34765625 0.01875 0.040625
3 0.7671875 0.3140625 0.0109375 0.0296875
3 0.809375 0.30703125 0.0125 0.025
3 0.81796875 0.41484375 0.0453125 0.0859375
3 0.84296875 0.30234375 0.0078125 0.0203125
3 0.87109375 0.29296875 0.00625 0.015625
3 0.875 0.2859375 0.00625 0.015625
0 0.75 0.29921875 0.0078125 0.0171875
0 0.71328125 0.3046875 0.0078125 0.015625