0 0.340625 0.45 0.0546875 0.1109375
3 0.965625 0.559375 0.06875 0.2
0 0.89453125 0.290625 0.0203125 0.04375
0 0.753125 0.3109375 0.021875 0.0515625
0 0.65703125 0.296875 0.034375 0.0453125
0 0.590625 0.33671875 0.0359375 0.071875
0 0.259375 0.315625 0.015625 0.034375
0 0.125 0.37109375 0.0203125 0.0484375
3 0.20703125 0.3125 0.0140625 0.0265625
3 0.1515625 0.3328125 0.0140625 0.0296875
3 0.03203125 0.38046875 0.0125 0.03125
3 0.06171875 0.3421875 0.0078125 0.01875
3 0.03046875 0.36015625 0.0140625 0.0234375
0 0.31875 0.29140625 0.009375 0.021875