0 0.1291796875 0.629625 0.051140624999999995 0.129625
0 0.043687500000000004 0.4444444444444444 0.0103671875 0.024694444444444446
0 0.0992421875 0.43133333333333335 0.0086171875 0.026236111111111113
0 0.1569609375 0.4236111111111111 0.0094765625 0.029319444444444443
0 0.20513281249999998 0.4266944444444445 0.0120625 0.03240277777777777
0 0.23898437499999997 0.4344166666666666 0.017453125 0.04475
0 0.2411484375 0.4745416666666667 0.025265625000000003 0.06018055555555556
3 0.2719609375 0.39043055555555556 0.01225 0.027777777777777776
3 0.342703125 0.38966666666666666 0.013140625 0.029319444444444443
3 0.4264609375 0.39429166666666665 0.0140234375 0.03240277777777777
3 0.7597578125 0.5524722222222221 0.048820312500000004 0.12345833333333334
3 0.7745078125 0.3711388888888889 0.012375 0.029319444444444443
3 0.6134999999999999 0.3626527777777778 0.009726562499999999 0.027777777777777776
1 0.45943750000000005 0.35184722222222226 0.010562499999999999 0.03086111111111111
1 0.43991406250000004 0.35338888888888886 0.00940625 0.03086111111111111
1 0.5167265624999999 0.34181944444444445 0.010578124999999999 0.029319444444444443
3 0.4958984375 0.3587916666666666 0.0105703125 0.02315277777777778
3 0.45032812499999997 0.3580277777777777 0.007953125 0.021611111111111112
3 0.5371171875 0.41975 0.02153125 0.058638888888888886