0 0.227421875 0.6226851851851852 0.050708333333333334 0.11342592592592593
0 0.03766666666666666 0.5740740740740741 0.016244791666666668 0.06018518518518518
0 0.28047916666666667 0.3993055555555556 0.014895833333333334 0.041666666666666664
0 0.38886458333333335 0.39410185185185187 0.020734375000000003 0.047453703703703706
3 0.116109375 0.45775925925925925 0.010369791666666666 0.03587962962962963
3 0.20724479166666668 0.3975740740740741 0.01165625 0.028935185185185185
3 0.8025572916666667 0.5052129629629629 0.042130208333333335 0.09606481481481481
3 0.28354166666666664 0.35377777777777775 0.010161458333333335 0.02212037037037037
3 0.6614322916666667 0.351962962962963 0.015666666666666666 0.03476851851851852
3 0.6582604166666666 0.32306481481481486 0.012364583333333333 0.027546296296296298
3 0.6379427083333333 0.3068148148148148 0.008812500000000001 0.018509259259259257
3 0.33827083333333335 0.3309722222222222 0.007859375 0.021675925925925925
0 0.3536354166666667 0.3481296296296296 0.010651041666666666 0.025287037037037035
0 0.464109375 0.34112962962962967 0.011135416666666667 0.027546296296296298
0 0.5109635416666667 0.3165185185185185 0.007317708333333334 0.02348148148148148
0 0.5420729166666667 0.30185185185185187 0.0070572916666666674 0.019416666666666665
0 0.4568697916666667 0.30703703703703705 0.006822916666666666 0.016259259259259258
0 0.40036458333333336 0.3219444444444444 0.008104166666666668 0.01987037037037037