0 0.26432812499999997 0.5259583333333333 0.037343749999999995 0.09254166666666666
0 0.3879453125 0.40218055555555554 0.0174296875 0.048583333333333326
0 0.44109375 0.35900000000000004 0.012632812500000002 0.034708333333333334
0 0.47991406249999996 0.340875 0.0104765625 0.02622222222222222
3 0.759265625 0.4989722222222222 0.0399921875 0.10025
3 0.6180859375 0.3867638888888889 0.0204453125 0.0455
3 0.5853359375 0.3551388888888889 0.011328125 0.028527777777777777
3 0.59878125 0.3474305555555556 0.0104609375 0.028527777777777777
3 0.633265625 0.3374027777777778 0.008304687500000001 0.02390277777777778
0 0.622203125 0.3242916666666667 0.008734374999999999 0.022361111111111113
0 0.5508515625 0.33084722222222224 0.00828125 0.024680555555555556
3 0.9425390625000001 0.3763472222222223 0.0126953125 0.033930555555555554
3 0.6916875 0.33511111111111114 0.00578125 0.017930555555555557