0 0.20703125 0.55546875 0.0578125 0.125
0 0.31640625 0.46171875 0.046875 0.0796875
0 0.3984375 0.41171875 0.028125 0.0625
0 0.3515625 0.35546875 0.0140625 0.0390625
0 0.4359375 0.36328125 0.01875 0.0421875
0 0.45 0.384375 0.021875 0.0484375
0 0.2734375 0.3546875 0.015625 0.0390625
0 0.1578125 0.3515625 0.0171875 0.0359375
3 0.115625 0.340625 0.0140625 0.03125
3 0.23984375 0.34296875 0.0140625 0.028125
3 0.3875 0.34375 0.015625 0.0328125
3 0.0203125 0.3375 0.0125 0.0328125
0 0.01171875 0.3484375 0.015625 0.040625
3 0.465625 0.34296875 0.015625 0.028125
3 0.55703125 0.34453125 0.015625 0.0328125
3 0.6328125 0.35 0.015625 0.034375
3 0.68828125 0.359375 0.0203125 0.040625
3 0.71640625 0.371875 0.021875 0.0421875
3 0.73203125 0.390625 0.025 0.0546875
3 0.784375 0.4390625 0.0390625 0.075
3 0.775 0.29453125 0.0078125 0.015625
3 0.7921875 0.3046875 0.0078125 0.01875
3 0.803125 0.29921875 0.00625 0.0140625
1 0.9 0.31953125 0.0109375 0.0390625
3 0.940625 0.32734375 0.0078125 0.021875
3 0.9484375 0.33125 0.0109375 0.0234375
3 0.97890625 0.3234375 0.0078125 0.021875
3 0.984375 0.33515625 0.0109375 0.0265625
3 0.9015625 0.57734375 0.0796875 0.1546875