3 0.9140625 0.59296875 0.053125 0.1078125
3 0.67734375 0.41875 0.034375 0.0640625
3 0.56953125 0.35703125 0.0296875 0.0546875
3 0.58828125 0.3296875 0.021875 0.0421875
3 0.7015625 0.33828125 0.01875 0.03125
3 0.778125 0.34609375 0.0140625 0.0265625
3 0.821875 0.35078125 0.0109375 0.0171875
3 0.825 0.3375 0.0125 0.0234375
0 0.23046875 0.4796875 0.0609375 0.096875
0 0.29921875 0.36328125 0.0296875 0.0515625
0 0.3453125 0.325 0.0203125 0.0390625
0 0.33359375 0.284375 0.0109375 0.021875
0 0.44140625 0.30546875 0.0125 0.0296875
0 0.44375 0.27890625 0.0125 0.0234375
0 0.5140625 0.30078125 0.0140625 0.0296875
0 0.5984375 0.29765625 0.0125 0.0234375
0 0.684375 0.30859375 0.0125 0.021875
3 0.46328125 0.271875 0.009375 0.0171875
3 0.38671875 0.27265625 0.0109375 0.021875
3 0.30859375 0.27734375 0.0109375 0.0203125
1 0.4984375 0.271875 0.0109375 0.021875
1 0.5046875 0.271875 0.009375 0.0234375
1 0.51796875 0.2796875 0.0125 0.025
1 0.52734375 0.27734375 0.0125 0.0265625
3 0.5484375 0.27734375 0.0109375 0.01875
0 0.57265625 0.28359375 0.009375 0.0203125
3 0.80625 0.3265625 0.0078125 0.0203125
3 0.77578125 0.315625 0.009375 0.0171875
0 0.7359375 0.31484375 0.0109375 0.0234375