0 0.04765625 0.50078125 0.0953125 0.1828125
0 0.271875 0.446875 0.0671875 0.121875
0 0.45546875 0.41171875 0.0359375 0.0828125
0 0.56953125 0.38125 0.0203125 0.046875
0 0.59296875 0.35546875 0.01875 0.0453125
0 0.61953125 0.3453125 0.015625 0.0359375
1 0.51484375 0.37109375 0.0390625 0.0984375
1 0.5328125 0.371875 0.03125 0.090625
3 0.90390625 0.47734375 0.0421875 0.0875
3 0.84296875 0.4203125 0.025 0.0546875
3 0.834375 0.38359375 0.0171875 0.0421875
1 0.86015625 0.4265625 0.040625 0.103125
0 0.0421875 0.31171875 0.025 0.0625
0 0.115625 0.30078125 0.0234375 0.0515625
3 0.81953125 0.36171875 0.015625 0.034375
3 0.815625 0.35703125 0.015625 0.0328125
3 0.80234375 0.34609375 0.0109375 0.0296875
3 0.76484375 0.3359375 0.0125 0.028125
3 0.709375 0.325 0.0109375 0.028125
3 0.640625 0.315625 0.0109375 0.0234375
3 0.584375 0.3078125 0.0078125 0.0203125
3 0.48359375 0.29296875 0.0109375 0.028125
3 0.39765625 0.27890625 0.0140625 0.0296875
0 0.640625 0.3375 0.0125 0.03125
0 0.62890625 0.3265625 0.0109375 0.021875
0 0.56875 0.3125 0.0125 0.0265625
0 0.51640625 0.30390625 0.0109375 0.0234375