0 0.33203125 0.70390625 0.08125 0.1921875
0 0.35546875 0.43515625 0.03125 0.0671875
0 0.37265625 0.38515625 0.0140625 0.028125
0 0.37265625 0.35625 0.009375 0.0203125
0 0.3578125 0.528125 0.040625 0.1140625
1 0.34296875 0.528125 0.0671875 0.2015625
1 0.3453125 0.48125 0.0578125 0.1640625
1 0.83359375 0.44765625 0.059375 0.159375
1 0.73828125 0.4109375 0.05 0.1359375
3 0.78125 0.45546875 0.040625 0.09375
3 0.65625 0.39296875 0.0296875 0.0625
3 0.553125 0.3546875 0.015625 0.0359375
3 0.503125 0.3375 0.009375 0.0296875
3 0.9359375 0.3703125 0.0171875 0.0390625
3 0.8078125 0.34140625 0.0125 0.0296875
3 0.74765625 0.32578125 0.009375 0.021875
0 0.92734375 0.34140625 0.0109375 0.0265625
0 0.86953125 0.3296875 0.009375 0.0234375
0 0.83984375 0.31875 0.0078125 0.0203125
3 0.48359375 0.325 0.0078125 0.0234375
3 0.49296875 0.3171875 0.009375 0.0203125
3 0.7359375 0.315625 0.0078125 0.0203125
0 0.384375 0.3375 0.009375 0.01875
0 0.4046875 0.32734375 0.0078125 0.0140625