0 0.27421875 0.7375 0.1140625 0.20625
0 0.22578125 0.5703125 0.05625 0.0875
0 0.1109375 0.57734375 0.040625 0.0640625
0 0.04765625 0.57890625 0.021875 0.0375
0 0.0265625 0.57109375 0.021875 0.034375
3 0.89453125 0.43828125 0.0859375 0.1390625
3 0.5875 0.403125 0.0515625 0.0796875
3 0.4578125 0.415625 0.034375 0.0546875
3 0.2859375 0.45546875 0.0296875 0.0453125
3 0.190625 0.48671875 0.021875 0.0359375
3 0.1390625 0.50234375 0.01875 0.0296875
3 0.115625 0.5046875 0.01875 0.0296875
3 0.8625 0.26015625 0.0203125 0.034375
3 0.753125 0.2671875 0.01875 0.03125