0 0.19037500000000002 0.5594166666666667 0.05215625 0.11883333333333333
0 0.3991171875 0.4274722222222222 0.0305078125 0.06172222222222222
0 0.5379921875 0.3819444444444444 0.014921875000000001 0.03858333333333334
0 0.63534375 0.36134722222222226 0.015445312499999999 0.03656944444444444
0 0.012453124999999999 0.44143055555555555 0.01590625 0.0375
3 0.8246796875 0.5708333333333333 0.0643671875 0.14629166666666665
3 0.9251875 0.40370833333333334 0.021171875 0.04629166666666666
3 0.8151718750000001 0.4050972222222222 0.029218749999999998 0.05648611111111111
3 0.76465625 0.4247638888888889 0.0271171875 0.07083333333333333
3 0.7503359374999999 0.4580972222222222 0.0333671875 0.08101388888888889
0 0.17865625000000002 0.38966666666666666 0.014835937499999998 0.03240277777777777
0 0.3244765625 0.35956944444444444 0.0113984375 0.027777777777777776