3 0.42602083333333335 0.3251851851851852 0.00659375 0.018333333333333333
3 0.49656249999999996 0.32092592592592595 0.008067708333333333 0.018574074074074073
3 0.5722239583333334 0.3217777777777778 0.008135416666666666 0.02424074074074074
3 0.6553385416666667 0.3413703703703704 0.009937499999999998 0.025972222222222223
3 0.7069166666666666 0.38969444444444445 0.019781249999999997 0.04712037037037037
3 0.8252343750000001 0.6197962962962963 0.047578125 0.13788888888888887
3 0.10579166666666667 0.43225925925925923 0.0069635416666666665 0.015064814814814814
3 0.140265625 0.41820370370370374 0.007291666666666667 0.018185185185185186
3 0.19829166666666667 0.3909444444444445 0.008859375000000001 0.01810185185185185
3 0.28062499999999996 0.3603425925925926 0.007807291666666666 0.016888888888888887
0 0.2945989583333333 0.3757685185185185 0.009020833333333334 0.02487037037037037
0 0.20613541666666665 0.4050740740740741 0.008265625 0.021175925925925928
0 0.109140625 0.45003703703703707 0.009510416666666667 0.021518518518518517
0 0.03893229166666667 0.48420370370370375 0.009796875 0.02422222222222222
0 0.197328125 0.5453518518518519 0.03247916666666666 0.07952777777777778
0 0.37926562500000005 0.357462962962963 0.012026041666666666 0.027546296296296298
0 0.38240625 0.4011018518518519 0.018317708333333335 0.04335185185185185
0 0.43085416666666665 0.36079629629629634 0.0130625 0.03515740740740741
3 0.35576041666666663 0.3388055555555556 0.009166666666666667 0.021527777777777778