0 0.09765625 0.61484375 0.1140625 0.196875
0 0.46875 0.38984375 0.0359375 0.075
0 0.565625 0.3453125 0.015625 0.040625
0 0.63046875 0.3296875 0.015625 0.03125
0 0.6921875 0.325 0.0125 0.0234375
0 0.76796875 0.32890625 0.0140625 0.025
0 0.8046875 0.33359375 0.009375 0.01875
3 0.8171875 0.35234375 0.0125 0.025
3 0.78515625 0.353125 0.0140625 0.028125
3 0.77421875 0.37578125 0.0234375 0.040625
3 0.8234375 0.44296875 0.0390625 0.0859375
3 0.8609375 0.3484375 0.0078125 0.0171875
3 0.97265625 0.759375 0.0265625 0.1640625
3 0.9328125 0.3453125 0.009375 0.01875
3 0.92734375 0.34140625 0.00625 0.0140625
3 0.9265625 0.3546875 0.009375 0.015625
3 0.8953125 0.3515625 0.009375 0.0203125
0 0.83828125 0.33203125 0.0109375 0.0203125