3 0.76015625 0.5390625 0.06875 0.1390625
3 0.63515625 0.43828125 0.0375 0.0875
3 0.55234375 0.3953125 0.0296875 0.0640625
3 0.50234375 0.37265625 0.0234375 0.05625
3 0.43203125 0.36015625 0.01875 0.046875
3 0.34375 0.35 0.0171875 0.040625
3 0.2578125 0.34921875 0.0140625 0.034375
3 0.178125 0.35 0.0140625 0.028125
0 0.115625 0.4828125 0.0515625 0.10625
0 0.20078125 0.41015625 0.03125 0.065625
0 0.21640625 0.3765625 0.01875 0.0453125
0 0.165625 0.3671875 0.0171875 0.0390625
3 0.06484375 0.3546875 0.015625 0.0421875
0 0.05234375 0.3625 0.0171875 0.053125