0 0.130734375 0.5770833333333333 0.056195312500000004 0.12083333333333333
0 0.3615625 0.41805555555555557 0.027226562500000002 0.06111111111111111
0 0.53303125 0.37430555555555556 0.02046875 0.04027777777777778
0 0.654890625 0.35625 0.012687499999999999 0.0375
0 0.758390625 0.3486111111111111 0.0119296875 0.027777777777777776
3 0.8056484375 0.6027777777777777 0.0595859375 0.1638888888888889
3 0.7244140625 0.45902777777777776 0.036140624999999996 0.0763888888888889
3 0.75096875 0.4076388888888889 0.0220859375 0.059722222222222225
3 0.8208828125000001 0.3902777777777778 0.0213203125 0.044444444444444446
3 0.8880625 0.37916666666666665 0.0166484375 0.03888888888888889
3 0.9294609375 0.37777777777777777 0.0104140625 0.030555555555555555
0 0.819796875 0.3491666666666667 0.010203125 0.021041666666666667