1 0.10390625 0.26953125 0.0453125 0.0828125
1 0.1421875 0.27421875 0.0421875 0.08125
1 0.15703125 0.30546875 0.053125 0.0984375
1 0.2078125 0.30859375 0.0578125 0.1078125
3 0.1203125 0.28203125 0.028125 0.0515625
0 0.1765625 0.32421875 0.0375 0.0625
3 0.2625 0.30078125 0.034375 0.053125
0 0.10703125 0.5234375 0.146875 0.1984375
0 0.378125 0.3484375 0.0359375 0.05625
0 0.4796875 0.48828125 0.0765625 0.1140625
0 0.54453125 0.36953125 0.0359375 0.059375
0 0.6265625 0.3796875 0.028125 0.0453125
0 0.72109375 0.39921875 0.025 0.0421875
0 0.7609375 0.4046875 0.021875 0.0390625
0 0.76796875 0.4015625 0.0171875 0.03125
0 0.8015625 0.390625 0.015625 0.0265625
0 0.75859375 0.3828125 0.015625 0.025
0 0.725 0.4921875 0.059375 0.09375
0 0.87890625 0.4078125 0.01875 0.0296875
0 0.9796875 0.43671875 0.01875 0.0296875
0 0.98203125 0.51796875 0.0359375 0.0796875
3 0.99609375 0.43203125 0.0078125 0.0265625
3 0.9265625 0.41328125 0.015625 0.0265625
3 0.84453125 0.39140625 0.01875 0.028125
3 0.765625 0.37421875 0.015625 0.0234375
3 0.7046875 0.36484375 0.015625 0.025
3 0.66875 0.35703125 0.0171875 0.025
3 0.64140625 0.35703125 0.01875 0.028125
3 0.61875 0.36171875 0.015625 0.0265625
3 0.6171875 0.35546875 0.0171875 0.0296875
3 0.57890625 0.35625 0.0234375 0.0375
3 0.4578125 0.334375 0.0265625 0.0421875