0 0.028125 0.42109375 0.05625 0.1359375
0 0.2390625 0.23046875 0.025 0.0640625
0 0.36796875 0.1484375 0.0171875 0.046875
0 0.34296875 0.12734375 0.0140625 0.0390625
0 0.28671875 0.13671875 0.015625 0.034375
0 0.23125 0.13828125 0.015625 0.0421875
0 0.14453125 0.16484375 0.0171875 0.0328125
0 0.003125 0.21953125 0.00625 0.0328125
3 0.8328125 0.453125 0.0921875 0.253125
3 0.64765625 0.21953125 0.0421875 0.0828125
3 0.596875 0.146875 0.0234375 0.0453125
3 0.578125 0.12265625 0.0171875 0.03125
3 0.57265625 0.109375 0.0140625 0.0390625
3 0.5171875 0.096875 0.0140625 0.03125
3 0.4203125 0.0984375 0.0109375 0.0296875
3 0.31875 0.109375 0.0109375 0.0296875
3 0.10234375 0.1640625 0.0125 0.0296875