3 0.92109375 0.45234375 0.065625 0.1390625
3 0.4890625 0.47265625 0.0515625 0.0921875
3 0.28515625 0.48125 0.040625 0.0828125
3 0.11875 0.49375 0.0375 0.06875
3 0.0203125 0.490625 0.0296875 0.0578125
3 0.0203125 0.46484375 0.0234375 0.05
3 0.08671875 0.4359375 0.01875 0.0484375
3 0.20859375 0.40234375 0.01875 0.0421875
3 0.32734375 0.38046875 0.0171875 0.0390625
3 0.46953125 0.35703125 0.0171875 0.0375
3 0.58046875 0.33671875 0.0171875 0.0328125
3 0.68359375 0.32421875 0.015625 0.0328125
3 0.75 0.31015625 0.0140625 0.03125
3 0.77890625 0.3046875 0.015625 0.0328125
3 0.76015625 0.30234375 0.0140625 0.0328125
0 0.0625 0.41875 0.0171875 0.034375
0 0.19140625 0.3921875 0.015625 0.034375
0 0.44140625 0.35 0.0140625 0.0328125
0 0.546875 0.334375 0.0140625 0.0328125
0 0.6296875 0.3234375 0.0140625 0.0328125