3 0.830515625 0.5787037037037037 0.057817708333333336 0.14417592592592593
1 0.7077656250000001 0.47883333333333333 0.03552604166666666 0.1322777777777778
1 0.6925104166666666 0.4583333333333333 0.01990625 0.11772222222222223
1 0.18587499999999998 0.4900833333333333 0.03490625 0.14947222222222223
1 0.23051562499999997 0.4828055555555555 0.02745833333333333 0.12169444444444445
0 0.017244791666666665 0.6468240740740742 0.03448958333333333 0.1534351851851852
0 0.211296875 0.5145462962962963 0.019776041666666667 0.0793611111111111
0 0.30751562499999996 0.4616388888888889 0.026692708333333332 0.06349074074074074
0 0.34433854166666666 0.42262037037037037 0.024453125000000003 0.051583333333333335
0 0.38302604166666665 0.39219444444444446 0.017005208333333334 0.046296296296296294
3 0.6635000000000001 0.44907407407407407 0.02735416666666667 0.06746296296296296
3 0.6311354166666666 0.39616666666666667 0.01769270833333333 0.046296296296296294
3 0.6068593750000001 0.3731481481481482 0.013286458333333334 0.03599074074074074
3 0.598078125 0.36092592592592593 0.00946875 0.027842592592592592
3 0.5829895833333333 0.3548148148148148 0.011380208333333334 0.026481481481481484
3 0.5425052083333333 0.3510740740740741 0.008333333333333333 0.023092592592592595
3 0.4859791666666667 0.35005555555555556 0.008348958333333333 0.019694444444444445
0 0.41188541666666667 0.37789814814814815 0.009895833333333333 0.030555555555555555
0 0.39737500000000003 0.3639814814814815 0.009895833333333333 0.02987962962962963
3 0.4132239583333333 0.3493796296296296 0.007984375 0.02512962962962963
3 0.3515416666666667 0.35209259259259257 0.007614583333333333 0.022407407407407407
0 0.33130208333333333 0.3619444444444444 0.007619791666666667 0.023092592592592595
3 0.7002968749999999 0.4837962962962963 0.02363541666666667 0.07252777777777777
0 0.26848958333333334 0.36650925925925926 0.008578124999999999 0.029324074074074075
1 0.7498802083333334 0.31828703703703703 0.007260416666666667 0.03009259259259259
3 0.23471875 0.35609259259259257 0.007317708333333334 0.023916666666666666
3 0.13186458333333334 0.3584074074074074 0.00734375 0.02546296296296296
3 0.051145833333333335 0.36419444444444443 0.007364583333333333 0.024694444444444446
0 0.17852083333333332 0.36612962962962964 0.007765625 0.023916666666666666
0 0.06113020833333334 0.36960185185185185 0.009098958333333332 0.027777777777777776