0 0.26640625 0.5671875 0.0453125 0.103125
0 0.4640625 0.36875 0.01875 0.04375
0 0.54921875 0.3296875 0.0109375 0.028125
0 0.60078125 0.30546875 0.0078125 0.021875
0 0.42265625 0.3265625 0.0078125 0.021875
0 0.3046875 0.3578125 0.009375 0.0265625
0 0.18671875 0.39765625 0.0125 0.0265625
0 0.10703125 0.425 0.0109375 0.0265625
0 0.02109375 0.46640625 0.0078125 0.0234375
3 0.75859375 0.421875 0.0265625 0.0625
3 0.7296875 0.3421875 0.0125 0.0296875
3 0.725 0.31640625 0.009375 0.01875
3 0.728125 0.303125 0.00625 0.0171875