3 0.93203125 0.54921875 0.075 0.1515625
3 0.47578125 0.4578125 0.0578125 0.0984375
3 0.2609375 0.41328125 0.0484375 0.090625
3 0.084375 0.384375 0.0421875 0.075
3 0.065625 0.31484375 0.0203125 0.0515625
3 0.2015625 0.31171875 0.021875 0.0453125
3 0.33125 0.3203125 0.0203125 0.0421875
3 0.48515625 0.33203125 0.01875 0.040625
3 0.60625 0.33984375 0.01875 0.0359375
3 0.7171875 0.35390625 0.0171875 0.034375
3 0.790625 0.35625 0.015625 0.0328125
3 0.821875 0.35859375 0.0171875 0.034375
3 0.803125 0.35 0.015625 0.034375
0 0.0453125 0.290625 0.01875 0.0375
0 0.18671875 0.29765625 0.0171875 0.0359375
0 0.45859375 0.3171875 0.015625 0.034375
0 0.5734375 0.328125 0.0171875 0.034375
0 0.66171875 0.3390625 0.015625 0.034375