3 0.98046875 0.54140625 0.0390625 0.0984375
3 0.878125 0.475 0.0390625 0.071875
3 0.78515625 0.4453125 0.028125 0.05
3 0.69296875 0.42109375 0.025 0.0453125
3 0.5609375 0.4015625 0.0203125 0.0375
3 0.40703125 0.37109375 0.0203125 0.0359375
3 0.27265625 0.3609375 0.025 0.040625
3 0.14375 0.346875 0.025 0.0390625
0 0.115625 0.36015625 0.028125 0.046875
0 0.33359375 0.5359375 0.0703125 0.14375
0 0.290625 0.37890625 0.0234375 0.046875
0 0.4203125 0.40234375 0.028125 0.05
0 0.5296875 0.46484375 0.040625 0.078125
0 0.54765625 0.43125 0.0328125 0.05625