0 0.078125 0.75859375 0.1171875 0.2265625
0 0.2640625 0.4765625 0.0375 0.0796875
0 0.25625 0.415625 0.0234375 0.0515625
0 0.2265625 0.39921875 0.01875 0.0390625
0 0.1859375 0.390625 0.0140625 0.034375
0 0.140625 0.3875 0.0125 0.03125
3 0.61328125 0.4515625 0.0359375 0.071875
3 0.47578125 0.40390625 0.021875 0.0453125
3 0.38671875 0.38203125 0.0140625 0.034375
3 0.3046875 0.37421875 0.0125 0.0328125
3 0.23046875 0.37265625 0.0125 0.0265625
3 0.1609375 0.36953125 0.009375 0.0234375
3 0.09609375 0.37890625 0.009375 0.0203125
0 0.07890625 0.39375 0.0109375 0.021875
0 0.01484375 0.39765625 0.0109375 0.0265625
0 0.865625 0.39609375 0.009375 0.0265625
3 0.72109375 0.3828125 0.0109375 0.025
3 0.66171875 0.375 0.0109375 0.0234375
3 0.86875 0.41640625 0.0125 0.03125
3 0.78515625 0.39375 0.0125 0.0265625
3 0.53671875 0.3640625 0.0125 0.0265625