0 0.055359375 0.6833333333333333 0.0648671875 0.18611111111111112
0 0.351015625 0.42916666666666664 0.032703125 0.07777777777777778
0 0.540328125 0.3721527777777778 0.0205546875 0.04163888888888889
0 0.6669375 0.346125 0.017171875 0.03295833333333333
0 0.767203125 0.33876388888888886 0.0137890625 0.02688888888888889
3 0.9191796875 0.6900972222222223 0.0910703125 0.21600000000000003
3 0.773296875 0.4758194444444444 0.039390625 0.10323611111111111
3 0.7835468750000001 0.4059861111111111 0.0247578125 0.06419444444444444
3 0.8440468750000001 0.3790972222222222 0.017218749999999998 0.048583333333333326
3 0.9047968750000001 0.36391666666666667 0.0157734375 0.03730555555555556
3 0.9411406250000001 0.36130555555555555 0.0104140625 0.03209722222222222
0 0.8250234375 0.3374583333333333 0.00940625 0.0295