3 0.86484375 0.571875 0.11875 0.2015625
3 0.365625 0.5140625 0.065625 0.1125
3 0.10625 0.52890625 0.0546875 0.1
3 0.0171875 0.49609375 0.034375 0.0765625
3 0.090625 0.44453125 0.0296875 0.053125
1 0.12109375 0.4015625 0.01875 0.0578125
1 0.12890625 0.4 0.021875 0.0578125
3 0.1171875 0.41953125 0.015625 0.03125
3 0.146875 0.4015625 0.0171875 0.0375
3 0.16796875 0.38125 0.0109375 0.0265625
3 0.17421875 0.37109375 0.0125 0.0265625
3 0.1859375 0.36171875 0.0125 0.025
3 0.1609375 0.359375 0.0125 0.025
3 0.121875 0.3703125 0.0140625 0.025