0 0.1664296875 0.6220138888888889 0.052023437500000005 0.13252777777777777
0 0.2493046875 0.4711527777777778 0.028023437499999998 0.05809722222222222
0 0.2356171875 0.4332916666666667 0.016710937500000002 0.04459722222222222
0 0.1985390625 0.42683333333333334 0.014078125 0.034819444444444445
0 0.1459296875 0.4260555555555555 0.012796875 0.02816666666666667
0 0.08497656249999999 0.43779166666666663 0.0094453125 0.027777777777777776
0 0.028203125000000002 0.45158333333333334 0.0114453125 0.02640277777777778
3 0.25910937500000003 0.39084722222222223 0.01175 0.025041666666666667
3 0.33283593749999996 0.3894722222222222 0.011539062499999999 0.02425
3 0.420140625 0.3883055555555555 0.0151640625 0.03755555555555556
3 0.537546875 0.4148055555555556 0.0230859375 0.053402777777777785
3 0.7656484375 0.527875 0.05675 0.11404166666666667
3 0.7569609374999999 0.3641388888888889 0.01428125 0.028749999999999998
3 0.59928125 0.3576944444444445 0.010765625 0.024847222222222222