0 0.33515625 0.4703125 0.0359375 0.071875
0 0.47421875 0.38359375 0.0234375 0.040625
0 0.52265625 0.35234375 0.015625 0.034375
0 0.553125 0.33828125 0.0125 0.0296875
0 0.5703125 0.328125 0.0125 0.0234375
0 0.20234375 0.41328125 0.015625 0.0296875
0 0.12265625 0.4359375 0.0140625 0.0296875
0 0.35546875 0.36953125 0.0125 0.0265625
3 0.7171875 0.4328125 0.0453125 0.0953125
3 0.69921875 0.3640625 0.021875 0.04375
3 0.684375 0.34140625 0.015625 0.0265625
3 0.68046875 0.32421875 0.0078125 0.0125
3 0.8296875 0.315625 0.0125 0.0234375
3 0.79765625 0.30859375 0.0109375 0.01875
3 0.8984375 0.334375 0.0125 0.0234375
3 0.78515625 0.30078125 0.00625 0.0171875
3 0.78046875 0.29453125 0.0046875 0.0140625
0 0.89765625 0.30546875 0.009375 0.01875
0 0.87421875 0.2984375 0.0078125 0.01875
3 0.25 0.38828125 0.009375 0.021875
3 0.190625 0.40546875 0.0078125 0.0203125
0 0.0625 0.44765625 0.0109375 0.021875
0 0.0046875 0.46171875 0.009375 0.0203125
0 0.30234375 0.3828125 0.009375 0.021875
0 0.38515625 0.35625 0.0078125 0.015625
0 0.5828125 0.31875 0.00625 0.0140625
3 0.9171875 0.68125 0.121875 0.2421875