0 0.165625 0.81328125 0.0859375 0.15
0 0.071875 0.68515625 0.040625 0.08125
0 0.23515625 0.46640625 0.0296875 0.0515625
0 0.4 0.428125 0.0359375 0.059375
0 0.32734375 0.37109375 0.01875 0.034375
3 0.0796875 0.5671875 0.025 0.0453125
3 0.83203125 0.40859375 0.0546875 0.0859375
3 0.1859375 0.4546875 0.015625 0.03125
3 0.26015625 0.396875 0.0171875 0.028125
3 0.3109375 0.3578125 0.0140625 0.0234375
3 0.346875 0.3375 0.0125 0.021875
3 0.73203125 0.30078125 0.0234375 0.040625
3 0.6734375 0.275 0.0171875 0.0328125
3 0.63125 0.2640625 0.0140625 0.025
3 0.3796875 0.3171875 0.0109375 0.021875
3 0.43515625 0.29609375 0.009375 0.0203125
3 0.496875 0.27890625 0.0109375 0.01875
3 0.58125 0.2625 0.009375 0.01875
0 0.48515625 0.33203125 0.021875 0.040625
0 0.53046875 0.29453125 0.0171875 0.03125
0 0.47734375 0.2984375 0.0140625 0.025
0 0.41015625 0.3265625 0.015625 0.0265625