0 0.15361458333333333 0.7309907407407408 0.053453125 0.1421851851851852
0 0.25924479166666664 0.4179814814814815 0.016802083333333332 0.04337037037037037
0 0.37163541666666666 0.4178425925925926 0.021927083333333333 0.05647222222222222
0 0.34375520833333334 0.3598148148148148 0.010802083333333332 0.027777777777777776
0 0.4613697916666667 0.3526111111111111 0.01484375 0.029435185185185186
0 0.5114166666666666 0.32492592592592595 0.008619791666666666 0.02398148148148148
0 0.45579166666666665 0.3155648148148148 0.006885416666666667 0.016712962962962964
3 0.6455989583333334 0.31699074074074074 0.008687499999999999 0.021435185185185186
3 0.6687031250000001 0.3326203703703704 0.012296875 0.026166666666666668
3 0.67540625 0.3673888888888889 0.01680729166666667 0.03841666666666667
3 0.853265625 0.5842222222222223 0.040838541666666665 0.10999074074074075