0 0.0416015625 0.5899861111111111 0.0384140625 0.10118055555555555
0 0.177859375 0.4830277777777777 0.020171875 0.06033333333333333
0 0.2735234375 0.4403611111111111 0.017453125 0.049374999999999995
0 0.360609375 0.41170833333333334 0.012656249999999999 0.03840277777777778
0 0.43774218749999994 0.3946388888888889 0.012640624999999999 0.03108333333333333
0 0.5359609375 0.38306944444444446 0.012296875 0.03108333333333333
0 0.6381171875 0.3818472222222222 0.010906250000000001 0.029861111111111113
0 0.7452578125 0.38215277777777773 0.009890625 0.030472222222222223
0 0.8491328125000001 0.3842777777777778 0.0091796875 0.027430555555555555
3 0.9353515625 0.6948194444444444 0.0650625 0.18406944444444445
3 0.6410390625 0.5022222222222222 0.0359453125 0.09873611111111112
3 0.6367499999999999 0.44187499999999996 0.029429687500000003 0.06826388888888889
3 0.78896875 0.42451388888888886 0.020499999999999997 0.049374999999999995
3 0.8990234375 0.42268055555555556 0.017078125 0.043277777777777776