3 0.93265625 0.4402638888888889 0.0318984375 0.08290277777777777
3 0.8445625 0.5013472222222223 0.061078125000000004 0.12173611111111111
3 0.887546875 0.6831111111111111 0.07617968750000001 0.22106944444444443
0 0.632640625 0.37445833333333334 0.0166953125 0.06240277777777778
0 0.763046875 0.36901388888888886 0.0185703125 0.051527777777777777
0 0.6915703125 0.3582222222222222 0.0290234375 0.036875
0 0.4545 0.41473611111111114 0.035953125 0.07173611111111111
0 0.2597578125 0.5091388888888889 0.0528203125 0.09369444444444444
0 0.269046875 0.35966666666666663 0.0134609375 0.03336111111111111
0 0.1383515625 0.3978055555555556 0.0155390625 0.037861111111111116
3 0.0696796875 0.3934305555555555 0.012078125 0.03284722222222222
3 0.026140625 0.3909722222222222 0.0118125 0.021416666666666667
3 0.18563281250000002 0.36233333333333334 0.012828125000000001 0.02736111111111111
3 0.2795625 0.33704166666666663 0.008953125000000001 0.021972222222222223
3 0.3246875 0.3287777777777778 0.008421874999999999 0.020652777777777777
0 0.8869609374999999 0.37333333333333335 0.0166953125 0.04620833333333334
3 0.12144531249999999 0.3603611111111111 0.00940625 0.022430555555555554
0 0.37203906249999996 0.3360138888888889 0.014000000000000002 0.029638888888888888