0 0.0315 0.8333333333333334 0.060984375 0.1375648148148148
0 0.37446875 0.4583333333333333 0.026677083333333334 0.06746296296296296
0 0.49315625 0.3524814814814815 0.014114583333333335 0.03303703703703704
0 0.5163072916666667 0.3216851851851852 0.008755208333333332 0.021833333333333333
0 0.44639062500000004 0.3222407407407407 0.008145833333333333 0.020712962962962964
0 0.3399479166666667 0.3653518518518518 0.010057291666666666 0.02967592592592592
0 0.20307291666666666 0.43254629629629626 0.014104166666666666 0.03863888888888889
0 0.03191145833333334 0.5378148148148149 0.012567708333333334 0.04087962962962963
3 0.76965625 0.4477962962962963 0.028677083333333336 0.06945370370370371
3 0.6892135416666666 0.3478703703703704 0.011421875 0.032101851851851854
3 0.6650625 0.31534259259259256 0.007526041666666666 0.021685185185185186
3 0.6756875 0.3054814814814815 0.005791666666666666 0.016712962962962964
3 0.668046875 0.2979351851851852 0.0054531250000000005 0.01551851851851852