0 0.07734375 0.85625 0.06875 0.159375
0 0.33359375 0.45 0.0265625 0.0625
0 0.18125 0.47734375 0.015625 0.0421875
3 0.1203125 0.478125 0.0109375 0.0296875
3 0.871875 0.5640625 0.04375 0.0953125
3 0.6515625 0.3765625 0.0203125 0.0453125
3 0.596875 0.33828125 0.0125 0.0265625
3 0.58671875 0.315625 0.0125 0.025
3 0.5953125 0.30390625 0.0109375 0.0203125
3 0.61484375 0.2953125 0.009375 0.01875
0 0.38203125 0.371875 0.0140625 0.034375
0 0.296875 0.3921875 0.0125 0.03125
0 0.33828125 0.36015625 0.009375 0.021875
0 0.37421875 0.3328125 0.0078125 0.0171875
0 0.4421875 0.33203125 0.009375 0.021875
0 0.47421875 0.31640625 0.0078125 0.0203125
0 0.50546875 0.3015625 0.00625 0.0171875
3 0.22890625 0.39921875 0.009375 0.025
3 0.2859375 0.36484375 0.0078125 0.0171875