0 0.31796875 0.50703125 0.046875 0.0984375
0 0.4171875 0.42734375 0.0296875 0.06875
0 0.4625 0.384375 0.0203125 0.0453125
0 0.4515625 0.36171875 0.0125 0.0328125
0 0.4234375 0.3578125 0.009375 0.025
0 0.390625 0.36015625 0.0109375 0.0296875
0 0.96640625 0.3375 0.0140625 0.0296875
0 0.90625 0.32578125 0.0109375 0.025
0 0.88046875 0.31640625 0.0109375 0.021875
3 0.83359375 0.496875 0.0546875 0.1171875
3 0.71796875 0.39765625 0.0265625 0.0640625
3 0.66328125 0.35390625 0.01875 0.0453125
3 0.61484375 0.340625 0.015625 0.0328125
3 0.565625 0.334375 0.0109375 0.025
3 0.5078125 0.33515625 0.009375 0.0234375
3 0.94296875 0.36328125 0.01875 0.0390625
3 0.8546875 0.34375 0.0140625 0.0375
3 0.78828125 0.3296875 0.0109375 0.0234375
3 0.75703125 0.31796875 0.009375 0.025
3 0.75078125 0.3109375 0.009375 0.025
3 0.81796875 0.29765625 0.0078125 0.0203125
3 0.78125 0.303125 0.0078125 0.01875
0 0.35078125 0.3609375 0.0109375 0.0234375
0 0.3359375 0.35625 0.0078125 0.0203125
3 0.47109375 0.33515625 0.009375 0.01875