0 0.11796875 0.4 0.021875 0.0484375
0 0.27734375 0.371875 0.0203125 0.04375
0 0.43828125 0.52109375 0.0640625 0.134375
0 0.40234375 0.35859375 0.01875 0.0359375
0 0.53359375 0.346875 0.0171875 0.0375
0 0.621875 0.40625 0.0390625 0.0796875
0 0.64296875 0.340625 0.0203125 0.040625
0 0.73828125 0.36015625 0.028125 0.0578125
0 0.753125 0.3375 0.0203125 0.0421875
3 0.97578125 0.31015625 0.0171875 0.046875
3 0.8921875 0.3078125 0.01875 0.0421875
3 0.765625 0.31640625 0.0171875 0.034375
3 0.62265625 0.328125 0.015625 0.034375
3 0.5078125 0.3375 0.0140625 0.0328125
3 0.4078125 0.34609375 0.0140625 0.0359375
3 0.13046875 0.38046875 0.0171875 0.0359375