3 0.48444791666666664 0.5071666666666667 0.0383125 0.10956481481481481
3 0.22791145833333332 0.4722222222222222 0.04159375 0.09524074074074074
3 0.15537499999999999 0.42327777777777775 0.03044791666666667 0.0661388888888889
3 0.23683854166666668 0.38425925925925924 0.017781250000000002 0.04894444444444444
1 0.08320833333333333 0.3624351851851852 0.023026041666666667 0.0661388888888889
0 0.03894270833333333 0.3743425925925926 0.017828124999999997 0.042324074074074076
3 0.26659895833333336 0.36574074074074076 0.0133125 0.03306481481481482
1 0.27238541666666666 0.34975 0.011291666666666667 0.04798148148148148
1 0.280671875 0.3484814814814815 0.010963541666666667 0.045453703703703704
1 0.094140625 0.3598518518518518 0.013760416666666667 0.05808333333333333
3 0.2972447916666667 0.35059259259259257 0.010020833333333333 0.031148148148148147
3 0.3197291666666667 0.3362777777777778 0.007489583333333333 0.02273148148148148
3 0.32919791666666665 0.32449074074074075 0.0076614583333333335 0.02609259259259259
3 0.31783854166666664 0.31312962962962965 0.004651041666666666 0.016833333333333332
3 0.2816197916666667 0.3139722222222222 0.005135416666666667 0.020203703703703703
0 0.09153645833333333 0.3661574074074074 0.0095 0.03535185185185185
3 0.4271614583333333 0.28458333333333335 0.004833333333333333 0.012527777777777777
3 0.43650520833333334 0.2883981481481482 0.003911458333333334 0.012527777777777777
3 0.44355208333333335 0.2875833333333333 0.004666666666666667 0.01525