0 0.09921875 0.66171875 0.1078125 0.175
0 0.27109375 0.5 0.0453125 0.0875
0 0.334375 0.4484375 0.034375 0.06875
0 0.25 0.4328125 0.0265625 0.0515625
0 0.1296875 0.4421875 0.028125 0.0515625
3 0.9703125 0.50625 0.059375 0.171875
3 0.7859375 0.41640625 0.05625 0.1015625
3 0.665625 0.38359375 0.0296875 0.0625
3 0.60703125 0.36953125 0.0296875 0.05625
3 0.54140625 0.36796875 0.0234375 0.046875
3 0.43828125 0.3765625 0.0203125 0.0421875
3 0.315625 0.39140625 0.01875 0.0359375
3 0.17109375 0.41328125 0.01875 0.040625
3 0.0046875 0.446875 0.009375 0.0375