0 0.20637500000000003 0.5535694444444444 0.0340078125 0.09325
0 0.29007031250000004 0.44147222222222227 0.011664062499999999 0.043652777777777776
0 0.28003125 0.4107083333333333 0.0094375 0.03175
0 0.24571874999999999 0.4032777777777778 0.01 0.02876388888888889
0 0.20749218749999998 0.40029166666666666 0.006109375 0.024805555555555556
3 0.6873437499999999 0.4856111111111111 0.0283125 0.08431944444444445
3 0.5366953125 0.40426388888888887 0.0127265625 0.042652777777777776
3 0.44128125 0.38293055555555555 0.0071640625 0.02976388888888889
3 0.3695859375 0.3784722222222222 0.0077421875 0.024805555555555556
3 0.30764843750000004 0.3779722222222222 0.006640625 0.021819444444444447
3 0.9472265625 0.4074027777777778 0.017093749999999998 0.058638888888888886
3 0.7862265625 0.3719166666666666 0.0110625 0.040125
3 0.6859765624999999 0.35338888888888886 0.01021875 0.033944444444444444
3 0.6187109375000001 0.34876388888888893 0.007625 0.024694444444444446
3 0.5733046875000001 0.3449027777777778 0.007703125 0.021291666666666667
0 0.164765625 0.40231944444444445 0.006234375 0.021291666666666667
0 0.1238828125 0.40879166666666666 0.006765625 0.025
0 0.776671875 0.3509305555555555 0.0071328125 0.027777777777777776
0 0.6925625 0.3449027777777778 0.0066328125 0.02315277777777778
0 0.8769375 0.3680555555555556 0.0087109375 0.028708333333333336
3 0.2412890625 0.38379166666666664 0.00615625 0.021291666666666667
0 0.1803515625 0.39073611111111106 0.006171875 0.022222222222222223
0 0.06890625 0.41944444444444445 0.006195312499999999 0.022222222222222223