0 0.299734375 0.5290277777777778 0.042226562499999995 0.10481944444444444
0 0.3276015625 0.42533333333333334 0.0245546875 0.058319444444444445
0 0.293734375 0.39522222222222225 0.0110859375 0.03740277777777778
0 0.252203125 0.3923611111111111 0.008578125 0.0355
0 0.20710156249999997 0.3968055555555555 0.0131796875 0.03169444444444444
0 0.20015624999999998 0.38158333333333333 0.0107109375 0.02408333333333333
0 0.2217265625 0.3739861111111111 0.009640625 0.029152777777777774
0 0.24846093749999998 0.3660555555555556 0.0117890625 0.024722222222222222
3 0.747421875 0.4589166666666667 0.0355703125 0.07859722222222222
3 0.6033984375 0.3936388888888889 0.019296874999999998 0.04690277777777778
3 0.5130234375 0.3682777777777778 0.014640624999999999 0.03676388888888889
3 0.42940625 0.3606666666666667 0.0143046875 0.0355
3 0.3794921875 0.3603611111111111 0.0078125 0.024722222222222222
3 0.38537499999999997 0.35306944444444444 0.0046640625 0.020277777777777777
3 0.4497265625 0.34293055555555557 0.0071796874999999994 0.02408333333333333
3 0.5055156249999999 0.3384861111111111 0.0089765625 0.022819444444444444
3 0.5431250000000001 0.3337361111111111 0.010765625 0.024722222222222222
3 0.837640625 0.3844444444444445 0.015046875000000001 0.03866666666666667
3 0.76740625 0.35940277777777774 0.012890625 0.027888888888888887
3 0.741203125 0.34768055555555555 0.0111015625 0.023458333333333335
3 0.7615234375 0.3375416666666667 0.008968750000000001 0.01584722222222222
3 0.7898671875 0.3343611111111111 0.005765625 0.020916666666666667
3 0.8246249999999999 0.32929166666666665 0.0075546875 0.01711111111111111
3 0.7331796875000001 0.31851388888888893 0.0071796874999999994 0.01584722222222222
3 0.7715078125 0.3153472222222222 0.0046953125 0.013305555555555555
3 0.678765625 0.319125 0.0057578125 0.017597222222222222
0 0.9008515625 0.36590277777777774 0.008125 0.02408333333333333
0 0.8767578125 0.35130555555555554 0.006812500000000001 0.020847222222222222
0 0.8869140625 0.34644444444444444 0.0068203125 0.019458333333333334
0 0.9029375 0.3422777777777778 0.008125 0.017597222222222222