1 0.15546875 0.4046875 0.0125 0.0453125
1 0.16953125 0.40703125 0.0125 0.040625
1 0.18125 0.43203125 0.01875 0.0671875
1 0.2 0.42578125 0.021875 0.06875
0 0.0078125 0.52734375 0.015625 0.0453125
0 0.31171875 0.38984375 0.0140625 0.0390625
0 0.41953125 0.35546875 0.0109375 0.03125
0 0.6625 0.34765625 0.015625 0.0359375
0 0.63984375 0.38984375 0.0171875 0.0453125
0 0.45859375 0.47265625 0.0328125 0.0796875
0 0.09453125 0.75390625 0.0546875 0.1453125
3 0.85703125 0.38671875 0.0109375 0.0375
3 0.90078125 0.44453125 0.021875 0.046875
3 0.9625 0.5875 0.034375 0.090625