0 0.33103125 0.6658194444444444 0.06691406250000001 0.17502777777777778
0 0.365796875 0.418625 0.0258046875 0.06134722222222223
0 0.3837421875 0.37395833333333334 0.012078125 0.025555555555555554
0 0.3850078125 0.34741666666666665 0.007851562500000001 0.018541666666666665
0 0.36275 0.5047083333333333 0.032718750000000005 0.10369444444444444
1 0.3493671875 0.5042083333333333 0.05209375000000001 0.18384722222222222
1 0.354015625 0.4616388888888889 0.045671875 0.14979166666666666
1 0.8076718749999999 0.45386111111111105 0.0466953125 0.14527777777777778
1 0.7213125 0.41554166666666664 0.039671875 0.12373611111111112
3 0.7583671875 0.458875 0.03275 0.08516666666666667
3 0.6459453125 0.39475000000000005 0.0241875 0.05611111111111111
3 0.5528203125 0.35468055555555555 0.013218750000000001 0.03306944444444444
3 0.5070390625 0.33638888888888885 0.007875 0.026555555555555558
3 0.9055859375 0.3872361111111111 0.0142734375 0.035069444444444445
3 0.7885156249999999 0.3549305555555556 0.0106328125 0.026555555555555558
3 0.7337109374999999 0.3368888888888889 0.006984374999999999 0.020541666666666666
0 0.8991015625 0.36019444444444443 0.008640625 0.024041666666666666
0 0.8461328124999999 0.34641666666666665 0.0080859375 0.021541666666666667
0 0.8196484375 0.33513888888888893 0.0058359375 0.018027777777777778
3 0.489265625 0.3233611111111111 0.00671875 0.021541666666666667
3 0.498140625 0.3173611111111111 0.007000000000000001 0.018541666666666665
3 0.72328125 0.327375 0.0058515625 0.018541666666666665
0 0.3968984375 0.3307777777777778 0.007710937499999999 0.01659722222222222
0 0.416390625 0.322 0.0064296875000000005 0.013347222222222222