0 0.10390625 0.5703125 0.05625 0.140625
0 0.40078125 0.43203125 0.0265625 0.075
0 0.5484375 0.396875 0.0203125 0.05625
0 0.70625 0.3828125 0.015625 0.0484375
0 0.83515625 0.3953125 0.01875 0.046875
3 0.86328125 0.69375 0.0734375 0.1796875
3 0.8140625 0.55390625 0.046875 0.121875
3 0.84453125 0.4875 0.03125 0.0859375
3 0.9578125 0.46953125 0.0265625 0.0734375
0 0.9609375 0.42421875 0.021875 0.0640625
0 0.10859375 0.37890625 0.01875 0.046875
0 0.26015625 0.353125 0.01875 0.0515625
3 0.18359375 0.34140625 0.0125 0.0328125
3 0.06640625 0.3640625 0.015625 0.0390625