0 0.0421875 0.64453125 0.06875 0.13125
0 0.0203125 0.49453125 0.0265625 0.046875
0 0.1390625 0.46640625 0.0265625 0.05
0 0.21875 0.46875 0.0328125 0.059375
0 0.16328125 0.51484375 0.046875 0.075
3 0.05703125 0.4640625 0.0234375 0.0375
3 0.20078125 0.425 0.021875 0.034375
3 0.31796875 0.396875 0.0203125 0.034375
3 0.4140625 0.375 0.01875 0.0375
3 0.4703125 0.3703125 0.0265625 0.05
3 0.51484375 0.375 0.034375 0.05625
3 0.596875 0.39296875 0.0453125 0.0765625
3 0.70703125 0.43671875 0.0671875 0.115625