0 0.1546875 0.596875 0.0609375 0.1375
0 0.24921875 0.4515625 0.0328125 0.0609375
0 0.2375 0.4125 0.0203125 0.0453125
0 0.2015625 0.40390625 0.0171875 0.0359375
0 0.1484375 0.39921875 0.0140625 0.0296875
0 0.0859375 0.40703125 0.0109375 0.028125
0 0.028125 0.4171875 0.0140625 0.0265625
3 0.26484375 0.37265625 0.0140625 0.025
3 0.3390625 0.37578125 0.0140625 0.025
3 0.42578125 0.38046875 0.01875 0.0390625
3 0.5421875 0.415625 0.0265625 0.0546875
3 0.76328125 0.5453125 0.065625 0.11875
3 0.76640625 0.3796875 0.015625 0.0296875
3 0.60859375 0.3625 0.0125 0.025