1 0.30234375 0.346875 0.03125 0.0640625
1 0.30859375 0.34296875 0.0265625 0.05625
1 0.53359375 0.346875 0.021875 0.0578125
1 0.5390625 0.35 0.028125 0.065625
3 0.5859375 0.41171875 0.034375 0.059375
3 0.51640625 0.340625 0.0171875 0.0296875
3 0.76875 0.64609375 0.065625 0.1328125
0 0.13203125 0.5640625 0.0609375 0.1171875
0 0.26328125 0.403125 0.03125 0.05625
0 0.34296875 0.32421875 0.015625 0.028125
0 0.36328125 0.303125 0.0109375 0.0203125
0 0.0703125 0.39453125 0.01875 0.0375
0 0.14140625 0.35625 0.0125 0.028125
0 0.159375 0.33984375 0.0125 0.025
3 0.50078125 0.3140625 0.0109375 0.0203125