0 0.08359375 0.45859375 0.05 0.0890625
0 0.07109375 0.67109375 0.1140625 0.209375
0 0.09296875 0.38984375 0.028125 0.0453125
0 0.1109375 0.36015625 0.0203125 0.0328125
0 0.1375 0.34296875 0.015625 0.028125
0 0.16875 0.33671875 0.0109375 0.0265625
0 0.2171875 0.32734375 0.0125 0.021875
3 0.7390625 0.5234375 0.0703125 0.1265625
3 0.43828125 0.40078125 0.0375 0.0703125
3 0.3203125 0.365625 0.025 0.04375
3 0.27421875 0.35 0.01875 0.0375
3 0.3171875 0.328125 0.0140625 0.0234375
3 0.26796875 0.33203125 0.0078125 0.0234375
3 0.2609375 0.33046875 0.009375 0.025
3 0.95 0.403125 0.0125 0.0265625
3 0.86328125 0.38046875 0.0078125 0.01875
3 0.7703125 0.3609375 0.0125 0.0234375