0 0.14375 0.61640625 0.05625 0.125
0 0.37890625 0.4296875 0.0171875 0.053125
0 0.50859375 0.37265625 0.0125 0.0359375
0 0.55390625 0.35703125 0.009375 0.028125
0 0.584375 0.3453125 0.0078125 0.0234375
3 0.8046875 0.54609375 0.0515625 0.1265625
3 0.69375 0.41875 0.0203125 0.0625
3 0.71015625 0.38125 0.015625 0.05
3 0.71328125 0.3453125 0.0078125 0.0265625
3 0.69453125 0.33125 0.0078125 0.01875
3 0.89453125 0.3609375 0.009375 0.0296875
3 0.85546875 0.3453125 0.0109375 0.0328125
3 0.82421875 0.3390625 0.00625 0.028125
3 0.8109375 0.3296875 0.00625 0.0234375
3 0.6671875 0.325 0.0078125 0.021875
3 0.62890625 0.3203125 0.00625 0.01875
0 0.56484375 0.328125 0.00625 0.01875