3 0.08984375 0.49375 0.0171875 0.034375
3 0.16484375 0.471875 0.01875 0.0328125
3 0.24453125 0.44765625 0.0203125 0.034375
3 0.33125 0.43125 0.0203125 0.0359375
3 0.3953125 0.42421875 0.0234375 0.040625
3 0.4390625 0.425 0.0265625 0.0453125
3 0.50390625 0.434375 0.0359375 0.059375
3 0.57890625 0.46328125 0.046875 0.078125
3 0.66875 0.52265625 0.075 0.125
3 0.95 0.7125 0.1 0.303125
0 0.09765625 0.50390625 0.0203125 0.0375
0 0.15 0.49609375 0.0234375 0.0421875
0 0.16171875 0.51796875 0.034375 0.0546875
0 0.14609375 0.5640625 0.0421875 0.0734375
0 0.03828125 0.653125 0.0515625 0.0984375