0 0.02109375 0.5 0.025 0.05
0 0.16640625 0.396875 0.0203125 0.0375
0 0.21796875 0.490625 0.0421875 0.08125
0 0.26796875 0.33203125 0.009375 0.0203125
0 0.2421875 0.35078125 0.0109375 0.0234375
0 0.3015625 0.37421875 0.0171875 0.0359375
0 0.315625 0.3390625 0.0125 0.025
3 0.475 0.3125 0.0078125 0.0171875
3 0.4828125 0.3078125 0.00625 0.015625
3 0.48046875 0.3265625 0.0109375 0.01875
3 0.5140625 0.34765625 0.015625 0.028125
3 0.6109375 0.41171875 0.0296875 0.053125
3 0.7625 0.60078125 0.05625 0.1171875
3 0.08046875 0.41171875 0.0125 0.021875
3 0.16796875 0.3609375 0.009375 0.01875
0 0.35703125 0.31640625 0.0078125 0.015625