0 0.28203125 0.5921875 0.0546875 0.11875
0 0.30390625 0.47578125 0.03125 0.065625
0 0.26484375 0.4453125 0.015625 0.0421875
0 0.21875 0.4453125 0.0125 0.0390625
0 0.1703125 0.453125 0.0171875 0.0359375
0 0.1609375 0.4375 0.0140625 0.0265625
0 0.184375 0.42734375 0.0125 0.0328125
0 0.21328125 0.41640625 0.015625 0.028125
3 0.76640625 0.48046875 0.0453125 0.0890625
3 0.60390625 0.41953125 0.025 0.053125
3 0.503125 0.3984375 0.01875 0.0421875
3 0.41015625 0.396875 0.01875 0.040625
3 0.35625 0.40078125 0.0109375 0.028125
3 0.36171875 0.3921875 0.0078125 0.0234375
3 0.43203125 0.37578125 0.009375 0.0265625
3 0.4921875 0.36640625 0.0125 0.025
3 0.5328125 0.35859375 0.0140625 0.028125
3 0.859375 0.3921875 0.01875 0.04375
3 0.78046875 0.3703125 0.015625 0.03125
3 0.75078125 0.35859375 0.0140625 0.0265625
3 0.77265625 0.34609375 0.0109375 0.0171875
3 0.80390625 0.33984375 0.0078125 0.0234375
3 0.84140625 0.33203125 0.009375 0.01875
3 0.73984375 0.32734375 0.009375 0.0171875
3 0.78203125 0.32109375 0.00625 0.015625
3 0.68125 0.33203125 0.0078125 0.0203125
0 0.92734375 0.36640625 0.0109375 0.0265625
0 0.9 0.35234375 0.009375 0.0234375
0 0.9109375 0.34609375 0.009375 0.021875
0 0.928125 0.340625 0.009375 0.0203125