0 0.351421875 0.4267916666666667 0.027875 0.064375
0 0.082796875 0.6238611111111111 0.0665 0.15175
0 0.5315624999999999 0.37619444444444444 0.014460937500000002 0.044361111111111115
0 0.659 0.3621388888888889 0.010781250000000001 0.03273611111111111
0 0.7613125000000001 0.35236111111111107 0.0088515625 0.026055555555555557
0 0.822578125 0.3532222222222222 0.0064453125 0.021847222222222223
3 0.8329921875 0.3919583333333333 0.014921875000000001 0.042805555555555555
3 0.7656875000000001 0.41750000000000004 0.022570312500000002 0.05898611111111111
3 0.7453671875000001 0.4801944444444445 0.03625 0.08873611111111111
3 0.9369687499999999 0.37995833333333334 0.008749999999999999 0.023166666666666665
3 0.8961406249999999 0.38209722222222225 0.011046875000000001 0.030333333333333334
3 0.9651875000000001 0.3796111111111111 0.0069765625 0.015041666666666667