0 0.06255208333333333 0.5565740740740741 0.05298958333333333 0.14621296296296296
0 0.18447916666666667 0.44975000000000004 0.03344791666666667 0.06749074074074074
0 0.15866666666666665 0.39349074074074075 0.020515625 0.04755555555555555
0 0.209484375 0.40490740740740744 0.026911458333333336 0.06510185185185186
3 0.25840625 0.3670277777777778 0.0235625 0.04490740740740741
3 0.3465416666666667 0.3684351851851852 0.02275 0.04507407407407407
3 0.44611979166666665 0.3696666666666667 0.02696875 0.05017592592592592
3 0.51646875 0.3928611111111111 0.026302083333333334 0.06481481481481481
3 0.5813333333333334 0.41094444444444445 0.036984375 0.07717592592592593
3 0.6840677083333334 0.45628703703703705 0.040072916666666666 0.10701851851851851
3 0.8807291666666667 0.6057592592592593 0.07625 0.16258333333333333