0 0.027973958333333333 0.6722777777777778 0.055953125000000006 0.19058333333333335
0 0.2816458333333333 0.4740740740740741 0.053473958333333335 0.10806481481481481
0 0.28594270833333335 0.36525 0.019354166666666665 0.0514537037037037
0 0.19166145833333334 0.3643796296296296 0.020015625 0.04749074074074074
0 0.05108854166666667 0.3656481481481481 0.019177083333333334 0.044972222222222226
0 0.39388541666666665 0.4037685185185185 0.030197916666666665 0.06644444444444444
0 0.38606250000000003 0.3717314814814815 0.019625 0.05608333333333333
1 0.8995416666666666 0.3004907407407407 0.014385416666666668 0.04780555555555556
3 0.8095572916666666 0.40955555555555556 0.0370625 0.07896296296296297
3 0.75653125 0.3739259259259259 0.026166666666666668 0.06583333333333333
3 0.9603437499999999 0.31324074074074076 0.007963541666666666 0.02675
3 0.9542604166666667 0.3098148148148148 0.007822916666666667 0.023425925925925926
3 0.9453125 0.3107685185185185 0.006671875 0.02074074074074074
3 0.9839635416666667 0.3077314814814815 0.0093125 0.02062037037037037
3 0.988515625 0.5613518518518519 0.02296875 0.08824074074074074
3 0.6302447916666666 0.34658333333333335 0.01769270833333333 0.04069444444444445
3 0.7042916666666666 0.3565648148148148 0.021307291666666665 0.046620370370370375
3 0.5407864583333333 0.341037037037037 0.017755208333333335 0.0410925925925926
3 0.4329114583333334 0.33987962962962964 0.015885416666666666 0.03648148148148148
3 0.342484375 0.34324074074074074 0.014739583333333334 0.034055555555555554
3 0.17306249999999998 0.3465740740740741 0.014140624999999999 0.036166666666666666
3 0.02999479166666667 0.3508148148148148 0.014093749999999999 0.03365740740740741
3 0.7675052083333332 0.27846296296296297 0.00746875 0.0165
3 0.7856979166666667 0.28753703703703704 0.006958333333333333 0.015268518518518516
3 0.7974374999999999 0.2833333333333333 0.007177083333333333 0.014824074074074076