3 0.1140625 0.4578125 0.0171875 0.034375
3 0.25 0.42421875 0.0171875 0.034375
3 0.3640625 0.40390625 0.0171875 0.034375
3 0.4578125 0.390625 0.01875 0.0390625
3 0.5125 0.38828125 0.021875 0.0453125
3 0.56015625 0.39765625 0.025 0.0515625
3 0.6453125 0.4125 0.0421875 0.071875
3 0.7578125 0.45390625 0.0640625 0.1078125
0 0.0859375 0.48203125 0.0203125 0.0375
0 0.20078125 0.46171875 0.0265625 0.046875
0 0.278125 0.4671875 0.0296875 0.05625
0 0.234375 0.50546875 0.040625 0.0734375
0 0.1375 0.6078125 0.0765625 0.1171875