0 0.18515625 0.621875 0.1171875 0.2078125
0 0.221875 0.44921875 0.0578125 0.0890625
0 0.11484375 0.40078125 0.040625 0.065625
0 0.05703125 0.37109375 0.021875 0.0390625
0 0.0421875 0.3546875 0.021875 0.034375
3 0.88359375 0.64921875 0.0875 0.140625
3 0.62578125 0.471875 0.0515625 0.08125
3 0.503125 0.42109375 0.034375 0.0546875
3 0.33046875 0.37421875 0.03125 0.0453125
3 0.2296875 0.35703125 0.021875 0.0359375
3 0.17578125 0.346875 0.01875 0.03125
3 0.153125 0.3375 0.01875 0.0296875
3 0.94140625 0.475 0.0203125 0.034375
3 0.83984375 0.42890625 0.01875 0.03125