0 0.1303359375 0.7597222222222222 0.09603125 0.2111111111111111
0 0.4092109375 0.4375 0.033468750000000005 0.06666666666666667
0 0.47254687500000003 0.3774027777777778 0.016296875 0.03888888888888889
0 0.519078125 0.3513611111111111 0.0099765625 0.03295833333333333
0 0.557265625 0.34115277777777775 0.007000000000000001 0.020430555555555556
3 0.7454296874999999 0.4228888888888889 0.028828125 0.07318055555555555
3 0.6683125000000001 0.3774027777777778 0.015640625 0.034944444444444445
3 0.65478125 0.3513611111111111 0.010687499999999999 0.027680555555555555
3 0.6660859375 0.3398333333333333 0.0082265625 0.02702777777777778
3 0.9089609375000001 0.3675138888888889 0.00825 0.03098611111111111
3 0.8377734374999999 0.3451111111111111 0.0074921875 0.023069444444444445