0 0.43125 0.4265625 0.05625 0.0875
0 0.54375 0.37421875 0.0265625 0.04375
0 0.61171875 0.36875 0.01875 0.03125
0 0.67578125 0.3703125 0.0125 0.025
3 0.81875 0.528125 0.0515625 0.0890625
3 0.75859375 0.43828125 0.0234375 0.0375
3 0.76640625 0.41484375 0.01875 0.0296875
3 0.796875 0.41171875 0.0171875 0.028125
3 0.840625 0.41484375 0.0140625 0.025
3 0.871875 0.4203125 0.0125 0.0203125
0 0.746875 0.38359375 0.015625 0.0234375
0 0.78359375 0.3875 0.0140625 0.021875
3 0.90078125 0.42265625 0.0109375 0.0203125
3 0.90625 0.41953125 0.0078125 0.015625