0 0.20546875 0.5296875 0.0671875 0.1421875
0 0.3890625 0.39609375 0.03125 0.0625
0 0.4484375 0.35546875 0.0171875 0.0390625
0 0.47421875 0.33671875 0.0109375 0.0265625
0 0.484375 0.32734375 0.0109375 0.021875
3 0.859375 0.59921875 0.0625 0.1265625
3 0.71484375 0.4421875 0.0328125 0.06875
3 0.65546875 0.3875 0.0171875 0.0421875
3 0.62421875 0.3578125 0.0125 0.0296875
3 0.6 0.340625 0.0109375 0.021875
3 0.97109375 0.484375 0.028125 0.065625
3 0.84453125 0.415625 0.028125 0.0515625
3 0.7921875 0.384375 0.0171875 0.034375
3 0.7703125 0.371875 0.015625 0.034375
3 0.73828125 0.359375 0.0125 0.0296875
0 0.975 0.44375 0.0171875 0.0328125
0 0.9109375 0.4125 0.0140625 0.0296875
0 0.8703125 0.39375 0.0125 0.0265625
0 0.0796875 0.33828125 0.0203125 0.046875
0 0.11875 0.3203125 0.0140625 0.0328125
0 0.11953125 0.30703125 0.0109375 0.025
0 0.11015625 0.29765625 0.0109375 0.025
0 0.4796875 0.31875 0.009375 0.0234375
3 0.5734375 0.3296875 0.0125 0.0234375
3 0.546875 0.31953125 0.0109375 0.021875
0 0.81953125 0.3734375 0.0109375 0.0234375