1 0.0640625 0.58671875 0.128125 0.2828125
1 0.178125 0.5 0.10625 0.2046875
1 0.85 0.6890625 0.15 0.30625
1 0.7390625 0.5578125 0.0984375 0.21875
0 0.12265625 0.57734375 0.075 0.1625
0 0.29921875 0.44140625 0.0484375 0.0890625
0 0.4 0.37578125 0.028125 0.05625
0 0.43515625 0.353125 0.015625 0.034375
3 0.78046875 0.63671875 0.0875 0.1828125
3 0.67890625 0.47734375 0.05 0.084375
3 0.60859375 0.3921875 0.0203125 0.0453125
3 0.575 0.3640625 0.0140625 0.03125
3 0.56796875 0.3484375 0.0125 0.0265625
3 0.58203125 0.34375 0.0109375 0.0265625
3 0.9046875 0.45234375 0.0203125 0.0390625
3 0.84609375 0.41328125 0.0125 0.028125
3 0.84140625 0.4 0.009375 0.025
0 0.98046875 0.45625 0.0171875 0.0296875
0 0.9515625 0.4359375 0.0140625 0.025
0 0.4640625 0.33828125 0.009375 0.01875