3 0.8140625 0.39765625 0.065625 0.15
3 0.83046875 0.2453125 0.025 0.0734375
3 0.8296875 0.18828125 0.015625 0.0515625
3 0.84453125 0.1734375 0.0125 0.0390625
3 0.8390625 0.16171875 0.0125 0.0453125
3 0.82421875 0.13984375 0.009375 0.03125
0 0.2328125 0.26171875 0.034375 0.0875
0 0.4546875 0.18125 0.025 0.0578125
0 0.58046875 0.15703125 0.01875 0.05
0 0.628125 0.14765625 0.015625 0.040625
0 0.653125 0.1328125 0.009375 0.03125
0 0.67265625 0.12890625 0.009375 0.0296875
0 0.70625 0.1296875 0.009375 0.025
0 0.71171875 0.1203125 0.0078125 0.0265625
0 0.05 0.23046875 0.015625 0.05
0 0.2 0.16875 0.015625 0.0359375
0 0.30546875 0.13515625 0.0125 0.0328125
0 0.39453125 0.1171875 0.015625 0.034375
0 0.4625 0.1078125 0.009375 0.025
3 0.015625 0.21640625 0.0125 0.0328125
3 0.1203125 0.17890625 0.0140625 0.040625
3 0.20546875 0.14765625 0.0125 0.03125
3 0.278125 0.1296875 0.009375 0.034375
3 0.3453125 0.11796875 0.009375 0.03125
3 0.4109375 0.10546875 0.009375 0.034375