0 0.03752083333333334 0.6631481481481482 0.07504166666666667 0.19666666666666668
0 0.24375 0.48477777777777775 0.05425 0.11308333333333333
0 0.35083854166666667 0.4091111111111111 0.03559895833333333 0.07139814814814814
0 0.413671875 0.37184259259259256 0.020078125 0.05337962962962963
0 0.4035989583333333 0.3518148148148148 0.016182291666666668 0.04326851851851852
0 0.3186666666666667 0.3431018518518519 0.014848958333333334 0.03925
0 0.23913541666666666 0.347287037037037 0.017619791666666666 0.038675925925925926
0 0.12352083333333333 0.34750925925925924 0.01446875 0.03464814814814815
3 0.091046875 0.3354537037037037 0.014083333333333333 0.03587962962962963
3 0.3562708333333333 0.32814814814814813 0.012078125 0.030212962962962966
3 0.43479166666666663 0.3278333333333333 0.014838541666666667 0.034055555555555554
3 0.52721875 0.3290648148148148 0.013541666666666667 0.032046296296296295
3 0.6039114583333334 0.3313611111111111 0.014869791666666667 0.04329629629629629
3 0.6631979166666666 0.33731481481481485 0.021374999999999998 0.04406481481481482
3 0.6969114583333333 0.3513148148148148 0.020880208333333334 0.04525
3 0.7205104166666667 0.37340740740740735 0.025838541666666666 0.06410185185185185
3 0.8089635416666667 0.4351666666666667 0.04877604166666667 0.09219444444444444
1 0.85765625 0.2938981481481482 0.014510416666666666 0.043694444444444445