0 0.0923984375 0.6977361111111111 0.0799375 0.16940277777777776
0 0.207046875 0.42 0.009765625 0.028805555555555553
0 0.23275 0.4352916666666667 0.015109375 0.042194444444444444
0 0.2216953125 0.48794444444444446 0.0280078125 0.06922222222222223
0 0.16903125000000002 0.41718055555555555 0.011617187499999999 0.032625
0 0.1150625 0.42105555555555557 0.01015625 0.025916666666666668
0 0.05559375 0.4322083333333333 0.011015625 0.02647222222222222
3 0.0891875 0.41425 0.0098125 0.02361111111111111
3 0.10704687500000001 0.4000694444444445 0.0068515625 0.014958333333333332
3 0.1483046875 0.40226388888888887 0.00728125 0.02175
3 0.20928125 0.3915 0.0103828125 0.024055555555555556
3 0.2772890625 0.3885 0.0087890625 0.022805555555555558
3 0.35125 0.3860138888888889 0.010859375000000001 0.029861111111111113
1 0.35321875 0.35555555555555557 0.00709375 0.029638888888888888
1 0.37259375 0.3569583333333333 0.0094453125 0.029249999999999998
3 0.36262500000000003 0.3645833333333333 0.00646875 0.022361111111111113
3 0.402828125 0.3629027777777778 0.005828125 0.017277777777777777
1 0.4222578125 0.3481944444444444 0.0067734375 0.02336111111111111
3 0.43822656249999997 0.39740277777777777 0.0136015625 0.04540277777777778
3 0.5022031250000001 0.3602916666666667 0.0106171875 0.024638888888888887
3 0.5501171874999999 0.43605555555555553 0.027523437499999998 0.06601388888888889
3 0.8423203125000001 0.6016944444444445 0.0678359375 0.17606944444444445
3 0.8526093749999999 0.37590277777777775 0.0123828125 0.03120833333333333
3 0.777640625 0.3685555555555556 0.0104921875 0.029486111111111112
0 0.7975234375 0.36391666666666667 0.008515625 0.0245
0 0.903859375 0.37368055555555557 0.0095390625 0.02677777777777778
3 0.9345390625000001 0.3953055555555556 0.011921875 0.031055555555555555
3 0.6263359375 0.3583055555555556 0.0097421875 0.026125
0 0.655421875 0.35320833333333335 0.00671875 0.018333333333333333
3 0.2913203125 0.36691666666666667 0.005921875 0.018152777777777778
3 0.3229921875 0.36330555555555555 0.006500000000000001 0.017333333333333333
3 0.267234375 0.36869444444444444 0.004859375 0.014013888888888888
3 0.047765625 0.41637500000000005 0.0051328125 0.021819444444444447
1 0.44850781250000005 0.3533194444444444 0.0124765625 0.017819444444444443
0 0.052359375 0.40581944444444445 0.006 0.015708333333333335