0 0.23051562499999997 0.5383611111111111 0.030416666666666665 0.08730555555555557
0 0.13752083333333334 0.5125648148148149 0.018536458333333335 0.05687962962962963
3 0.138640625 0.45039814814814816 0.010348958333333333 0.030425925925925926
3 0.7664322916666666 0.4699074074074074 0.03627604166666667 0.07175925925925926
3 0.6990572916666667 0.3755833333333333 0.020015625 0.04050925925925926
3 0.6915677083333333 0.3454907407407407 0.014161458333333333 0.028935185185185185
3 0.70784375 0.32407407407407407 0.009276041666666667 0.02546296296296296
3 0.24529687500000003 0.3843981481481481 0.007807291666666666 0.019462962962962963
3 0.3133229166666667 0.3461666666666667 0.007010416666666667 0.018074074074074072
0 0.2773541666666667 0.40142592592592596 0.012489583333333333 0.03266666666666667
0 0.36277604166666666 0.3496388888888889 0.009734375 0.027805555555555556
0 0.44175 0.3711851851851852 0.016755208333333334 0.04309259259259259
0 0.5054791666666667 0.3388611111111111 0.010489583333333333 0.027111111111111114
0 0.5535677083333332 0.3155833333333333 0.007348958333333333 0.018074074074074072
0 0.592078125 0.30724074074074076 0.006953125 0.015296296296296296