0 0.28671875 0.475 0.0625 0.11875
0 0.3328125 0.3703125 0.0359375 0.065625
0 0.30234375 0.33203125 0.0171875 0.040625
0 0.25859375 0.321875 0.015625 0.0390625
0 0.21015625 0.31875 0.01875 0.0359375
0 0.20546875 0.3015625 0.015625 0.0265625
0 0.2296875 0.29765625 0.015625 0.0328125
0 0.259375 0.29296875 0.0171875 0.028125
3 0.77265625 0.47578125 0.0515625 0.0890625
3 0.63125 0.38203125 0.028125 0.053125
3 0.53984375 0.33984375 0.021875 0.0421875
3 0.45234375 0.31875 0.021875 0.040625
3 0.39921875 0.309375 0.0125 0.028125
3 0.40625 0.30234375 0.0078125 0.021875
3 0.4765625 0.30234375 0.0125 0.0265625
3 0.53671875 0.30703125 0.0125 0.025
3 0.5765625 0.30859375 0.015625 0.028125
3 0.88125 0.41171875 0.0234375 0.04375
3 0.8109375 0.3734375 0.01875 0.03125
3 0.78515625 0.35703125 0.015625 0.0265625
3 0.8078125 0.34921875 0.0125 0.01875
3 0.83828125 0.35078125 0.009375 0.0234375
3 0.8765625 0.3515625 0.0109375 0.0203125
3 0.78203125 0.325 0.0109375 0.01875
3 0.82265625 0.32734375 0.00625 0.0140625
3 0.7234375 0.31640625 0.009375 0.01875
0 0.9515625 0.403125 0.0125 0.0265625
0 0.928125 0.38359375 0.0109375 0.0234375
0 0.93984375 0.3796875 0.0109375 0.021875
0 0.9578125 0.378125 0.0109375 0.0203125