0 0.1390625 0.55078125 0.034375 0.1
0 0.1265625 0.496875 0.0203125 0.05625
0 0.10625 0.4703125 0.015625 0.0484375
0 0.08203125 0.46875 0.0171875 0.040625
3 0.66640625 0.465625 0.0453125 0.0875
3 0.48046875 0.42265625 0.034375 0.06875
3 0.36640625 0.40625 0.0171875 0.04375
3 0.30234375 0.40078125 0.01875 0.0375
3 0.0640625 0.440625 0.0125 0.034375
3 0.2296875 0.40546875 0.0140625 0.0453125
3 0.9328125 0.35859375 0.015625 0.0421875
3 0.8265625 0.359375 0.021875 0.053125
3 0.6609375 0.35390625 0.0171875 0.0484375
3 0.53203125 0.35546875 0.0125 0.0375
0 0.60625 0.33359375 0.0109375 0.0328125
0 0.7125 0.33125 0.0109375 0.0328125
0 0.8125 0.33203125 0.0125 0.0328125
0 0.8609375 0.3328125 0.009375 0.0390625
0 0.909375 0.33125 0.009375 0.0328125