0 0.209375 0.57890625 0.096875 0.146875
0 0.32890625 0.453125 0.0578125 0.0921875
0 0.375 0.37421875 0.028125 0.053125
0 0.3921875 0.3921875 0.0328125 0.0578125
0 0.28359375 0.3859375 0.0234375 0.040625
0 0.2015625 0.40546875 0.028125 0.0484375
0 0.0796875 0.4328125 0.021875 0.0375
3 0.04609375 0.42578125 0.0203125 0.0359375
3 0.3234375 0.3609375 0.025 0.0390625
3 0.40390625 0.340625 0.021875 0.0359375
3 0.5015625 0.321875 0.021875 0.0359375
3 0.58203125 0.30703125 0.0234375 0.040625
3 0.6484375 0.3015625 0.028125 0.0453125
3 0.690625 0.30625 0.0328125 0.05625
3 0.7296875 0.3265625 0.046875 0.071875
3 0.85703125 0.37578125 0.078125 0.128125
1 0.83125 0.2109375 0.0234375 0.046875