0 0.2170859375 0.553125 0.050609375 0.11165277777777778
0 0.3717109375 0.40862499999999996 0.0220703125 0.049722222222222216
0 0.4136640625 0.3725 0.014351562500000001 0.03752777777777778
3 0.7619921875 0.5090138888888889 0.052125 0.10977777777777778
3 0.6150234375 0.3917361111111111 0.0211953125 0.04597222222222223
3 0.565421875 0.35654166666666665 0.0095703125 0.030027777777777778
3 0.5519609375 0.34012499999999996 0.01009375 0.027208333333333334
3 0.567265625 0.3321527777777778 0.009046875 0.020638888888888887
3 0.8583046875000001 0.3664027777777778 0.0138671875 0.034722222222222224
3 0.945640625 0.40205555555555555 0.013359375000000001 0.04597222222222223
3 0.8408906249999999 0.3480972222222222 0.007531250000000001 0.026277777777777782
0 0.443515625 0.34576388888888887 0.0074296875 0.021583333333333333
0 0.474390625 0.3345 0.009015625 0.023458333333333335
0 0.9604687500000001 0.3660416666666667 0.0085078125 0.01976388888888889
0 0.943171875 0.35525 0.0075546875 0.01940277777777778
0 0.5308515625 0.3222916666666667 0.007046874999999999 0.018625
3 0.5941562499999999 0.3271527777777778 0.007484375 0.019430555555555555
3 0.6435703125 0.3235 0.006562500000000001 0.014569444444444444
3 0.7033515625 0.32108333333333333 0.0054140625 0.014569444444444444