0 0.1984375 0.7609375 0.0984375 0.25
0 0.44453125 0.43203125 0.025 0.0609375
0 0.49765625 0.371875 0.0140625 0.040625
0 0.53984375 0.3484375 0.009375 0.0265625
0 0.578125 0.3390625 0.0078125 0.0203125
0 0.92265625 0.34140625 0.0078125 0.021875
3 0.9390625 0.37109375 0.0125 0.03125
3 0.784375 0.42734375 0.0265625 0.0640625
3 0.86328125 0.34921875 0.009375 0.0234375
3 0.6984375 0.371875 0.0125 0.03125
3 0.6796875 0.3515625 0.009375 0.028125
3 0.68984375 0.3390625 0.00625 0.0234375
3 0.70078125 0.334375 0.0078125 0.021875
0 0.60703125 0.33359375 0.00625 0.015625
0 0.62734375 0.328125 0.00625 0.0140625