0 0.071875 0.5578125 0.021875 0.0421875
0 0.1578125 0.63984375 0.0484375 0.090625
0 0.15859375 0.45546875 0.0109375 0.0234375
0 0.1375 0.48359375 0.0125 0.025
0 0.2078125 0.4890625 0.0203125 0.040625
0 0.21171875 0.44765625 0.0140625 0.0265625
3 0.37265625 0.3671875 0.009375 0.0203125
3 0.3796875 0.359375 0.0078125 0.0171875
3 0.3828125 0.38046875 0.0109375 0.021875
3 0.42578125 0.39140625 0.0171875 0.0328125
3 0.5484375 0.428125 0.0328125 0.059375
3 0.771875 0.58046875 0.065625 0.13125
3 0.06171875 0.51875 0.0109375 0.021875
0 0.2484375 0.41015625 0.009375 0.0171875