0 0.160796875 0.6284722222222222 0.04603125 0.13472222222222222
0 0.5142734375 0.4305555555555556 0.0186015625 0.06388888888888888
0 0.6466796875 0.37569444444444444 0.0099765625 0.03194444444444444
0 0.69940625 0.35833333333333334 0.0060625 0.022222222222222223
3 0.8989921875 0.48819444444444443 0.025546875000000004 0.07916666666666666
3 0.8642265625000001 0.40902777777777777 0.0091484375 0.04583333333333333
3 0.854859375 0.38263888888888886 0.007585937500000001 0.02638888888888889
0 0.7342265625 0.3486111111111111 0.007664062500000001 0.021291666666666667
0 0.7725 0.3449027777777778 0.00609375 0.017597222222222222
3 0.8519375 0.36759722222222224 0.007671875 0.03148611111111111
3 0.8649609375 0.3597222222222222 0.005585937500000001 0.019444444444444445
3 0.8860468750000001 0.35833333333333334 0.004015625 0.016666666666666666