0 0.11939843750000001 0.7284722222222222 0.0616484375 0.18194444444444444
0 0.1376953125 0.5746944444444444 0.035476562499999996 0.10104166666666667
0 0.1300859375 0.5034305555555556 0.02634375 0.06315277777777778
0 0.1909765625 0.4506527777777778 0.0171953125 0.046013888888888896
0 0.255421875 0.4195277777777778 0.015296874999999998 0.03969444444444444
0 0.3166015625 0.39755555555555555 0.0110625 0.03098611111111111
0 0.37808593749999997 0.38459722222222226 0.009234375 0.026486111111111113
0 0.4593828125 0.3738888888888889 0.012617187499999998 0.026486111111111113
0 0.5428984375 0.36740277777777774 0.009109375 0.02479166666666667
0 0.6327578125 0.3634583333333333 0.0088046875 0.022541666666666668
0 0.721828125 0.3583888888888889 0.007531250000000001 0.021416666666666667
0 0.78459375 0.3541666666666667 0.0069140625 0.01972222222222222
3 0.6438671874999999 0.4739166666666667 0.037351562500000005 0.08902777777777778
3 0.52025 0.433625 0.019609375000000002 0.058041666666666665
3 0.5273828125 0.40375 0.014851562500000002 0.042263888888888886
3 0.6494140625 0.38769444444444445 0.0123046875 0.036069444444444446
3 0.7446640625 0.3798055555555555 0.012 0.036069444444444446
3 0.7987109375 0.37416666666666665 0.0104140625 0.033805555555555554
3 0.8652734375 0.37248611111111113 0.0104140625 0.030430555555555554
1 0.8248671875 0.347125 0.010109375 0.036069444444444446
1 0.8418203125 0.34768055555555555 0.00978125 0.030430555555555554
1 0.9093359375000001 0.36318055555555556 0.011046875000000001 0.036625000000000005
1 0.9299375 0.36318055555555556 0.0097734375 0.0355
3 0.9197890624999999 0.3679722222222222 0.007875 0.02479166666666667
0 0.834375 0.35359722222222223 0.0063046875 0.02423611111111111
0 0.8776406250000001 0.35106944444444443 0.006609375000000001 0.021416666666666667