0 0.148328125 0.7343796296296297 0.051375 0.14699074074074073
0 0.43541145833333333 0.4074074074074074 0.022677083333333334 0.05324074074074074
0 0.513203125 0.3425925925925926 0.012895833333333334 0.03009259259259259
3 0.778875 0.48944444444444446 0.034979166666666665 0.07668518518518518
3 0.6991666666666667 0.3661388888888889 0.0168125 0.036083333333333335
3 0.7019166666666667 0.3311851851851852 0.007927083333333333 0.0202962962962963
0 0.569984375 0.3199074074074074 0.007109375 0.021805555555555557
0 0.60825 0.30862962962962964 0.008369791666666666 0.017296296296296296
0 0.6236875000000001 0.2999814814814815 0.0054062500000000005 0.012027777777777778
0 0.5304479166666667 0.30787037037037035 0.005005208333333333 0.017296296296296296
0 0.47145833333333337 0.3202777777777778 0.007130208333333333 0.018046296296296296
0 0.383078125 0.33982407407407406 0.007994791666666666 0.019546296296296294
0 0.28941666666666666 0.3672685185185185 0.010130208333333333 0.021805555555555557
0 0.21731770833333333 0.3894444444444445 0.008875 0.021055555555555553
3 0.31224999999999997 0.35035185185185186 0.006739583333333333 0.018046296296296296
3 0.3919583333333333 0.33005555555555555 0.007145833333333334 0.018046296296296296
3 0.4530625 0.3146388888888889 0.005864583333333334 0.014287037037037037
3 0.22979166666666667 0.37365740740740744 0.0067552083333333336 0.015037037037037036
3 0.7076250000000001 0.31426851851851856 0.0058125 0.016537037037037038
0 0.13268229166666667 0.42262962962962963 0.006307291666666667 0.018787037037037036
0 0.040640625 0.47147222222222224 0.0060625 0.02160185185185185
3 0.152359375 0.40501851851851856 0.004984375 0.02112962962962963
3 0.07959895833333334 0.4390648148148148 0.003677083333333333 0.015027777777777779