0 0.16640625 0.6375 0.059375 0.1359375
0 0.4171875 0.4484375 0.0265625 0.071875
0 0.54921875 0.3859375 0.0203125 0.0546875
0 0.69453125 0.34140625 0.015625 0.0453125
0 0.81875 0.32734375 0.01875 0.04375
3 0.9046875 0.60234375 0.0765625 0.175
3 0.83046875 0.48046875 0.0484375 0.1171875
3 0.846875 0.4125 0.0328125 0.0828125
3 0.9484375 0.37265625 0.028125 0.071875
0 0.94296875 0.32890625 0.0234375 0.0625
0 0.13203125 0.45703125 0.01875 0.04375
0 0.26953125 0.40234375 0.0203125 0.0484375
3 0.19609375 0.40703125 0.0125 0.0328125
3 0.090625 0.4515625 0.0171875 0.0375