3 0.76328125 0.05703125 0.01875 0.040625
3 0.753125 0.06015625 0.0171875 0.0375
3 0.74609375 0.0703125 0.0203125 0.040625
3 0.690625 0.10859375 0.0296875 0.0578125
3 0.628125 0.14921875 0.040625 0.0828125
3 0.7734375 0.25 0.0671875 0.134375
3 0.0609375 0.171875 0.01875 0.0296875
0 0.01484375 0.22578125 0.0296875 0.0578125
0 0.1234375 0.1625 0.0296875 0.053125
0 0.16484375 0.2625 0.05625 0.1125
0 0.22890625 0.12421875 0.0203125 0.04375
0 0.30546875 0.14765625 0.034375 0.065625
0 0.30234375 0.09453125 0.0171875 0.0328125
0 0.43359375 0.1015625 0.021875 0.0453125
0 0.525 0.07578125 0.01875 0.0375
0 0.56328125 0.06796875 0.01875 0.034375
0 0.58828125 0.0609375 0.0140625 0.0265625