3 0.827953125 0.41815277777777776 0.0215859375 0.0625
3 0.7297578125 0.3735138888888889 0.0149140625 0.046625
3 0.6879062499999999 0.35218055555555555 0.013804687500000001 0.03373611111111111
1 0.7462109375 0.3675555555555555 0.0199296875 0.07440277777777778
1 0.7149687499999999 0.35515277777777776 0.01546875 0.06944444444444445
1 0.512703125 0.36359722222222224 0.019421874999999998 0.07043055555555555
3 0.636890625 0.32891666666666663 0.0090703125 0.02651388888888889
3 0.9027421875 0.3546666666666667 0.0082109375 0.03273611111111111
3 0.8254609374999999 0.33431944444444445 0.007671875 0.02976388888888889
3 0.6056250000000001 0.31695833333333334 0.0054921875000000005 0.020833333333333332
3 0.5919531250000001 0.3095277777777778 0.0049375 0.01984722222222222
0 0.9811406249999999 0.3581388888888889 0.009867187500000001 0.03175
0 0.9281328125 0.34473611111111113 0.008765625 0.02876388888888889
0 0.8918593749999999 0.33084722222222224 0.0065390625 0.020833333333333332
3 0.7948125 0.3215277777777778 0.0081015625 0.027777777777777776
3 0.8071171874999999 0.309375 0.0037968750000000003 0.01597222222222222
0 0.57140625 0.30104166666666665 0.0058125 0.01875
0 0.5147734374999999 0.31319444444444444 0.0058203125 0.018055555555555554
0 0.5089140624999999 0.325 0.0073828125 0.020833333333333332