0 0.312109375 0.5133888888888889 0.0323046875 0.0922638888888889
0 0.4002734375 0.4097222222222222 0.0166640625 0.047625
0 0.393859375 0.3759861111111111 0.0105234375 0.03373611111111111
0 0.36317187500000003 0.36508333333333337 0.0071874999999999994 0.027777777777777776
3 0.7724375 0.47718055555555555 0.0333125 0.09126388888888888
3 0.651640625 0.3879027777777778 0.0126953125 0.043652777777777776
3 0.582453125 0.3611111111111111 0.0127109375 0.03769444444444445
3 0.5230234375 0.34573611111111113 0.0099375 0.026791666666666665
0 0.32740625 0.3637777777777778 0.0089453125 0.024569444444444446
0 0.2850390625 0.3627083333333333 0.00715625 0.024569444444444446
3 0.8516796875000001 0.3765972222222222 0.011828125 0.03952777777777778
3 0.76815625 0.3579027777777778 0.010640624999999999 0.04059722222222222
3 0.7254921875 0.34134722222222225 0.01065625 0.033125
3 0.714375 0.3317361111111111 0.0088515625 0.022430555555555554
3 0.4598984375 0.34241666666666665 0.009515625 0.03098611111111111
3 0.74021875 0.32372222222222224 0.007648437499999999 0.021361111111111112
3 0.7714609375 0.32211111111111107 0.0064375000000000005 0.020305555555555556
3 0.419640625 0.34080555555555553 0.0083203125 0.02563888888888889
3 0.80721875 0.3205138888888889 0.005828125 0.01923611111111111
3 0.47522656249999995 0.3328055555555556 0.0065078125 0.024569444444444446
0 0.2742265625 0.3589722222222222 0.00715625 0.023500000000000004
0 0.8802421875 0.357375 0.01125 0.03525
0 0.8474921875 0.345625 0.009453125 0.028847222222222222