1 0.8421796875 0.5347222222222222 0.060078125 0.2301527777777778
1 0.7024140625 0.4672638888888889 0.046164062500000005 0.15873611111111113
1 0.15253125 0.5813472222222222 0.06135937500000001 0.21031944444444445
3 0.7579296875 0.5287638888888888 0.0478203125 0.12301388888888888
3 0.5883046875 0.42112499999999997 0.0244296875 0.0644861111111111
3 0.47699218749999994 0.36904166666666666 0.012742187499999998 0.035708333333333335
3 0.4292890625 0.34970833333333334 0.007726562500000001 0.022819444444444444
0 0.22228124999999999 0.4856111111111111 0.024515625 0.07440277777777778
0 0.2803125 0.4017916666666667 0.013343749999999998 0.03769444444444445
0 0.29397656250000004 0.37004166666666666 0.010546875 0.027777777777777776
3 0.8799609374999999 0.3865694444444444 0.016242187499999998 0.04475
3 0.74109375 0.35262499999999997 0.0110703125 0.03858333333333334
3 0.6761874999999999 0.33531944444444445 0.009343750000000001 0.027777777777777776
3 0.6639140625 0.32540277777777776 0.007117187499999999 0.023805555555555555
0 0.8578046875 0.35268055555555555 0.0087421875 0.03273611111111111
0 0.795875 0.33829166666666666 0.007640625 0.027777777777777776
0 0.3118359375 0.3506944444444444 0.0071953125 0.018847222222222224
3 0.412546875 0.3368055555555556 0.0088515625 0.026791666666666665
3 0.4234296875 0.33234722222222224 0.0082890625 0.027777777777777776
0 0.76490625 0.3298611111111111 0.008203125 0.026791666666666665
3 0.44797656249999995 0.3234166666666667 0.0071640625 0.021819444444444447
0 0.9373359375 0.36904166666666666 0.011546875 0.03968055555555556