0 0.20234375 0.52578125 0.06875 0.128125
0 0.31484375 0.43359375 0.04375 0.08125
0 0.38125 0.3875 0.0265625 0.0609375
0 0.36875 0.36640625 0.021875 0.0484375
0 0.27421875 0.36328125 0.01875 0.0453125
0 0.18671875 0.37421875 0.021875 0.04375
0 0.059375 0.38359375 0.01875 0.0390625
3 0.02265625 0.371875 0.01875 0.040625
3 0.3140625 0.34375 0.015625 0.034375
3 0.40078125 0.3375 0.01875 0.0390625
3 0.503125 0.33125 0.0171875 0.0359375
3 0.5875 0.32890625 0.0203125 0.0484375
3 0.653125 0.33046875 0.0265625 0.05
3 0.6921875 0.34296875 0.0265625 0.0515625
3 0.71953125 0.365625 0.034375 0.0734375
3 0.821875 0.42734375 0.0609375 0.10625
1 0.8640625 0.26796875 0.0203125 0.05