0 0.27890625 0.4515625 0.0578125 0.1046875
0 0.490625 0.38125 0.03125 0.0609375
0 0.60625 0.36484375 0.0203125 0.04375
0 0.65625 0.3578125 0.0140625 0.034375
3 0.759375 0.5296875 0.0515625 0.1125
3 0.75390625 0.44140625 0.0375 0.0703125
3 0.784375 0.403125 0.01875 0.0375
3 0.7953125 0.38671875 0.0125 0.0265625
3 0.98046875 0.4375 0.0140625 0.0375
3 0.93671875 0.4109375 0.0125 0.0265625
0 0.37890625 0.32421875 0.0109375 0.0265625
0 0.30859375 0.31796875 0.0109375 0.0265625
0 0.25078125 0.3125 0.009375 0.025
3 0.41875 0.31484375 0.0109375 0.0234375
3 0.91796875 0.39375 0.009375 0.01875
0 0.68671875 0.35390625 0.0109375 0.021875