3 0.97109375 0.4328125 0.0578125 0.153125
3 0.8171875 0.2265625 0.0203125 0.0609375
3 0.79453125 0.1796875 0.0171875 0.0484375
3 0.76171875 0.15234375 0.01875 0.040625
3 0.75 0.13671875 0.0171875 0.0375
3 0.63671875 0.11328125 0.0125 0.03125
0 0.190625 0.371875 0.059375 0.11875
0 0.43828125 0.23046875 0.0328125 0.08125
0 0.50703125 0.18671875 0.0265625 0.0578125
0 0.53046875 0.15625 0.015625 0.0421875
0 0.5484375 0.140625 0.0140625 0.0375
0 0.59140625 0.128125 0.0140625 0.0375
0 0.06640625 0.24296875 0.0171875 0.04375
0 0.190625 0.18671875 0.0171875 0.0390625
0 0.28515625 0.15234375 0.0125 0.028125
0 0.353125 0.13125 0.009375 0.025
0 0.421875 0.12265625 0.0109375 0.025
0 0.50546875 0.11640625 0.0109375 0.025
3 0.06328125 0.221875 0.0171875 0.0390625
3 0.14921875 0.18203125 0.0140625 0.0328125
3 0.2890625 0.140625 0.015625 0.0375
3 0.55546875 0.10390625 0.0140625 0.03125