0 0.1 0.9890625 0.078125 0.021875
0 0.303125 0.4828125 0.0328125 0.0703125
0 0.31484375 0.4015625 0.0171875 0.0390625
0 0.3625 0.36484375 0.0140625 0.025
0 0.37734375 0.35234375 0.0109375 0.025
0 0.3375 0.35703125 0.0109375 0.021875
0 0.27421875 0.3828125 0.0109375 0.0265625
3 0.72890625 0.434375 0.0390625 0.075
3 0.5546875 0.359375 0.01875 0.040625
3 0.53984375 0.3265625 0.0125 0.0265625
3 0.51875 0.3171875 0.0109375 0.0234375
3 0.46171875 0.31953125 0.0078125 0.021875
3 0.40703125 0.32890625 0.0078125 0.0171875
3 0.296875 0.35859375 0.009375 0.0203125
3 0.35390625 0.340625 0.0078125 0.01875
3 0.2359375 0.384375 0.0078125 0.0203125
3 0.17265625 0.41328125 0.0109375 0.021875
3 0.1265625 0.440625 0.009375 0.021875
0 0.20703125 0.40859375 0.009375 0.0203125
0 0.13046875 0.45390625 0.0109375 0.028125
0 0.0609375 0.4921875 0.009375 0.025