1 0.24840625 0.3528703703703704 0.017249999999999998 0.05600925925925926
1 0.27689583333333334 0.35260185185185183 0.015541666666666667 0.051416666666666666
1 0.3073020833333333 0.36588888888888893 0.023875 0.06497222222222222
1 0.34009375000000003 0.362287037037037 0.019536458333333333 0.07007407407407408
0 0.32315625000000003 0.3757962962962963 0.012385416666666668 0.038537037037037036
3 0.26230729166666666 0.3626759259259259 0.012885416666666667 0.0362962962962963
3 0.35859375 0.34880555555555554 0.012947916666666667 0.03300925925925926
3 0.1350104166666667 0.37551851851851853 0.015291666666666667 0.03974074074074074
0 0.15420833333333334 0.39534259259259263 0.02206770833333333 0.054259259259259264
0 0.17771354166666667 0.5364814814814814 0.071234375 0.12768518518518518
0 0.398375 0.44872222222222224 0.03748958333333333 0.08871296296296297
0 0.45552604166666666 0.35898148148148146 0.01882291666666667 0.041518518518518524
0 0.5549322916666667 0.40855555555555556 0.028536458333333334 0.06464814814814814
0 0.5759947916666667 0.341037037037037 0.014593749999999999 0.03743518518518518
3 0.5019583333333333 0.33262962962962966 0.015088541666666667 0.03274074074074074
3 0.5980572916666667 0.3262037037037037 0.011427083333333334 0.026425925925925926
3 0.629828125 0.3158518518518519 0.005557291666666667 0.017370370370370373
3 0.6319427083333333 0.32100925925925927 0.007380208333333333 0.0205462962962963
3 0.6513958333333334 0.3100925925925926 0.007145833333333334 0.01951851851851852
3 0.6750052083333333 0.30916666666666665 0.0083125 0.021175925925925928
0 0.638375 0.3350648148148148 0.014333333333333333 0.03599074074074074
0 0.7151770833333334 0.32835185185185184 0.012479166666666668 0.03169444444444444
0 0.7549114583333334 0.30822222222222223 0.008140625 0.02174074074074074
0 0.75171875 0.3244074074074074 0.010979166666666667 0.025287037037037035
0 0.75846875 0.3221759259259259 0.008776041666666668 0.02163888888888889
0 0.7592291666666667 0.31272222222222223 0.006463541666666667 0.017555555555555557
3 0.7068697916666667 0.3040185185185185 0.007807291666666666 0.016657407407407405
3 0.761296875 0.2989074074074074 0.006739583333333333 0.018055555555555554
0 0.7908958333333334 0.30457407407407405 0.008510416666666666 0.020120370370370372
0 0.8607760416666667 0.3015648148148148 0.00903125 0.02082407407407407
0 0.9033385416666667 0.3570185185185185 0.022828124999999998 0.052314814814814814
3 0.9069687500000001 0.2924444444444444 0.0070416666666666666 0.017944444444444443
3 0.8314374999999999 0.2952685185185185 0.008671874999999999 0.019342592592592592
0 0.9507291666666667 0.3013055555555556 0.011401041666666667 0.02236111111111111
3 0.9748802083333333 0.2924074074074074 0.007567708333333333 0.021907407407407407
3 0.9431666666666667 0.47225925925925927 0.057942708333333336 0.10902777777777778
0 0.706484375 0.38047222222222227 0.026197916666666664 0.05921296296296297