1 0.0171875 0.578125 0.03125 0.08125
1 0.0046875 0.534375 0.009375 0.046875
3 0.0875 0.48984375 0.0125 0.03125
0 0.1390625 0.50078125 0.0203125 0.046875
0 0.25859375 0.428125 0.015625 0.0390625
0 0.3765625 0.37421875 0.015625 0.0296875
0 0.4578125 0.35703125 0.0171875 0.034375
0 0.53671875 0.35859375 0.01875 0.040625
0 0.5203125 0.4234375 0.03125 0.0640625
0 0.28203125 0.6453125 0.0625 0.13125
3 0.98359375 0.621875 0.0328125 0.13125
3 0.8453125 0.4203125 0.0296875 0.0671875
3 0.7640625 0.35859375 0.01875 0.04375
3 0.66875 0.32890625 0.0125 0.03125
3 0.584375 0.31953125 0.0125 0.0296875
3 0.50234375 0.328125 0.009375 0.021875
3 0.2 0.42578125 0.0125 0.0265625