0 0.01875 0.4890625 0.0375 0.078125
0 0.08671875 0.44453125 0.0265625 0.05625
0 0.13046875 0.41953125 0.0171875 0.0453125
0 0.11796875 0.39921875 0.0109375 0.0390625
0 0.09453125 0.38984375 0.0109375 0.03125
0 0.03828125 0.39375 0.015625 0.0296875
3 0.0140625 0.38671875 0.015625 0.0328125
3 0.08203125 0.3765625 0.0078125 0.0265625
3 0.15859375 0.37265625 0.015625 0.0296875
3 0.2375 0.3640625 0.015625 0.034375
3 0.28984375 0.3671875 0.0140625 0.034375
3 0.328125 0.371875 0.0171875 0.034375
3 0.37265625 0.3796875 0.0203125 0.04375
3 0.41484375 0.39609375 0.021875 0.0484375
3 0.4484375 0.4171875 0.03125 0.059375
3 0.5140625 0.44609375 0.0390625 0.0765625
3 0.61953125 0.49921875 0.040625 0.1078125
3 0.92109375 0.65 0.090625 0.1921875