0 0.19628125000000002 0.5412222222222223 0.04296875 0.09756944444444444
0 0.20832812500000003 0.4726666666666667 0.025539062499999998 0.055374999999999994
0 0.183859375 0.439375 0.0181328125 0.04416666666666667
0 0.1282421875 0.43772222222222223 0.0151796875 0.03559722222222222
0 0.074671875 0.4456388888888889 0.0111171875 0.028999999999999998
0 0.007726562500000001 0.461125 0.009296875 0.033625
3 0.22647656249999998 0.39652777777777776 0.0108359375 0.029666666666666668
3 0.29914843750000003 0.3869722222222222 0.013078125 0.03031944444444444
3 0.3707109375 0.38861111111111113 0.017546875 0.03888888888888889
3 0.15492187500000001 0.4100416666666667 0.010078125 0.021097222222222222
3 0.469921875 0.4090555555555555 0.020835937500000002 0.049444444444444444
3 0.6351015624999999 0.46013888888888893 0.0375703125 0.07647222222222222
3 0.9239765625 0.416625 0.022515625 0.04613888888888889
3 0.7115234375 0.3750972222222222 0.0129375 0.03031944444444444
3 0.634015625 0.35663888888888884 0.0121796875 0.03031944444444444
3 0.5715390625000001 0.3533472222222222 0.009601562499999999 0.02373611111111111
3 0.524828125 0.35005555555555556 0.009609375 0.022416666666666668
1 0.7003828125 0.34641666666666665 0.0099375 0.029666666666666668
1 0.7268984374999999 0.35070833333333334 0.012687499999999999 0.034277777777777775
1 0.6501484375000001 0.35531944444444447 0.0132890625 0.04351388888888889
1 0.6180703125 0.35104166666666664 0.0121796875 0.03888888888888889
0 0.7919609375000001 0.36652777777777773 0.0123359375 0.025055555555555553
0 0.7118828125000001 0.3493888888888889 0.0100859375 0.026375
0 0.60675 0.34247222222222223 0.00971875 0.025708333333333337
3 0.023484375 0.439375 0.010359375 0.02702777777777778
3 0.08521875 0.4285 0.0085703125 0.02373611111111111
3 0.4945859375 0.34706944444444443 0.0087109375 0.018416666666666668