0 0.38515625 0.50390625 0.0859375 0.1265625
0 0.1671875 0.32421875 0.0265625 0.0453125
0 0.32890625 0.359375 0.025 0.04375
0 0.453125 0.390625 0.025 0.0453125
0 0.5546875 0.4609375 0.0390625 0.0703125
0 0.5703125 0.42890625 0.0296875 0.0515625
3 0.97578125 0.56953125 0.0484375 0.0921875
3 0.88515625 0.50703125 0.040625 0.0625
3 0.79921875 0.46640625 0.028125 0.046875
3 0.70859375 0.4359375 0.0265625 0.0453125
3 0.58515625 0.4015625 0.01875 0.0375
3 0.43984375 0.3625 0.01875 0.034375
3 0.3109375 0.3359375 0.021875 0.0359375
3 0.1875 0.31171875 0.021875 0.0375