3 0.8546875 0.48203125 0.0703125 0.140625
3 0.69453125 0.38515625 0.0375 0.084375
3 0.6578125 0.33671875 0.025 0.05
3 0.6296875 0.315625 0.01875 0.0390625
3 0.60390625 0.29765625 0.0140625 0.028125
1 0.7375 0.4046875 0.053125 0.15
1 0.2203125 0.48671875 0.0625 0.1671875
1 0.2515625 0.47734375 0.05625 0.1390625
0 0.071875 0.64296875 0.0765625 0.1640625
0 0.33046875 0.44375 0.0359375 0.0765625
0 0.3625 0.3984375 0.028125 0.0578125
0 0.396875 0.36640625 0.021875 0.05
0 0.42578125 0.34453125 0.01875 0.0359375
1 0.725 0.396875 0.04375 0.13125
0 0.24609375 0.50546875 0.0375 0.090625
3 0.5625 0.29921875 0.0140625 0.028125
3 0.50234375 0.30703125 0.0140625 0.03125
3 0.42421875 0.31484375 0.0109375 0.0265625
3 0.35859375 0.3265625 0.0125 0.028125
3 0.23359375 0.34765625 0.009375 0.025
0 0.41015625 0.334375 0.0140625 0.0296875
0 0.33828125 0.3421875 0.0109375 0.028125
0 0.271875 0.34765625 0.0125 0.028125
1 0.7796875 0.23984375 0.0125 0.03125