1 0.21171875 0.41953125 0.0765625 0.1453125
1 0.23984375 0.41796875 0.0640625 0.134375
0 0.2234375 0.44609375 0.04375 0.084375
0 0.06796875 0.48828125 0.0984375 0.1515625
1 0.659375 0.5234375 0.0703125 0.1421875
1 0.64921875 0.515625 0.0609375 0.1234375
3 0.7203125 0.6140625 0.0875 0.134375
3 0.63046875 0.50078125 0.040625 0.0734375
3 0.61796875 0.45390625 0.03125 0.053125
3 0.60078125 0.425 0.0234375 0.0359375
3 0.59921875 0.41328125 0.01875 0.0328125
3 0.5828125 0.40390625 0.0203125 0.03125
3 0.546875 0.3890625 0.01875 0.028125
3 0.4890625 0.371875 0.015625 0.025
3 0.41796875 0.3515625 0.015625 0.0265625
3 0.3546875 0.3375 0.0171875 0.028125
0 0.334375 0.34140625 0.01875 0.03125
0 0.39921875 0.3609375 0.0203125 0.03125
0 0.41015625 0.37890625 0.0203125 0.034375
0 0.38203125 0.3859375 0.0265625 0.0421875
0 0.34375 0.40078125 0.0359375 0.0546875
0 0.30625 0.4265625 0.0421875 0.0640625
0 0.271875 0.32890625 0.01875 0.03125
0 0.18125 0.30703125 0.01875 0.0296875
3 0.2375 0.31171875 0.015625 0.025
1 0.7640625 0.4125 0.0171875 0.0359375