0 0.24453125 0.57109375 0.0671875 0.1125
1 0.303125 0.4453125 0.0640625 0.11875
1 0.32734375 0.4203125 0.040625 0.0984375
0 0.32265625 0.44765625 0.0328125 0.0703125
0 0.35546875 0.3953125 0.025 0.0453125
0 0.38984375 0.35 0.01875 0.03125
0 0.40390625 0.32734375 0.0140625 0.025
3 0.77421875 0.44375 0.075 0.1296875
3 0.62578125 0.3640625 0.034375 0.065625
3 0.5875 0.32890625 0.0234375 0.04375
3 0.54453125 0.3046875 0.01875 0.0328125
3 0.51484375 0.29296875 0.0109375 0.0234375
3 0.51875 0.27734375 0.009375 0.0203125
3 0.50625 0.2828125 0.0125 0.0265625
3 0.7796875 0.25546875 0.0203125 0.0375
3 0.7421875 0.246875 0.0109375 0.0234375
3 0.76015625 0.228125 0.009375 0.0171875
1 0.64375 0.353125 0.059375 0.115625
1 0.60546875 0.33828125 0.04375 0.1078125
3 0.884375 0.2640625 0.0234375 0.0453125
0 0.9125 0.2390625 0.0171875 0.0296875
0 0.8640625 0.234375 0.0140625 0.025
0 0.84609375 0.228125 0.0109375 0.0203125
3 0.54296875 0.2640625 0.0125 0.0234375
0 0.41953125 0.309375 0.0109375 0.0203125
0 0.440625 0.29296875 0.0078125 0.015625