0 0.05546875 0.72734375 0.0546875 0.121875
0 0.05234375 0.515625 0.0296875 0.05625
0 0.1671875 0.4890625 0.0328125 0.0546875
0 0.18359375 0.55 0.0578125 0.0890625
0 0.2453125 0.4953125 0.0390625 0.06875
3 0.09375 0.48984375 0.025 0.0375
3 0.23203125 0.44296875 0.0265625 0.0421875
3 0.346875 0.4140625 0.0265625 0.0421875
3 0.440625 0.39140625 0.025 0.0421875
3 0.49765625 0.3921875 0.0296875 0.053125
3 0.546875 0.39765625 0.04375 0.06875
3 0.63828125 0.415625 0.0609375 0.090625
3 0.7765625 0.47109375 0.1046875 0.15625