0 0.87128125 0.35184722222222226 0.0093046875 0.021611111111111112
0 0.8934140625 0.3657361111111111 0.0106640625 0.024694444444444446
0 0.207296875 0.38040277777777776 0.007726562500000001 0.02315277777777778
0 0.21467968750000002 0.39043055555555556 0.010499999999999999 0.027777777777777776
0 0.259375 0.39043055555555556 0.013117187499999999 0.033944444444444444
0 0.30146875 0.3935138888888889 0.01378125 0.03704166666666667
0 0.33315625 0.41588888888888886 0.021812500000000002 0.050930555555555555
0 0.3101484375 0.5108055555555555 0.03634375 0.09568055555555556
3 0.7588828125 0.33719444444444446 0.0084609375 0.02315277777777778
3 0.7371875 0.34568055555555555 0.010203125 0.024694444444444446
3 0.7601875 0.3626527777777778 0.0115 0.027777777777777776
3 0.8287578124999999 0.38348611111111114 0.0149921875 0.041666666666666664
3 0.4511953125 0.3425972222222222 0.007664062500000001 0.021611111111111112
3 0.3830625 0.35956944444444444 0.0085546875 0.024694444444444446
3 0.431234375 0.3611111111111111 0.00940625 0.03086111111111111
3 0.511515625 0.3657361111111111 0.013726562500000001 0.03704166666666667
3 0.5983125 0.3912083333333334 0.013710937500000001 0.04475
3 0.7298046874999999 0.45061111111111113 0.026695312500000002 0.07098611111111111