3 0.8465 0.5897037037037037 0.045375000000000006 0.1076388888888889
3 0.7065677083333333 0.3834351851851852 0.02040625 0.04139814814814815
3 0.6992708333333333 0.33894444444444444 0.010677083333333334 0.022861111111111113
3 0.70153125 0.3194814814814815 0.008239583333333333 0.017305555555555557
0 0.38750520833333335 0.45110185185185186 0.030895833333333334 0.06549999999999999
0 0.489515625 0.35717592592592595 0.015932291666666668 0.03584259259259259
0 0.5532968749999999 0.32967592592592593 0.010708333333333332 0.026574074074074073
0 0.5950052083333334 0.3139166666666666 0.008609375 0.019777777777777776
0 0.6101197916666667 0.3037222222222222 0.005479166666666666 0.015444444444444445
0 0.4469427083333333 0.32875 0.009338541666666667 0.024722222222222222
0 0.5117604166666667 0.3139166666666666 0.006197916666666667 0.018537037037037036
0 0.3506666666666666 0.35532407407407407 0.009359375 0.024722222222222222
0 0.2503958333333333 0.3868333333333333 0.010421875 0.028425925925925924
0 0.5665052083333334 0.30217592592592596 0.00653125 0.016064814814814816
3 0.7076145833333333 0.3089722222222222 0.005114583333333334 0.014833333333333334
3 0.36368229166666666 0.34049074074074076 0.007578125000000001 0.019777777777777776
3 0.27887500000000004 0.36274074074074075 0.006895833333333334 0.019777777777777776
3 0.19511458333333334 0.3933240740740741 0.005526041666666666 0.015444444444444445
3 0.11602604166666668 0.42514814814814816 0.005848958333333334 0.019777777777777776
0 0.17545833333333333 0.41155555555555556 0.007921875 0.022250000000000002
0 0.09239062499999999 0.4464722222222222 0.008635416666666666 0.022861111111111113