3 0.75859375 0.31640625 0.0828125 0.1515625
3 0.56171875 0.190625 0.046875 0.075
3 0.50703125 0.15546875 0.03125 0.0484375
3 0.48125 0.13828125 0.0234375 0.0390625
3 0.459375 0.1328125 0.021875 0.0328125
3 0.44375 0.1234375 0.01875 0.0265625
3 0.03984375 0.25546875 0.015625 0.0234375
0 0.009375 0.2984375 0.01875 0.034375
0 0.03671875 0.271875 0.0203125 0.03125
0 0.07109375 0.2453125 0.015625 0.0234375
0 0.1171875 0.36328125 0.059375 0.0921875
0 0.1875 0.27890625 0.040625 0.0609375
0 0.23515625 0.2171875 0.028125 0.04375
0 0.284375 0.178125 0.021875 0.0375
0 0.30078125 0.16015625 0.015625 0.025
0 0.33203125 0.14140625 0.015625 0.025
0 0.11015625 0.22265625 0.0140625 0.025
0 0.30625 0.1390625 0.0125 0.01875
3 0.08671875 0.22578125 0.0140625 0.021875