0 0.01484375 0.509375 0.0296875 0.2
0 0.39296875 0.25390625 0.0484375 0.10625
0 0.49765625 0.18359375 0.0328125 0.0796875
0 0.5359375 0.140625 0.021875 0.05625
0 0.56171875 0.11640625 0.0171875 0.04375
0 0.61015625 0.1171875 0.0125 0.040625
0 0.5109375 0.09296875 0.0140625 0.0375
0 0.41328125 0.0953125 0.0125 0.0328125
0 0.33125 0.0953125 0.0140625 0.0328125
0 0.24375 0.1171875 0.015625 0.0375
0 0.1234375 0.15625 0.021875 0.0484375
3 0.0890625 0.14140625 0.0140625 0.0328125
3 0.19140625 0.10859375 0.0140625 0.03125
3 0.2640625 0.0953125 0.0140625 0.0359375
3 0.8953125 0.2640625 0.0375 0.09375
3 0.85390625 0.19609375 0.021875 0.0609375
3 0.81171875 0.1515625 0.01875 0.0421875
3 0.7921875 0.13125 0.015625 0.0375
3 0.7546875 0.11015625 0.0140625 0.040625
3 0.66484375 0.084375 0.0171875 0.0328125
3 0.56953125 0.075 0.0125 0.0296875
3 0.4734375 0.0671875 0.015625 0.0375
3 0.3640625 0.084375 0.015625 0.0359375