0 0.21796875 0.56796875 0.065625 0.1421875
0 0.40703125 0.40078125 0.0328125 0.0625
0 0.4828125 0.365625 0.01875 0.0375
0 0.53203125 0.3546875 0.0125 0.0265625
0 0.56328125 0.34921875 0.0125 0.028125
3 0.86640625 0.6 0.0609375 0.13125
3 0.68359375 0.42890625 0.028125 0.0609375
3 0.65078125 0.384375 0.015625 0.034375
3 0.65859375 0.3703125 0.0125 0.025
3 0.6703125 0.36484375 0.0109375 0.0234375
3 0.95625 0.4546875 0.0203125 0.0453125
3 0.85859375 0.4078125 0.015625 0.0296875
3 0.809375 0.384375 0.0125 0.025
0 0.5859375 0.34375 0.009375 0.0203125
0 0.9703125 0.4265625 0.0109375 0.0265625
0 0.91015625 0.40390625 0.0109375 0.03125