0 0.23125520833333332 0.6203703703703703 0.0453125 0.10846296296296297
0 0.44394791666666666 0.39078703703703704 0.019442708333333333 0.04461111111111111
0 0.2652760416666667 0.41185185185185186 0.013442708333333333 0.03387037037037037
0 0.479328125 0.34374074074074074 0.009822916666666666 0.02574074074074074
0 0.40005208333333336 0.3465648148148148 0.009489583333333333 0.025111111111111112
0 0.09934375000000001 0.5088611111111112 0.017614583333333333 0.04708333333333333
3 0.6894427083333333 0.3745 0.016151041666666668 0.04080555555555555
3 0.6503229166666666 0.3317222222222222 0.008953125000000001 0.02149074074074074
3 0.6593072916666666 0.31601851851851853 0.007088541666666667 0.017083333333333332
0 0.5179895833333333 0.32116666666666666 0.006760416666666667 0.019944444444444445
3 0.8439166666666666 0.5629444444444445 0.04340625 0.09939814814814814