0 0.2078125 0.671875 0.0984375 0.1921875
0 0.6296875 0.49296875 0.0578125 0.1125
0 0.72734375 0.38125 0.0171875 0.0390625
0 0.79609375 0.4375 0.0375 0.0765625
0 0.83359375 0.3921875 0.0171875 0.0421875
3 0.81875 0.3734375 0.0140625 0.0359375
3 0.7046875 0.36796875 0.0140625 0.0328125
3 0.6125 0.36484375 0.0078125 0.0265625
0 0.6078125 0.37734375 0.0109375 0.0265625
0 0.50234375 0.37578125 0.0125 0.0328125
3 0.50234375 0.35234375 0.00625 0.009375
3 0.38125 0.3625 0.009375 0.028125
0 0.371875 0.3734375 0.015625 0.034375
3 0.96171875 0.3859375 0.0109375 0.0296875
0 0.91796875 0.42265625 0.025 0.0609375
0 0.940625 0.4046875 0.0203125 0.046875
3 0.0109375 0.36640625 0.0140625 0.0375
3 0.14921875 0.3640625 0.0125 0.0328125
3 0.2703125 0.365625 0.0140625 0.025
0 0.2453125 0.37734375 0.0171875 0.0375
0 0.07890625 0.3828125 0.0171875 0.040625