0 0.075 0.33203125 0.071875 0.134375
0 0.31171875 0.1921875 0.0296875 0.0625
0 0.44765625 0.1390625 0.01875 0.0453125
0 0.428125 0.1140625 0.015625 0.0375
0 0.3734375 0.11328125 0.0171875 0.0328125
0 0.3203125 0.1046875 0.0203125 0.0421875
0 0.234375 0.11328125 0.01875 0.0328125
0 0.0875 0.13828125 0.015625 0.03125
3 0.8296875 0.509375 0.1078125 0.246875
3 0.69765625 0.25625 0.046875 0.08125
3 0.6625 0.17890625 0.0265625 0.0453125
3 0.65 0.15234375 0.0171875 0.03125
3 0.646875 0.13984375 0.0171875 0.0375
3 0.596875 0.11875 0.015625 0.03125
3 0.50546875 0.1015625 0.0125 0.028125
3 0.4078125 0.09375 0.0140625 0.028125
3 0.19453125 0.10546875 0.0140625 0.028125