0 0.1328125 0.5578125 0.034375 0.096875
0 0.1203125 0.50546875 0.0203125 0.0546875
0 0.1015625 0.4796875 0.015625 0.046875
0 0.078125 0.478125 0.0171875 0.040625
3 0.64921875 0.475 0.04375 0.0859375
3 0.46796875 0.4328125 0.034375 0.0671875
3 0.35546875 0.41640625 0.0171875 0.0421875
3 0.29375 0.41171875 0.01875 0.0375
3 0.059375 0.45078125 0.0125 0.0328125
3 0.221875 0.415625 0.0140625 0.04375
3 0.9109375 0.3703125 0.015625 0.040625
3 0.80625 0.37109375 0.021875 0.0515625
3 0.64375 0.36484375 0.0171875 0.046875
3 0.51796875 0.3671875 0.0125 0.0359375
0 0.590625 0.34609375 0.009375 0.0328125
0 0.69453125 0.34375 0.0109375 0.03125
0 0.79296875 0.34453125 0.0125 0.03125
0 0.83984375 0.3453125 0.009375 0.0390625
0 0.8875 0.34375 0.009375 0.03125