3 0.35625 0.321875 0.0140625 0.028125
3 0.44453125 0.321875 0.0140625 0.0296875
3 0.54375 0.32890625 0.0125 0.0296875
3 0.628125 0.3390625 0.0140625 0.034375
3 0.6953125 0.353125 0.01875 0.040625
3 0.73359375 0.36796875 0.021875 0.0453125
3 0.7703125 0.39921875 0.0328125 0.065625
3 0.903125 0.4984375 0.0640625 0.1109375
3 0.1984375 0.31328125 0.0140625 0.03125
0 0.21953125 0.32734375 0.0203125 0.0390625
0 0.08984375 0.31953125 0.01875 0.0375
0 0.3078125 0.33125 0.0171875 0.0375
0 0.4015625 0.3484375 0.0203125 0.0421875
0 0.40859375 0.3734375 0.0265625 0.0546875
0 0.31875 0.4203125 0.04375 0.084375
0 0.13203125 0.52734375 0.08125 0.1390625
1 0.89296875 0.3125 0.0140625 0.0375