0 0.30234375 0.50625 0.0515625 0.115625
0 0.328125 0.4 0.025 0.0609375
0 0.296875 0.37578125 0.015625 0.0453125
0 0.253125 0.3734375 0.0140625 0.04375
0 0.221875 0.346875 0.0078125 0.0203125
0 0.19765625 0.3546875 0.0078125 0.0265625
0 0.20625 0.36484375 0.0125 0.03125
3 0.3828125 0.34296875 0.0078125 0.0234375
3 0.38671875 0.33359375 0.0078125 0.0234375
3 0.434375 0.34375 0.0125 0.0328125
3 0.45546875 0.3265625 0.0078125 0.0203125
3 0.5140625 0.32109375 0.00625 0.0203125
3 0.51953125 0.353125 0.01875 0.0390625
3 0.55234375 0.31875 0.00625 0.0203125
3 0.61328125 0.3828125 0.021875 0.053125
3 0.75703125 0.4578125 0.034375 0.084375
3 0.80625 0.33125 0.009375 0.0234375
3 0.778125 0.3328125 0.009375 0.0234375
3 0.78046875 0.3609375 0.0140625 0.0296875
3 0.7546875 0.34140625 0.0140625 0.03125
3 0.8421875 0.3296875 0.0078125 0.0203125
3 0.853125 0.38671875 0.0171875 0.0390625
3 0.9 0.33046875 0.0046875 0.0140625
0 0.921875 0.3453125 0.0078125 0.0171875
0 0.91875 0.36796875 0.009375 0.028125
0 0.90625 0.34765625 0.0078125 0.0203125
0 0.89453125 0.353125 0.0078125 0.0234375
3 0.74765625 0.3109375 0.00625 0.01875
3 0.78828125 0.31328125 0.0046875 0.0140625
0 0.39375 0.32109375 0.00625 0.01875