3 0.953125 0.44296875 0.09375 0.2109375
3 0.6421875 0.2328125 0.0515625 0.09375
3 0.5234375 0.178125 0.03125 0.0625
3 0.4359375 0.15390625 0.0203125 0.04375
3 0.3859375 0.14296875 0.0171875 0.0390625
3 0.3484375 0.13515625 0.0171875 0.0359375
0 0.06328125 0.33828125 0.0515625 0.09375
0 0.1484375 0.24765625 0.03125 0.0625
0 0.17890625 0.2046875 0.0203125 0.04375
0 0.18046875 0.1875 0.01875 0.0453125
0 0.00234375 0.24609375 0.0046875 0.0296875
3 0.32890625 0.13046875 0.0125 0.0265625
3 0.31640625 0.12734375 0.0125 0.028125
3 0.3046875 0.128125 0.009375 0.021875