0 0.03125 0.61953125 0.0546875 0.1265625
0 0.03046875 0.46796875 0.0203125 0.0453125
0 0.1515625 0.45703125 0.0203125 0.05
0 0.22890625 0.4703125 0.025 0.0578125
0 0.16796875 0.5078125 0.0359375 0.071875
3 0.071875 0.44453125 0.01875 0.034375
3 0.21640625 0.42421875 0.0171875 0.03125
3 0.33671875 0.41328125 0.015625 0.0328125
3 0.43359375 0.4046875 0.0140625 0.0359375
3 0.4890625 0.409375 0.021875 0.0484375
3 0.5328125 0.41875 0.028125 0.053125
3 0.61015625 0.44765625 0.0359375 0.0734375
3 0.71171875 0.50625 0.053125 0.109375