0 0.18984375 0.55234375 0.06875 0.1390625
0 0.44609375 0.39140625 0.0296875 0.065625
0 0.59140625 0.33984375 0.0171875 0.0421875
0 0.69609375 0.32109375 0.0125 0.0375
0 0.746875 0.31171875 0.009375 0.0296875
0 0.7765625 0.30703125 0.0109375 0.025
0 0.80234375 0.30234375 0.0078125 0.0265625
3 0.878125 0.5546875 0.0671875 0.1546875
3 0.796875 0.4125 0.0359375 0.0796875
3 0.815625 0.35859375 0.025 0.059375
3 0.86171875 0.334375 0.0140625 0.0375
3 0.8796875 0.3234375 0.0140625 0.0328125
3 0.8921875 0.31640625 0.0125 0.0265625