3 0.491640625 0.4933888888888889 0.039296875 0.08994444444444445
3 0.40534375 0.45304629629629634 0.022953125 0.07010185185185185
3 0.3491770833333333 0.4279074074074074 0.017755208333333335 0.06216666666666667
3 0.3179270833333333 0.4133611111111111 0.013302083333333332 0.046296296296296294
3 0.27813020833333335 0.4007962962962963 0.01703125 0.039685185185185184
3 0.23386458333333332 0.3915370370370371 0.014807291666666667 0.03175
3 0.6946145833333334 0.5957962962962964 0.04544791666666667 0.1677685185185185
3 0.19853645833333333 0.3904537037037037 0.013348958333333332 0.027805555555555556
3 0.14447395833333332 0.38846296296296295 0.009786458333333333 0.02700925925925926
0 0.011546875000000002 0.4555925925925926 0.02009375 0.051638888888888894
0 0.0481875 0.4333518518518518 0.014723958333333334 0.04527777777777778
0 0.03299479166666667 0.417462962962963 0.011151041666666667 0.03575
0 0.007302083333333333 0.4103148148148148 0.011604166666666667 0.026212962962962962
3 0.067125 0.3950648148148148 0.012098958333333333 0.037037037037037035