0 0.271875 0.609375 0.084375 0.128125
0 0.45859375 0.4 0.0375 0.0625
3 0.915625 0.478125 0.078125 0.15
3 0.75390625 0.353125 0.0328125 0.0640625
3 0.75078125 0.32734375 0.028125 0.05625
3 0.7734375 0.3140625 0.0234375 0.0453125
3 0.82578125 0.30078125 0.025 0.0484375
3 0.9234375 0.2828125 0.0234375 0.04375
0 0.540625 0.35234375 0.025 0.046875
0 0.628125 0.321875 0.0171875 0.034375
0 0.70390625 0.296875 0.015625 0.0296875
0 0.21953125 0.42109375 0.0140625 0.028125
3 0.325 0.3640625 0.0125 0.0265625
3 0.190625 0.403125 0.009375 0.0203125
3 0.2125 0.40703125 0.009375 0.021875
0 0.34765625 0.36875 0.009375 0.0234375
0 0.903125 0.2734375 0.015625 0.0296875
0 0.08359375 0.4796875 0.0203125 0.034375
3 0.09453125 0.45859375 0.015625 0.025
3 0.134375 0.42734375 0.0125 0.0171875