0 0.2171875 0.59765625 0.1296875 0.2015625
0 0.17109375 0.353125 0.0453125 0.0703125
0 0.6265625 0.55703125 0.0765625 0.1234375
0 0.39921875 0.37734375 0.0328125 0.0515625
0 0.5 0.390625 0.03125 0.0515625
0 0.61015625 0.40703125 0.025 0.046875
0 0.653125 0.41484375 0.01875 0.034375
0 0.6578125 0.409375 0.0171875 0.0328125
0 0.65390625 0.3984375 0.0140625 0.028125
0 0.64609375 0.3890625 0.0171875 0.0296875
0 0.76796875 0.41015625 0.0171875 0.0296875
0 0.86796875 0.44140625 0.015625 0.0265625
0 0.9421875 0.5640625 0.05 0.0875
0 0.98828125 0.4765625 0.01875 0.03125
3 0.96796875 0.459375 0.015625 0.0265625
3 0.8859375 0.43515625 0.015625 0.025
3 0.8140625 0.4140625 0.0140625 0.021875
3 0.73125 0.39453125 0.0140625 0.0234375
3 0.44765625 0.36015625 0.021875 0.0359375
3 0.49453125 0.36328125 0.0171875 0.0328125
3 0.52265625 0.35859375 0.015625 0.0265625
3 0.5515625 0.3578125 0.0140625 0.025
3 0.5890625 0.365625 0.0125 0.0234375
3 0.653125 0.37578125 0.0140625 0.0265625
3 0.2984375 0.33125 0.0265625 0.0453125
3 0.49296875 0.35625 0.01875 0.0328125
0 0.6890625 0.39375 0.0140625 0.025