1 0.192109375 0.4081759259259259 0.010333333333333333 0.041666666666666664
1 0.20469791666666665 0.4089537037037037 0.011197916666666667 0.037037037037037035
1 0.21641145833333333 0.43210185185185185 0.015536458333333333 0.061731481481481484
1 0.23290625 0.42669444444444443 0.019187500000000003 0.06326851851851852
0 0.056276041666666665 0.5239166666666667 0.016442708333333333 0.041666666666666664
0 0.33575520833333333 0.3912037037037037 0.012901041666666667 0.03549074074074074
0 0.43427083333333333 0.3580277777777778 0.010276041666666668 0.027777777777777776
0 0.6586354166666666 0.3464537037037037 0.0145625 0.032407407407407406
0 0.6382395833333334 0.38657407407407407 0.015432291666666665 0.041666666666666664
0 0.4720260416666667 0.4652777777777778 0.02849479166666667 0.07252777777777777
0 0.14133333333333334 0.7299351851851852 0.04766666666666666 0.13271296296296298
3 0.8378645833333334 0.37962962962962965 0.010177083333333333 0.03395370370370371
3 0.8795260416666667 0.43210185185185185 0.018848958333333332 0.04321296296296297
3 0.938546875 0.5632685185185186 0.029249999999999998 0.08333333333333333