1 0.0031718749999999998 0.5231759259259259 0.006348958333333333 0.03423148148148148
1 0.124703125 0.42739814814814814 0.0076875 0.040657407407407406
1 0.13065104166666666 0.42796296296296293 0.010036458333333333 0.044259259259259255
3 0.18082291666666667 0.42821296296296296 0.012437499999999999 0.02960185185185185
0 0.022697916666666665 0.5322962962962963 0.015104166666666667 0.03818518518518519
0 0.06978645833333334 0.5515740740740741 0.021213541666666665 0.05699074074074074
0 0.13059895833333332 0.7101574074074074 0.05215104166666666 0.12218518518518519
3 0.9380989583333333 0.5372592592592592 0.029583333333333333 0.08772222222222222
3 0.6962604166666666 0.4285 0.02802083333333333 0.06441666666666666
3 0.44328125 0.4111388888888889 0.024036458333333333 0.054935185185185184
3 0.29369270833333333 0.41524074074074074 0.018401041666666666 0.04200925925925926