3 0.9417265625000001 0.45176388888888885 0.024484375 0.07427777777777778
3 0.8620703125 0.5215833333333334 0.054242187500000004 0.12466666666666668
3 0.9215937500000001 0.7172499999999999 0.07640625 0.21448611111111113
0 0.89196875 0.37822222222222224 0.0175546875 0.044236111111111115
0 0.7644140625 0.3764166666666666 0.017828125 0.04109722222222222
0 0.6930234375000001 0.36037500000000006 0.022609375 0.03254166666666666
0 0.6331015625 0.38130555555555556 0.019234375 0.043819444444444446
0 0.45240625 0.4224583333333334 0.028421875000000003 0.07318055555555555
0 0.24312499999999998 0.5217777777777778 0.0418515625 0.10722222222222223
0 0.12887500000000002 0.40066666666666667 0.014656250000000001 0.03901388888888889
0 0.2620546875 0.35712499999999997 0.0123359375 0.03073611111111111
3 0.17682031250000002 0.3602916666666667 0.014585937500000002 0.028833333333333336
3 0.05923437499999999 0.39499999999999996 0.01153125 0.03277777777777778
3 0.0194453125 0.3884722222222222 0.009929687500000001 0.02609722222222222
3 0.27440625 0.33631944444444445 0.0112578125 0.02736111111111111
3 0.3202578125 0.32752777777777775 0.009859375 0.020444444444444446
0 0.3675625 0.3393888888888889 0.009484375 0.02436111111111111