0 0.3076640625 0.46111111111111114 0.0381796875 0.075
0 0.41725 0.3739722222222222 0.017921875 0.042736111111111114
0 0.469328125 0.3490416666666667 0.01390625 0.035611111111111114
0 0.5561328125 0.33538888888888885 0.009875 0.03205555555555555
0 0.63571875 0.32790277777777777 0.008171875 0.018291666666666668
0 0.7178203125 0.3248611111111111 0.0078046875 0.0195
0 0.7764375 0.3285138888888889 0.005734375 0.017069444444444443
3 0.686796875 0.44156944444444446 0.0342109375 0.078625
3 0.6094999999999999 0.37148611111111113 0.0160625 0.043277777777777776
3 0.6230390625 0.3541111111111111 0.0122890625 0.035347222222222224
3 0.659546875 0.3452777777777778 0.0119296875 0.03230555555555556
3 0.7241640625 0.3446666666666667 0.0096796875 0.024986111111111108
3 0.7963203125 0.34344444444444444 0.0093515625 0.023763888888888886
3 0.8503125 0.34344444444444444 0.00834375 0.017680555555555557