0 0.45625 0.409375 0.0328125 0.0828125
0 0.2609375 0.31328125 0.025 0.0515625
0 0.475 0.3125 0.0171875 0.04375
0 0.5890625 0.30546875 0.015625 0.0390625
0 0.7078125 0.38828125 0.025 0.0578125
0 0.9109375 0.39453125 0.021875 0.0453125
0 0.99765625 0.36328125 0.0046875 0.0359375
0 0.978125 0.3484375 0.0125 0.03125
3 0.1578125 0.271875 0.01875 0.0359375
3 0.96171875 0.60859375 0.075 0.153125
3 0.35078125 0.278125 0.015625 0.034375
3 0.45859375 0.28125 0.0125 0.03125
3 0.5375 0.278125 0.009375 0.0234375
0 0.6421875 0.29453125 0.0109375 0.0234375
0 0.671875 0.28984375 0.0078125 0.021875
1 0.96328125 0.3328125 0.0125 0.03125
0 0.9453125 0.325 0.0078125 0.01875
0 0.93359375 0.3234375 0.0078125 0.015625