3 0.8331197916666666 0.4880925925925926 0.046656249999999996 0.10052777777777777
3 0.7174375000000001 0.43915740740740744 0.029572916666666667 0.06878703703703705
3 0.599890625 0.4206388888888889 0.025135416666666667 0.05290740740740741
3 0.47267187499999996 0.41005555555555556 0.020703125 0.04762037037037037
3 0.3272291666666666 0.40806481481481477 0.018505208333333335 0.046296296296296294
3 0.19703645833333333 0.4133611111111111 0.018536458333333335 0.046296296296296294
0 0.14867708333333332 0.5925925925925926 0.06020833333333333 0.1375648148148148
0 0.20707812499999997 0.4861111111111111 0.03415625 0.08333333333333333
0 0.064984375 0.4616388888888889 0.023776041666666668 0.06878703703703705
1 0.8925468750000001 0.35030555555555554 0.013640625 0.052472222222222226
3 0.944625 0.3595648148148148 0.011890624999999998 0.03395370370370371
3 0.9589791666666667 0.3619537037037037 0.008239583333333333 0.02862037037037037
3 0.9731822916666667 0.3653240740740741 0.011072916666666667 0.031990740740740736
3 0.9869114583333333 0.35353703703703704 0.008223958333333333 0.025249999999999998
3 0.7411718749999999 0.32828703703703704 0.007395833333333333 0.023564814814814813
3 0.7620052083333333 0.3400648148148148 0.008333333333333333 0.025249999999999998
3 0.775265625 0.3333333333333333 0.007380208333333333 0.023564814814814813