0 0.0247578125 0.7826388888888889 0.049515625 0.20972222222222223
0 0.3228984375 0.48194444444444445 0.037390625 0.08888888888888889
0 0.4050625 0.40623611111111113 0.017570312499999997 0.042513888888888886
0 0.42964843750000004 0.3745555555555556 0.010796875000000001 0.03208333333333334
3 0.7675234375 0.47922222222222227 0.034398437500000004 0.081
3 0.656328125 0.39661111111111114 0.019484375 0.05213888888888889
3 0.593171875 0.36091666666666666 0.01315625 0.035291666666666666
3 0.8358593750000001 0.38258333333333333 0.0141171875 0.035291666666666666
3 0.748578125 0.3613194444444444 0.0100390625 0.029680555555555557
3 0.5518984375 0.34608333333333335 0.009984375 0.02647222222222222
0 0.7941640624999999 0.3476944444444445 0.0072890625 0.028069444444444445
0 0.86025 0.35891666666666666 0.006859374999999999 0.028069444444444445
0 0.415796875 0.3480416666666667 0.005218749999999999 0.01826388888888889
0 0.42982031249999997 0.35738888888888887 0.0092265625 0.02359722222222222
3 0.5116015625 0.34180555555555553 0.0049453125 0.01647222222222222
3 0.47503124999999996 0.3382361111111111 0.003953125 0.013805555555555555