0 0.1921875 0.4421875 0.0765625 0.1234375
0 0.309375 0.37734375 0.05625 0.0796875
0 0.39296875 0.3484375 0.0375 0.0609375
0 0.3609375 0.2890625 0.0203125 0.0375
0 0.43671875 0.31171875 0.025 0.0421875
0 0.44453125 0.334375 0.028125 0.046875
0 0.29140625 0.2734375 0.021875 0.0375
0 0.18671875 0.246875 0.021875 0.0359375
3 0.1515625 0.2296875 0.01875 0.0296875
3 0.2625 0.25625 0.0171875 0.028125
3 0.396875 0.28515625 0.0203125 0.03125
3 0.06484375 0.209375 0.0171875 0.03125
0 0.05859375 0.21953125 0.0171875 0.0375
3 0.46640625 0.29921875 0.01875 0.028125
3 0.54921875 0.31796875 0.0203125 0.03125
3 0.6171875 0.3375 0.0203125 0.034375
3 0.665625 0.35703125 0.0265625 0.040625
3 0.6875 0.37265625 0.028125 0.0421875
3 0.69921875 0.39375 0.0328125 0.053125
3 0.7359375 0.446875 0.0484375 0.0734375
3 0.75625 0.31484375 0.009375 0.015625
3 0.76953125 0.32734375 0.0109375 0.01875
3 0.78046875 0.325 0.0078125 0.0140625
1 0.86484375 0.36171875 0.0171875 0.0375
3 0.9 0.37578125 0.0109375 0.0203125
3 0.90546875 0.38125 0.0140625 0.0234375
3 0.93515625 0.38046875 0.0109375 0.0203125
3 0.9375 0.39140625 0.0140625 0.025
3 0.98671875 0.40625 0.0125 0.021875
3 0.815625 0.59453125 0.1 0.1515625
1 0.95 0.7125 0.0890625 0.2734375