1 0.075 0.55390625 0.021875 0.0484375
1 0.0890625 0.6046875 0.0359375 0.071875
1 0.10390625 0.58203125 0.034375 0.075
1 0.084375 0.54453125 0.021875 0.04375
3 0.1609375 0.4953125 0.0140625 0.028125
0 0.20859375 0.5015625 0.021875 0.04375
0 0.3109375 0.425 0.01875 0.0359375
0 0.41484375 0.36640625 0.015625 0.028125
0 0.4875 0.34375 0.0171875 0.0328125
0 0.559375 0.340625 0.01875 0.0390625
0 0.54921875 0.4 0.0328125 0.0609375
0 0.35 0.621875 0.0671875 0.121875
3 0.98359375 0.54375 0.0328125 0.121875
3 0.8453125 0.371875 0.0328125 0.0625
3 0.76640625 0.321875 0.0203125 0.040625
3 0.67734375 0.30234375 0.0140625 0.028125
3 0.6 0.30078125 0.0140625 0.0265625
3 0.525 0.31484375 0.0109375 0.0203125
3 0.2578125 0.428125 0.0125 0.0234375
3 0.02734375 0.6140625 0.0171875 0.034375