0 0.21015625 0.54765625 0.0734375 0.1453125
0 0.409375 0.390625 0.0359375 0.0625
0 0.4859375 0.359375 0.0203125 0.0375
0 0.53671875 0.35078125 0.0140625 0.0265625
0 0.56875 0.346875 0.0140625 0.028125
3 0.85859375 0.61484375 0.0671875 0.1328125
3 0.68515625 0.4328125 0.03125 0.0625
3 0.6546875 0.3875 0.0171875 0.034375
3 0.66328125 0.37265625 0.0125 0.025
3 0.67421875 0.36875 0.0125 0.0234375
3 0.95703125 0.4734375 0.0234375 0.0453125
3 0.86171875 0.42109375 0.0171875 0.03125
3 0.81328125 0.39453125 0.0140625 0.025
0 0.59140625 0.34375 0.0109375 0.021875
0 0.97265625 0.44609375 0.0125 0.0265625
0 0.9140625 0.4203125 0.0125 0.03125