0 0.1831484375 0.5261944444444444 0.0541796875 0.11265277777777778
0 0.4728203125 0.4008611111111111 0.025234374999999996 0.05480555555555556
0 0.622953125 0.3577361111111111 0.016109375000000002 0.043638888888888894
0 0.7279765625 0.33947222222222223 0.0149921875 0.035513888888888887
0 0.7867656249999999 0.332875 0.009296875 0.02436111111111111
3 0.8672421874999999 0.6094166666666666 0.0591796875 0.18368055555555557
3 0.8024609375 0.44602777777777775 0.03384375 0.08220833333333333
3 0.8409921875 0.39325 0.0195859375 0.05379166666666666
3 0.8855078125 0.3689027777777778 0.016171875 0.03755555555555556
3 0.9106249999999999 0.3572222222222222 0.0081875 0.028416666666666666
3 0.9297421874999999 0.3496111111111111 0.007625 0.02334722222222222
0 0.8292890625 0.3303333333333333 0.0087421875 0.021305555555555557