3 0.7389947916666666 0.4950648148148148 0.0565 0.11723148148148148
3 0.5987708333333334 0.42585185185185187 0.03344791666666667 0.07203703703703704
3 0.5286666666666666 0.39866666666666667 0.026677083333333334 0.05720370370370371
3 0.44305729166666663 0.38030555555555556 0.02071875 0.04449074074074074
3 0.34055729166666665 0.37500925925925926 0.014375 0.04237037037037037
3 0.246609375 0.37676851851851856 0.016359375 0.037425925925925925
3 0.15782291666666665 0.381712962962963 0.015963541666666668 0.03601851851851852
3 0.0313125 0.39125 0.013859375 0.040962962962962965
0 0.13874999999999998 0.47282407407407406 0.03488541666666667 0.08545370370370371
0 0.17767708333333332 0.4202037037037037 0.026927083333333334 0.05790740740740741
0 0.130609375 0.4089074074074074 0.020984375 0.04519444444444445
0 0.007619791666666667 0.40820370370370374 0.015244791666666667 0.052259259259259255