0 0.24018229166666666 0.6341018518518519 0.078484375 0.1759814814814815
0 0.13888541666666668 0.4230092592592593 0.027395833333333335 0.06113888888888889
0 0.6028854166666666 0.4981944444444444 0.046385416666666665 0.10740740740740741
0 0.35225 0.3900740740740741 0.020536458333333334 0.04527777777777778
0 0.44758333333333333 0.3775925925925926 0.019208333333333334 0.044694444444444446
0 0.5514010416666667 0.3654074074074074 0.012651041666666666 0.04237037037037037
0 0.5923906250000001 0.36192592592592593 0.010390624999999999 0.030768518518518514
0 0.59565625 0.35582407407407407 0.007890625 0.030185185185185186
0 0.589453125 0.34653703703703703 0.007130208333333333 0.025537037037037035
0 0.5798177083333333 0.3398611111111111 0.009416666666666665 0.02612037037037037
0 0.6963697916666667 0.32941666666666664 0.008734374999999999 0.02727777777777778
0 0.7953125 0.33405555555555555 0.00875 0.023796296296296295
0 0.892109375 0.4272222222222222 0.02733333333333333 0.07778703703703704
0 0.9128437500000001 0.3360925925925926 0.010677083333333334 0.02786111111111111
3 0.989234375 0.32796296296296296 0.011963541666666666 0.02437962962962963
3 0.889828125 0.32563888888888887 0.009052083333333332 0.02322222222222222
3 0.809515625 0.3233240740740741 0.009072916666666668 0.022055555555555557
3 0.7393229166666667 0.3221574074074074 0.007786458333333333 0.019731481481481482
3 0.6588333333333334 0.3247685185185185 0.008104166666666668 0.020314814814814817
3 0.3924166666666667 0.36162962962962963 0.012708333333333332 0.03250925925925926
3 0.43583854166666663 0.3535092592592593 0.009432291666666667 0.02902777777777778
3 0.459671875 0.34247222222222223 0.008776041666666668 0.02437962962962963
3 0.48611458333333335 0.33492592592592596 0.008114583333333333 0.022055555555555557
3 0.5223541666666667 0.33261111111111114 0.006802083333333334 0.02089814814814815
3 0.5829114583333334 0.32680555555555557 0.007109375 0.02322222222222222
3 0.2495520833333333 0.3720833333333334 0.015614583333333333 0.040629629629629634
3 0.43255208333333334 0.34827777777777774 0.009395833333333332 0.030185185185185186
0 0.6207916666666667 0.33405555555555555 0.008427083333333333 0.02263888888888889