3 0.22509375 0.3294722222222222 0.010322916666666666 0.02623148148148148
3 0.016348958333333333 0.33178703703703705 0.009505208333333333 0.027777777777777776
3 0.36483333333333334 0.3256203703703704 0.008557291666666666 0.024694444444444446
3 0.44121354166666665 0.32330555555555557 0.010270833333333333 0.029324074074074075
3 0.531046875 0.32407407407407407 0.009385416666666667 0.027777777777777776
3 0.606125 0.3279351851851852 0.01196875 0.029324074074074075
3 0.6647083333333333 0.33564814814814814 0.012822916666666666 0.032407407407407406
3 0.6959583333333333 0.3456759259259259 0.018026041666666666 0.04012037037037037
3 0.7198229166666666 0.36650925925925926 0.020625 0.05092592592592592
3 0.7949010416666666 0.4228425925925926 0.030151041666666666 0.07715740740740741
0 0.3275104166666667 0.3410462962962963 0.010302083333333333 0.03086111111111111
0 0.4104010416666667 0.3472222222222222 0.014619791666666666 0.037037037037037035
0 0.42385416666666664 0.36497222222222225 0.020968749999999998 0.04475
0 0.365265625 0.40046296296296297 0.025046875000000003 0.06326851851851852
0 0.26848958333333334 0.4652777777777778 0.03635416666666667 0.08796296296296297
0 0.10227604166666666 0.6087962962962963 0.0615625 0.14969444444444444