3 0.20816666666666667 0.37962962962962965 0.011197916666666667 0.024694444444444446
3 0.2810729166666667 0.3773148148148148 0.012916666666666667 0.02623148148148148
3 0.33445312499999996 0.37962962962962965 0.012036458333333333 0.027777777777777776
3 0.369171875 0.38502777777777775 0.013760416666666667 0.032407407407407406
3 0.41256770833333334 0.39737962962962964 0.01375 0.03549074074074074
3 0.4550989583333333 0.4166666666666667 0.017213541666666665 0.04937962962962963
3 0.49024999999999996 0.4444444444444444 0.02328125 0.058638888888888886
3 0.5657604166666667 0.492287037037037 0.035416666666666666 0.08950925925925926
3 0.72590625 0.6041666666666666 0.06964583333333334 0.15586111111111112
3 0.06972916666666666 0.3904351851851852 0.012098958333333333 0.027777777777777776
0 0.08708854166666667 0.39737962962962964 0.012208333333333333 0.029324074074074075
0 0.13872916666666668 0.39891666666666664 0.012947916666666667 0.029324074074074075
0 0.15522395833333333 0.4089537037037037 0.012942708333333334 0.03395370370370371
0 0.15695833333333334 0.43363888888888885 0.019890625 0.04321296296296297
0 0.09880208333333333 0.46373148148148147 0.02684375 0.057101851851851855