0 0.0099375 0.48008333333333336 0.015335937499999999 0.04209722222222222
0 0.07277343750000001 0.4894444444444444 0.0220703125 0.049652777777777775
0 0.08052343749999999 0.5801527777777777 0.0406796875 0.09009722222222223
3 0.01821875 0.447875 0.0140234375 0.027472222222222224
3 0.1469296875 0.42691666666666667 0.013359375000000001 0.02725
3 0.2878671875 0.4209027777777778 0.0195 0.04151388888888889
3 0.48071093749999994 0.4613194444444444 0.02853125 0.07434722222222222
2 0.9116796875000001 0.3763333333333333 0.007734375 0.021416666666666667
2 0.8869296875 0.3665833333333333 0.007531250000000001 0.01604166666666667
2 0.8511640625 0.36227777777777775 0.0066640625 0.01598611111111111
2 0.8271640625 0.35994444444444446 0.0067265625 0.01661111111111111
2 0.839984375 0.41120833333333334 0.019515625 0.04570833333333333
2 0.8831875 0.47129166666666666 0.0300703125 0.07551388888888888
2 0.7970390625 0.3562638888888889 0.008078125 0.01673611111111111
2 0.8033515625 0.36509722222222224 0.0074296875 0.021222222222222222
2 0.8163281250000001 0.3794027777777778 0.0115 0.03236111111111111