2 0.1902421875 0.4408472222222223 0.0205703125 0.07966666666666666
2 0.38561718749999996 0.37733333333333335 0.017390625 0.064375
2 0.412609375 0.3814444444444444 0.016679687500000002 0.06427777777777778
0 0.147625 0.5647222222222222 0.04453125 0.10304166666666667
0 0.12979687499999998 0.4297083333333333 0.0166875 0.03859722222222222
0 0.0492265625 0.4425833333333334 0.0211640625 0.03656944444444444
3 0.5657656249999999 0.4031805555555556 0.0214296875 0.05497222222222222
3 0.7982109375 0.3999027777777778 0.026953125 0.04840277777777778
3 0.925734375 0.3887361111111111 0.0151640625 0.04336111111111111
2 0.17821875 0.43595833333333334 0.015546874999999998 0.0756111111111111
3 0.399984375 0.39429166666666665 0.014890625 0.03858333333333334
3 0.9502656249999999 0.3726805555555555 0.01328125 0.0355