0 0.05390625 0.4421875 0.025 0.0484375
0 0.0984375 0.475 0.03125 0.065625
0 0.02578125 0.61328125 0.0515625 0.1296875
3 0.22421875 0.40390625 0.0171875 0.034375
3 0.36640625 0.4234375 0.0234375 0.0453125
2 0.4171875 0.3875 0.0171875 0.0328125
2 0.43984375 0.37265625 0.0109375 0.0265625
2 0.45546875 0.3625 0.009375 0.021875
2 0.465625 0.35390625 0.0078125 0.015625
2 0.54296875 0.34921875 0.0078125 0.0171875
2 0.546875 0.35625 0.00625 0.0171875
2 0.5546875 0.36328125 0.009375 0.0203125
2 0.565625 0.3734375 0.0140625 0.0234375
2 0.5828125 0.38515625 0.0171875 0.0375
0 0.62265625 0.41484375 0.025 0.053125
0 0.78125 0.4046875 0.0171875 0.0421875
0 0.9296875 0.409375 0.015625 0.0328125
3 0.95546875 0.4515625 0.0234375 0.05
3 0.88828125 0.47890625 0.034375 0.0703125
3 0.90859375 0.6046875 0.0640625 0.1328125