3 0.965625 0.58671875 0.06875 0.1765625
3 0.7984375 0.3953125 0.0359375 0.0703125
3 0.82109375 0.346875 0.025 0.04375
3 0.44296875 0.36875 0.0203125 0.0375
3 0.3296875 0.37578125 0.0125 0.0296875
3 0.31875 0.3640625 0.0109375 0.0234375
3 0.88984375 0.321875 0.015625 0.0390625
0 0.24140625 0.65234375 0.090625 0.171875
0 0.50390625 0.3984375 0.0296875 0.059375
0 0.5125 0.33828125 0.0140625 0.0296875
0 0.63515625 0.32578125 0.0171875 0.0328125
0 0.765625 0.31015625 0.0125 0.0265625
0 0.8234375 0.29921875 0.0125 0.0265625
1 0.87734375 0.315625 0.0234375 0.05625
1 0.8984375 0.3109375 0.021875 0.0546875
1 0.75390625 0.30390625 0.0203125 0.04375
1 0.775 0.30078125 0.01875 0.0453125
2 0.17109375 0.4828125 0.0328125 0.059375
2 0.078125 0.4703125 0.01875 0.0390625
2 0.22734375 0.42421875 0.0203125 0.0390625