1 0.0611953125 0.7972222222222223 0.11870312499999999 0.40555555555555556
1 0.2010234375 0.6208333333333333 0.06867187500000001 0.28055555555555556
0 0.13696875 0.7354166666666667 0.079625 0.2125
0 0.3404453125 0.4472361111111111 0.027210937499999997 0.06945833333333333
0 0.3092109375 0.39695833333333336 0.018078125 0.043875
0 0.2392265625 0.3856527777777778 0.013851562500000001 0.03222222222222222
0 0.1547734375 0.38598611111111114 0.0107890625 0.028791666666666667
0 0.06421875 0.3998333333333333 0.0088515625 0.02365277777777778
0 0.6604687499999999 0.36468055555555556 0.015 0.03609722222222222
0 0.781921875 0.35720833333333335 0.010765625 0.027375
0 0.904421875 0.363125 0.0079375 0.024263888888888887
3 0.8289843749999999 0.44263888888888886 0.029609375 0.07040277777777777
3 0.8458515625 0.3973333333333333 0.017875 0.043680555555555556
3 0.9078203125 0.3855972222222222 0.0134609375 0.03584722222222222
3 0.4819296875 0.37125 0.014601562500000002 0.03194444444444444
3 0.3561640625 0.36212500000000003 0.0109609375 0.024125
3 0.2355390625 0.3644027777777778 0.008054687500000001 0.022166666666666668
2 0.5004140625 0.35005555555555556 0.0116328125 0.02609722222222222
2 0.5122734375 0.34069444444444447 0.0089921875 0.018736111111111113
2 0.628046875 0.34805555555555556 0.010125 0.02343055555555556
2 0.612328125 0.33768055555555554 0.0073046874999999995 0.01941666666666667
2 0.6012500000000001 0.33113888888888887 0.00565625 0.016083333333333335
2 0.5202578124999999 0.331875 0.0058359375 0.014624999999999999