3 0.96484375 0.64296875 0.0703125 0.1765625
3 0.80546875 0.4265625 0.03125 0.0703125
3 0.834375 0.3796875 0.0203125 0.04375
3 0.4453125 0.36171875 0.0171875 0.0375
3 0.32890625 0.35703125 0.009375 0.028125
3 0.31953125 0.34375 0.009375 0.0234375
3 0.90625 0.3625 0.0125 0.0390625
0 0.209375 0.6296875 0.0765625 0.171875
0 0.50390625 0.3984375 0.025 0.059375
0 0.51953125 0.33828125 0.0125 0.0296875
0 0.64609375 0.3390625 0.0140625 0.03125
0 0.78125 0.33671875 0.009375 0.0265625
0 0.840625 0.33203125 0.009375 0.0265625
1 0.89453125 0.35390625 0.01875 0.05625
1 0.9171875 0.35234375 0.0171875 0.0546875
1 0.76953125 0.32890625 0.015625 0.04375
1 0.7921875 0.328125 0.0140625 0.0453125
2 0.15625 0.44921875 0.028125 0.0578125
2 0.0625 0.42578125 0.015625 0.0390625
2 0.21953125 0.39609375 0.0171875 0.0390625