3 0.1421875 0.62109375 0.0515625 0.121875
3 0.83203125 0.4015625 0.025 0.05625
3 0.62890625 0.37734375 0.015625 0.0359375
3 0.4328125 0.34375 0.00625 0.0203125
3 0.6015625 0.32734375 0.0046875 0.0171875
3 0.56328125 0.3375 0.0078125 0.0203125
3 0.44140625 0.3375 0.00625 0.0140625
3 0.65703125 0.3203125 0.00625 0.015625
3 0.721875 0.31484375 0.00625 0.0171875
3 0.79453125 0.3140625 0.0046875 0.015625
0 0.77421875 0.52109375 0.0515625 0.121875
0 0.30703125 0.41640625 0.015625 0.0421875
0 0.0875 0.49765625 0.01875 0.0625
0 0.35625 0.35859375 0.00625 0.0140625
1 0.3921875 0.36640625 0.0125 0.046875
1 0.4 0.36171875 0.0125 0.04375
2 0.44609375 0.33046875 0.0046875 0.0125
2 0.45078125 0.3265625 0.003125 0.009375
2 0.5140625 0.325 0.0046875 0.0125
2 0.51015625 0.32265625 0.0046875 0.0109375
0 0.52421875 0.3296875 0.00625 0.01875
1 0.55859375 0.34609375 0.0140625 0.05
1 0.5515625 0.3421875 0.0125 0.046875
0 0.60390625 0.31796875 0.00625 0.015625
0 0.6890625 0.3109375 0.00625 0.0140625
0 0.7796875 0.31015625 0.00625 0.015625
3 0.95 0.325 0.0078125 0.0203125