1 0.95625 0.5421875 0.0875 0.390625
3 0.74453125 0.35390625 0.05625 0.0890625
3 0.7609375 0.28984375 0.0359375 0.059375
3 0.82578125 0.24921875 0.0265625 0.0421875
3 0.915625 0.21953125 0.0203125 0.0328125
0 0.82109375 0.22890625 0.0203125 0.0296875
0 0.690625 0.2671875 0.0265625 0.0390625
0 0.56015625 0.32265625 0.03125 0.0484375
0 0.1046875 0.515625 0.0265625 0.0421875
0 0.01875 0.54765625 0.0265625 0.040625
0 0.17265625 0.5078125 0.040625 0.0640625
0 0.1953125 0.5734375 0.059375 0.1
3 0.10703125 0.48515625 0.0234375 0.0328125
3 0.234375 0.43671875 0.021875 0.0328125
3 0.36796875 0.4 0.034375 0.05
2 0.3921875 0.36328125 0.0234375 0.034375
2 0.40546875 0.34765625 0.015625 0.0265625
2 0.41640625 0.3328125 0.0140625 0.0265625
2 0.421875 0.325 0.0125 0.0203125
2 0.49453125 0.30078125 0.0125 0.0234375
2 0.50234375 0.3046875 0.0125 0.025
2 0.5125 0.30625 0.015625 0.0265625
2 0.528125 0.3140625 0.0203125 0.0328125