1 0.40972656250000006 0.3590555555555555 0.0140625 0.04708333333333333
1 0.41527343749999995 0.3521944444444445 0.012875000000000001 0.04570833333333333
1 0.5492265625 0.343125 0.009328125 0.04168055555555556
1 0.5548437500000001 0.3468333333333333 0.0130703125 0.04530555555555555
2 0.511140625 0.32169444444444445 0.0031406249999999998 0.010374999999999999
2 0.514453125 0.32398611111111114 0.0030625 0.010194444444444443
2 0.5191171875 0.32740277777777776 0.0042734374999999995 0.010916666666666667
2 0.4493203125 0.33129166666666665 0.0049921875 0.012041666666666666
2 0.45403125 0.32780555555555557 0.00409375 0.010055555555555555
2 0.4581640625 0.3262361111111111 0.0030859375 0.011027777777777779
0 0.5274296875 0.33079166666666665 0.0059296875 0.018680555555555554
3 0.44325000000000003 0.338 0.005546875 0.014652777777777778
3 0.609359375 0.37044444444444447 0.014726562500000002 0.0375
3 0.561921875 0.3382777777777778 0.00825 0.024555555555555556
3 0.5990624999999999 0.3318611111111111 0.007875 0.019541666666666666
3 0.649828125 0.3252361111111111 0.0066015625 0.017208333333333332
3 0.71175 0.324125 0.00696875 0.017027777777777777
3 0.7693203125 0.39055555555555554 0.0208125 0.04706944444444445
3 0.7802109374999999 0.3248888888888889 0.0051953125 0.014569444444444444
3 0.9821015624999999 0.4165833333333333 0.016710937500000002 0.060208333333333336
0 0.949046875 0.3384861111111111 0.0068359375 0.018083333333333333
0 0.6811796875 0.45145833333333335 0.033734375 0.08126388888888889
0 0.1666953125 0.445375 0.025453125 0.05733333333333333
3 0.2578515625 0.5015555555555555 0.0450859375 0.08608333333333333
0 0.3199375 0.35118055555555555 0.0080859375 0.017958333333333333
0 0.34234375 0.39219444444444446 0.015867187499999998 0.03830555555555555
0 0.3723046875 0.35029166666666667 0.007539062500000001 0.01876388888888889
3 0.36877343749999997 0.34129166666666666 0.0051015625 0.014125
0 0.6818515625 0.3202916666666667 0.0067890625 0.016569444444444446
0 0.7672109375 0.3210694444444444 0.0067890625 0.017027777777777777