1 0.30078125 0.45234375 0.0546875 0.128125
1 0.33515625 0.43046875 0.0328125 0.103125
0 0.3171875 0.45859375 0.0296875 0.06875
1 0.6703125 0.42578125 0.0328125 0.103125
1 0.7 0.44609375 0.0484375 0.1296875
3 0.6796875 0.45546875 0.0234375 0.071875
3 0.659375 0.39296875 0.01875 0.0484375
3 0.7078125 0.3796875 0.0125 0.0296875
3 0.98203125 0.6609375 0.0296875 0.1703125
3 0.86015625 0.375 0.0109375 0.0265625
3 0.778125 0.37109375 0.0109375 0.0265625
3 0.95390625 0.384375 0.009375 0.028125
0 0.91328125 0.37265625 0.0109375 0.0234375
0 0.80234375 0.3625 0.0109375 0.021875
0 0.690625 0.35859375 0.0109375 0.021875
0 0.5828125 0.3625 0.0109375 0.0265625
3 0.4453125 0.36796875 0.0171875 0.0328125
0 0.35703125 0.4 0.01875 0.0453125
0 0.24765625 0.3765625 0.0125 0.028125
0 0.31640625 0.38203125 0.0171875 0.034375
3 0.33828125 0.3609375 0.009375 0.025
0 0.1640625 0.38125 0.0140625 0.028125
2 0.56640625 0.35234375 0.009375 0.0203125
2 0.55859375 0.346875 0.009375 0.01875
2 0.5515625 0.3421875 0.0046875 0.0140625
2 0.546875 0.33828125 0.0046875 0.0125
2 0.4796875 0.34140625 0.0078125 0.0171875
2 0.471875 0.346875 0.009375 0.0203125
2 0.46171875 0.35390625 0.0109375 0.0203125
2 0.484375 0.3390625 0.00625 0.0140625