0 0.40390625 0.43046875 0.05 0.0984375
0 0.446875 0.3296875 0.021875 0.0390625
0 0.60234375 0.36015625 0.0203125 0.0421875
0 0.7546875 0.38828125 0.0140625 0.0328125
0 0.81328125 0.39375 0.0140625 0.0296875
0 0.353125 0.30625 0.0171875 0.034375
3 0.86171875 0.575 0.059375 0.115625
3 0.84375 0.4671875 0.0328125 0.059375
3 0.99296875 0.47109375 0.0140625 0.0359375
3 0.903125 0.4546875 0.01875 0.040625
3 0.340625 0.3453125 0.025 0.0484375
3 0.2 0.30546875 0.0171875 0.0359375
2 0.02734375 0.33828125 0.0203125 0.0546875
3 0.20390625 0.28671875 0.015625 0.025
1 0.8953125 0.4375 0.03125 0.0703125
1 0.915625 0.440625 0.0265625 0.0640625
1 0.7453125 0.37734375 0.0234375 0.053125
1 0.76953125 0.38046875 0.0234375 0.0515625