3 0.56796875 0.41796875 0.034375 0.0796875
3 0.5015625 0.33046875 0.015625 0.040625
3 0.3515625 0.3515625 0.0125 0.034375
3 0.22578125 0.365625 0.0109375 0.025
3 0.16328125 0.3640625 0.009375 0.025
3 0.60234375 0.3140625 0.0109375 0.028125
0 0.1359375 0.5328125 0.040625 0.109375
0 0.1515625 0.4328125 0.025 0.0578125
0 0.07734375 0.415625 0.0125 0.04375
0 0.60234375 0.34921875 0.015625 0.046875
0 0.73828125 0.31953125 0.0125 0.034375
2 0.9 0.3578125 0.0203125 0.0515625
1 0.0890625 0.4046875 0.01875 0.0609375
1 0.0671875 0.40546875 0.01875 0.0625
1 0.2375 0.35625 0.015625 0.0484375
1 0.2125 0.3578125 0.01875 0.046875