0 0.2914765625 0.5135555555555555 0.038984375 0.100625
0 0.5235078125 0.3890694444444444 0.018015625 0.042513888888888886
0 0.6623125 0.3569722222222222 0.0135859375 0.03036111111111111
3 0.8242968749999999 0.5439166666666667 0.044765624999999996 0.11277777777777778
3 0.76615625 0.4166666666666667 0.0221953125 0.06284722222222222
3 0.8129375 0.38605555555555554 0.013953125 0.03847222222222222
3 0.8895781250000001 0.37738888888888894 0.013015625 0.028722222222222222
0 0.7850546875 0.3527361111111111 0.008171875 0.02601388888888889
0 0.809734375 0.33105555555555555 0.0063359374999999996 0.015166666666666667
0 0.9034453125 0.354625 0.0090546875 0.021125
2 0.779109375 0.3378333333333333 0.0084765625 0.021125