0 0.11328125 0.47578125 0.0375 0.0828125
0 0.09765625 0.41484375 0.0234375 0.0515625
0 0.02890625 0.4046875 0.015625 0.0421875
0 0.7828125 0.40625 0.0265625 0.0640625
0 0.9515625 0.38828125 0.0203125 0.04375
3 0.45625 0.40078125 0.028125 0.065625
3 0.29921875 0.36796875 0.01875 0.0390625
2 0.51796875 0.35234375 0.01875 0.040625
2 0.7140625 0.35546875 0.01875 0.040625
2 0.54375 0.33359375 0.0125 0.03125
2 0.6875 0.334375 0.0125 0.03125
2 0.5609375 0.32109375 0.0078125 0.0203125
2 0.66953125 0.321875 0.009375 0.0234375
3 0.16171875 0.3640625 0.0125 0.0265625
3 0.0328125 0.375 0.0125 0.0296875