0 0.2518125 0.5625 0.0546015625 0.1527777777777778
3 0.8818046875000001 0.5972222222222222 0.05365625 0.12777777777777777
3 0.7841640625 0.42916666666666664 0.0255546875 0.058333333333333334
2 0.31856249999999997 0.3597638888888888 0.010390625 0.028527777777777777
2 0.3788515625 0.33894444444444444 0.008640625 0.02390277777777778
2 0.46126562499999996 0.35475 0.013820312500000001 0.030847222222222224
2 0.48577343749999996 0.33779166666666666 0.0073124999999999996 0.021597222222222223
0 0.52090625 0.3913888888888889 0.016843749999999998 0.048583333333333326
0 0.663390625 0.35668055555555556 0.01290625 0.031625
3 0.6393125000000001 0.3358611111111111 0.0090078125 0.01927777777777778
3 0.5597265625000001 0.32505555555555554 0.0059921875 0.017736111111111112
3 0.551484375 0.31580555555555556 0.003390625 0.014652777777777778
3 0.8285546874999999 0.3886666666666666 0.0151640625 0.035430555555555555
3 0.9023984374999999 0.37954166666666667 0.009875 0.026569444444444444
1 0.9227578125000001 0.3521944444444445 0.0095703125 0.030222222222222223
1 0.90034375 0.34725 0.009875 0.03073611111111111
0 0.9122109375 0.35662499999999997 0.00840625 0.021361111111111112
0 0.7963203125 0.34202777777777776 0.0087265625 0.02344444444444444