0 0.415625 0.46484375 0.04375 0.090625
0 0.42109375 0.36328125 0.01875 0.0375
0 0.56796875 0.3390625 0.0171875 0.0390625
0 0.7109375 0.31484375 0.0125 0.03125
0 0.7640625 0.3015625 0.0125 0.028125
0 0.33125 0.371875 0.015625 0.0328125
3 0.86484375 0.4453125 0.053125 0.1078125
3 0.8140625 0.35625 0.0296875 0.0546875
3 0.95 0.3109375 0.0171875 0.0328125
3 0.86328125 0.3265625 0.015625 0.0390625
3 0.33359375 0.4109375 0.021875 0.0453125
3 0.196875 0.41953125 0.015625 0.0328125
2 0.0515625 0.50546875 0.0265625 0.05
3 0.19375 0.40234375 0.0140625 0.021875
1 0.85 0.31328125 0.0265625 0.065625
1 0.86953125 0.31015625 0.0234375 0.059375
1 0.6984375 0.30859375 0.0203125 0.0484375
1 0.72109375 0.3046875 0.0203125 0.046875