2 0.33203125 0.4375 0.034375 0.071875
2 0.42109375 0.375 0.0171875 0.040625
2 0.4625 0.34453125 0.0125 0.0265625
2 0.48203125 0.3296875 0.0109375 0.0203125
2 0.49453125 0.32109375 0.0078125 0.0140625
2 0.521875 0.31875 0.0078125 0.015625
2 0.54375 0.31875 0.0078125 0.015625
2 0.6265625 0.36640625 0.0109375 0.0375
2 0.6 0.3390625 0.009375 0.0265625
2 0.58671875 0.3265625 0.00625 0.021875
2 0.578125 0.31875 0.00625 0.0171875
2 0.68515625 0.42109375 0.0328125 0.0734375
0 0.97421875 0.75625 0.0453125 0.1890625