3 0.1421875 0.66953125 0.075 0.1328125
3 0.815625 0.3171875 0.0359375 0.0625
3 0.6015625 0.3296875 0.021875 0.0390625
3 0.3921875 0.3296875 0.0109375 0.021875
3 0.56484375 0.2828125 0.0078125 0.01875
3 0.5265625 0.3 0.0125 0.021875
3 0.4 0.321875 0.009375 0.015625
3 0.6203125 0.2640625 0.0109375 0.0171875
3 0.68671875 0.246875 0.009375 0.01875
3 0.7609375 0.23359375 0.009375 0.0171875
0 0.778125 0.45078125 0.075 0.134375
0 0.2765625 0.428125 0.0234375 0.046875
0 0.0640625 0.553125 0.0296875 0.0671875
0 0.315625 0.359375 0.0078125 0.015625
1 0.3546875 0.3609375 0.0203125 0.05
1 0.36171875 0.35546875 0.021875 0.0484375
2 0.40390625 0.3140625 0.0078125 0.0140625
2 0.4078125 0.30859375 0.0046875 0.0109375
2 0.4734375 0.29609375 0.0078125 0.0140625
2 0.46796875 0.29453125 0.0078125 0.0125
0 0.484375 0.29921875 0.009375 0.0203125
1 0.5234375 0.309375 0.0234375 0.053125
1 0.51484375 0.30703125 0.021875 0.05
0 0.5640625 0.27265625 0.009375 0.0171875
0 0.6515625 0.25 0.009375 0.015625
0 0.7453125 0.23203125 0.009375 0.0171875
3 0.9234375 0.215625 0.0125 0.021875