0 0.151828125 0.5451388888888888 0.0374375 0.10416666666666667
1 0.47689062499999996 0.4081527777777778 0.0272578125 0.10323611111111111
1 0.5142187500000001 0.3895 0.0218828125 0.08848611111111111
1 0.837453125 0.44459722222222225 0.0330234375 0.11363888888888887
1 0.82184375 0.42073611111111114 0.029125 0.10409722222222223
0 0.4973828125 0.4133611111111111 0.0213984375 0.05638888888888889
0 0.5473984375 0.3695555555555555 0.0160234375 0.03990277777777778
0 0.523 0.3526388888888889 0.010171875 0.025152777777777777
0 0.46762499999999996 0.34352777777777777 0.009703125 0.024291666666666663
3 0.4551796875 0.3339861111111111 0.009210937499999999 0.020819444444444446
3 0.548375 0.3374583333333333 0.0091875 0.020819444444444446
3 0.641078125 0.34656944444444443 0.0081875 0.025152777777777777
3 0.8240390625 0.4467638888888889 0.0237578125 0.06419444444444444
3 0.8389218749999999 0.3912361111111111 0.014484374999999999 0.03816666666666667
3 0.90234375 0.383 0.012515624999999999 0.03383333333333333
0 0.8933203125 0.35654166666666665 0.010078125 0.024291666666666663
3 0.9826406249999999 0.38169444444444445 0.0130546875 0.036430555555555556
0 0.7772890625 0.35544444444444445 0.0084921875 0.02601388888888889
2 0.765859375 0.34325 0.007578125 0.02330555555555556
2 0.6631640625 0.33566666666666667 0.007601562500000001 0.020041666666666666
2 0.676265625 0.3305138888888889 0.0039453125 0.014083333333333335
2 0.762046875 0.3324166666666667 0.0048359375 0.016791666666666667