2 0.14375 0.55234375 0.0796875 0.15625
2 0.8296875 0.58046875 0.0640625 0.134375
3 0.396875 0.38125 0.028125 0.0546875
3 0.65234375 0.35546875 0.0140625 0.0296875
0 0.67109375 0.4015625 0.0234375 0.0515625
1 0.4875 0.32109375 0.0140625 0.0390625
1 0.6140625 0.33125 0.015625 0.0375
0 0.43203125 0.340625 0.0171875 0.0328125
0 0.11484375 0.365625 0.01875 0.040625
0 0.29765625 0.3515625 0.0171875 0.040625
3 0.76953125 0.3859375 0.021875 0.0421875
3 0.940625 0.42890625 0.021875 0.0421875
1 0.490625 0.32109375 0.0140625 0.0375
1 0.61015625 0.3296875 0.0140625 0.0390625