0 0.10625 0.7953125 0.109375 0.1953125
0 0.18828125 0.52890625 0.04375 0.084375
2 0.875 0.22578125 0.028125 0.046875
2 0.80234375 0.28671875 0.0390625 0.0625
2 0.70390625 0.26796875 0.0265625 0.0421875
3 0.83046875 0.46953125 0.0953125 0.15625
0 0.58203125 0.27890625 0.0171875 0.03125
0 0.4734375 0.33203125 0.01875 0.0359375
3 0.4546875 0.38359375 0.0359375 0.0609375
3 0.4734375 0.31171875 0.0171875 0.0296875
3 0.39140625 0.346875 0.0203125 0.03125
3 0.50078125 0.290625 0.0140625 0.021875
3 0.49140625 0.284375 0.0125 0.0234375
3 0.26953125 0.4 0.021875 0.0375
3 0.15703125 0.4453125 0.0171875 0.0328125
3 0.0921875 0.46640625 0.015625 0.025
3 0.0859375 0.46015625 0.0140625 0.025
0 0.13828125 0.49765625 0.028125 0.0484375
0 0.0484375 0.52109375 0.01875 0.0359375
1 0.03515625 0.51484375 0.0296875 0.059375
1 0.059375 0.50546875 0.0296875 0.0578125
1 0.14375 0.44375 0.021875 0.046875
1 0.16484375 0.434375 0.0234375 0.04375
0 0.59765625 0.26015625 0.0140625 0.025
0 0.56640625 0.25859375 0.0125 0.01875
3 0.46015625 0.2875 0.009375 0.0171875
3 0.41640625 0.29921875 0.0125 0.0203125