2 0.20867968750000002 0.5561805555555556 0.0432421875 0.11490277777777778
2 0.3840859375 0.4059305555555555 0.02190625 0.056819444444444436
2 0.7803515625 0.5151527777777778 0.043125000000000004 0.11363888888888887
2 0.653234375 0.3895138888888889 0.021851562499999998 0.056819444444444436
2 0.4466015625 0.35583333333333333 0.015187500000000001 0.034
2 0.47220312499999995 0.33566666666666667 0.0099921875 0.021319444444444443
2 0.486140625 0.32355555555555554 0.0073984375000000005 0.016708333333333332
2 0.516765625 0.32240277777777776 0.008367187500000001 0.016708333333333332
2 0.5418828125 0.3209722222222222 0.0080390625 0.018444444444444444
2 0.6112421875 0.34862499999999996 0.013203125 0.029958333333333333
2 0.5892031249999999 0.33191666666666664 0.00996875 0.02420833333333333
2 0.5801328125 0.3209722222222222 0.0073828125 0.01959722222222222