1 0.9194921875000001 0.6588194444444445 0.1104921875 0.349375
3 0.993171875 0.7790138888888889 0.01365625 0.11045833333333334
3 0.718125 0.43486111111111114 0.033468750000000005 0.074375
3 0.7474999999999999 0.38383333333333336 0.0205234375 0.049374999999999995
3 0.8136796875 0.3632638888888889 0.0146328125 0.034944444444444445
3 0.899015625 0.35780555555555554 0.01190625 0.027416666666666666
3 0.9941796875 0.36725 0.0110390625 0.03293055555555556
0 0.9339453125 0.3492361111111111 0.013015625 0.037069444444444447
0 0.8141953125000001 0.3439861111111111 0.011796875 0.024916666666666667
0 0.691234375 0.3468611111111111 0.015296874999999998 0.03261111111111111
0 0.5640703125 0.36527777777777776 0.0182734375 0.04068055555555555
0 0.121015625 0.4265833333333333 0.0150390625 0.03501388888888889
0 0.038320312499999995 0.434375 0.0158125 0.033416666666666664
0 0.182734375 0.4359444444444444 0.0243125 0.05334722222222222
0 0.1870390625 0.4987222222222222 0.03240625 0.08552777777777777
3 0.13021875 0.40025 0.014374999999999999 0.02694444444444444
3 0.2530234375 0.38813888888888887 0.013734374999999998 0.02690277777777778
3 0.3784140625 0.38808333333333334 0.0216328125 0.04080555555555555
2 0.40842968749999997 0.3612222222222222 0.014171875 0.029055555555555557
2 0.4239453125 0.350125 0.0093671875 0.022708333333333334
2 0.43607031249999995 0.3402638888888889 0.007171874999999999 0.022861111111111113
2 0.44280468749999996 0.3350138888888889 0.0072890625 0.01698611111111111
2 0.51221875 0.3307638888888889 0.0063671875000000005 0.020041666666666666
2 0.5183984374999999 0.3355138888888889 0.006617187500000001 0.021736111111111112
2 0.526640625 0.3399027777777778 0.008328125 0.021680555555555554
2 0.5378671875000001 0.3495972222222222 0.01209375 0.027763888888888887