1 0.549640625 0.33499999999999996 0.0086953125 0.029291666666666667
1 0.547890625 0.33281944444444445 0.005890625 0.029916666666666664
1 0.45184375 0.339375 0.0059140625 0.02804166666666667
1 0.45534375000000005 0.3365694444444445 0.0067109375 0.027430555555555555
2 0.115453125 0.6669027777777778 0.070078125 0.16579166666666667
2 0.3354296875 0.44095833333333334 0.027609375000000002 0.06419444444444444
2 0.8995078124999999 0.6260694444444445 0.06825 0.15145833333333333
2 0.652546875 0.41509722222222223 0.0265859375 0.06108333333333333
0 0.828171875 0.38798611111111114 0.01603125 0.03677777777777778
0 0.9546718750000001 0.3466666666666667 0.0049609375 0.012847222222222222
0 0.8829609375 0.33381944444444445 0.0056328125 0.012069444444444443
0 0.5896640625 0.3686527777777778 0.01159375 0.03036111111111111
0 0.594921875 0.3235 0.0054609375000000005 0.014013888888888888
0 0.41700781249999996 0.35541666666666666 0.006554687500000001 0.018680555555555554
0 0.41700781249999996 0.3365416666666667 0.0052421875 0.015958333333333335
0 0.44656250000000003 0.33770833333333333 0.005234375 0.014402777777777776
0 0.3278671875 0.3713888888888889 0.0104765625 0.02647222222222222
0 0.3740703125 0.3363472222222222 0.0038984375 0.011680555555555555
0 0.19978125 0.39259722222222226 0.008749999999999999 0.03152777777777778
0 0.2086484375 0.35483333333333333 0.0037109375 0.013625
0 0.3219609375 0.3396527777777778 0.0043437499999999995 0.012069444444444443
3 0.151390625 0.4284166666666666 0.0140234375 0.03698611111111111
3 0.1228203125 0.3684583333333334 0.0041640625 0.010513888888888889
3 0.19715625 0.35230555555555554 0.0048046875 0.012458333333333333
0 0.1515 0.36495833333333333 0.00415625 0.015180555555555555
0 0.2667890625 0.34647222222222224 0.004359375 0.011680555555555555
3 0.2712734375 0.34375 0.004179687499999999 0.011680555555555555
3 0.3427734375 0.3361527777777778 0.004359375 0.010513888888888889
3 0.4091171875 0.33245833333333336 0.0052265625 0.01323611111111111
3 0.4099921875 0.37819444444444444 0.012234375 0.03230555555555556
3 0.579796875 0.3476388888888889 0.0089296875 0.021805555555555554
3 0.5583437499999999 0.33284722222222224 0.0080625 0.017125
3 0.4692265625 0.3307083333333333 0.005890625 0.012847222222222222
3 0.5884453125 0.32661111111111113 0.0043359374999999995 0.014013888888888888
3 0.663109375 0.35444444444444445 0.0104453125 0.02375
3 0.63103125 0.32505555555555554 0.005859375 0.014013888888888888
3 0.681625 0.3238888888888889 0.005875 0.012458333333333333
3 0.7900078125000001 0.36359722222222224 0.012421875 0.02725
3 0.796359375 0.3279722222222222 0.0045390625 0.013625
3 0.7386640625 0.32369444444444445 0.0052109375 0.013625
3 0.903109375 0.37119444444444444 0.012203124999999999 0.028416666666666666
3 0.904859375 0.3427777777777778 0.0069453125 0.015180555555555555
3 0.9611328125 0.37022222222222223 0.009125 0.02336111111111111
3 0.9721953125 0.364375 0.0080390625 0.019458333333333334
3 0.9472343750000001 0.3550277777777778 0.0071640625 0.017902777777777778
3 0.8535234375 0.3340138888888889 0.005875 0.01634722222222222
0 0.8090781249999999 0.3260277777777778 0.0045703125 0.014402777777777776
0 0.7333046875 0.32175 0.0036875 0.012847222222222222
0 0.535015625 0.3254444444444444 0.0052109375 0.011680555555555555
2 0.5291953125 0.3250416666666667 0.00440625 0.012875
2 0.525765625 0.3225 0.0035000000000000005 0.011388888888888888
2 0.473234375 0.3276388888888889 0.00390625 0.012222222222222223
2 0.4765546875 0.3257638888888889 0.0036718750000000002 0.01125
0 0.08775 0.4127638888888889 0.0104296875 0.02761111111111111
0 0.0348203125 0.41868055555555556 0.009804687500000001 0.02479166666666667
0 0.028796875 0.41079166666666667 0.0072734375 0.019152777777777776
0 0.054945312499999996 0.3969861111111111 0.006953125 0.018597222222222223
0 0.09915625 0.3800833333333334 0.005359375 0.014083333333333335
3 0.04971875 0.38769444444444445 0.006 0.013527777777777777