0 0.17421875 0.4515625 0.0390625 0.0828125
0 0.16015625 0.390625 0.025 0.0515625
0 0.090625 0.37890625 0.0171875 0.0421875
0 0.00859375 0.3875 0.0078125 0.0390625
0 0.84140625 0.39296875 0.028125 0.0640625
3 0.5171875 0.3828125 0.0296875 0.065625
3 0.36015625 0.346875 0.01875 0.040625
2 0.578125 0.3359375 0.01875 0.0421875
2 0.7734375 0.34296875 0.01875 0.0421875
2 0.60546875 0.3171875 0.0140625 0.03125
2 0.746875 0.32109375 0.0125 0.03125
2 0.621875 0.3046875 0.009375 0.0203125
2 0.7296875 0.3078125 0.009375 0.0234375
3 0.22421875 0.340625 0.0125 0.0265625
3 0.0953125 0.35 0.0125 0.0296875