3 0.5998359375 0.4791111111111111 0.0364453125 0.08738888888888889
3 0.4028203125 0.40355555555555556 0.022101562499999998 0.050166666666666665
3 0.27178125 0.39116666666666666 0.019398437499999997 0.03648611111111111
0 0.1655703125 0.46597222222222223 0.028859375 0.061097222222222226
0 0.10004687500000001 0.5917638888888889 0.0478203125 0.11545833333333333
0 0.122046875 0.4402083333333333 0.0261796875 0.042902777777777776
2 0.66165625 0.3927638888888889 0.0179140625 0.05081944444444445
2 0.9008906250000001 0.40541666666666665 0.019289062500000002 0.04833333333333333
2 0.8453515625 0.37462500000000004 0.0165390625 0.045083333333333336
2 0.6826484374999999 0.3647638888888889 0.011453125 0.035569444444444445
2 0.8155625000000001 0.3537083333333333 0.00978125 0.027777777777777776
0 0.051937500000000004 0.4444444444444444 0.0113359375 0.03704166666666667
3 0.1521875 0.40431944444444445 0.0104921875 0.024694444444444446
2 0.6957265625 0.3469305555555555 0.0072109375 0.02488888888888889
2 0.7961406249999999 0.3405694444444445 0.005609375 0.019097222222222224
2 0.7860546875 0.33448611111111115 0.0062578124999999995 0.019680555555555555
2 0.7528515625 0.33245833333333336 0.0068984375 0.02025
2 0.73234375 0.3318888888888889 0.0062421875 0.019097222222222224
2 0.707609375 0.33072222222222225 0.006234375 0.016777777777777777
2 0.700609375 0.3399861111111111 0.0064609375 0.019097222222222224