1 0.36507812500000003 0.48055555555555557 0.05144531249999999 0.15555555555555556
1 0.41820312499999995 0.4375 0.037617187499999996 0.11388888888888889
1 0.9079765625 0.5104166666666666 0.0513046875 0.17916666666666667
1 0.85290625 0.4638888888888889 0.0442890625 0.1361111111111111
3 0.8708750000000001 0.5125 0.03490625 0.09444444444444444
3 0.8189296875000001 0.40694444444444444 0.023203124999999998 0.05
3 0.867359375 0.38472222222222224 0.013820312500000001 0.03888888888888889
3 0.9400078125 0.38055555555555554 0.0122421875 0.03333333333333333
3 0.5705234375 0.3576388888888889 0.0138984375 0.029166666666666667
3 0.4638984375 0.34305555555555556 0.010015625 0.022222222222222223
0 0.393984375 0.4756944444444444 0.0233125 0.08472222222222223
0 0.46460156250000006 0.3978333333333333 0.01890625 0.043166666666666666
0 0.43346875 0.3682777777777778 0.0125859375 0.03283333333333333
0 0.3696171875 0.3574861111111111 0.0126015625 0.030027777777777778
0 0.720015625 0.3546666666666667 0.009343750000000001 0.03377777777777778
0 0.8374375000000001 0.35654166666666665 0.00984375 0.028152777777777777
0 0.9593671875 0.3664027777777778 0.0088125 0.023458333333333335
2 0.589171875 0.33825 0.0062656249999999995 0.017833333333333333
2 0.6998359375 0.3428333333333333 0.007484375 0.021333333333333333
2 0.6917734375 0.33491666666666664 0.0050859375 0.016458333333333332
2 0.60059375 0.33216666666666667 0.0064765625 0.017069444444444443
0 0.2940859375 0.35655555555555557 0.009210937499999999 0.024375
3 0.3581875 0.34497222222222224 0.006453125 0.018291666666666668