2 0.11796875 0.5609375 0.0859375 0.1546875
2 0.78984375 0.6234375 0.06875 0.1328125
3 0.375 0.4046875 0.0296875 0.053125
3 0.62734375 0.39375 0.015625 0.0296875
0 0.64375 0.43984375 0.0265625 0.0515625
1 0.4671875 0.35078125 0.015625 0.0390625
1 0.590625 0.3671875 0.0171875 0.0375
0 0.41171875 0.3671875 0.0171875 0.0328125
0 0.984375 0.54765625 0.03125 0.0609375
0 0.0984375 0.37578125 0.0203125 0.040625
0 0.27890625 0.37109375 0.01875 0.0390625
3 0.73984375 0.4296875 0.021875 0.040625
3 0.90625 0.48125 0.0234375 0.0421875
3 0.99765625 0.46015625 0.0046875 0.0203125
1 0.4703125 0.3515625 0.015625 0.0375
1 0.58671875 0.365625 0.015625 0.0390625