0 0.11953125 0.60625 0.053125 0.1140625
1 0.44140625 0.42109375 0.0421875 0.1125
1 0.47890625 0.396875 0.034375 0.0953125
1 0.82421875 0.41328125 0.05 0.1234375
1 0.8046875 0.38984375 0.04375 0.1125
0 0.4640625 0.42421875 0.0296875 0.0609375
0 0.51015625 0.371875 0.021875 0.04375
0 0.4828125 0.35703125 0.0140625 0.028125
0 0.42421875 0.3546875 0.0125 0.0265625
3 0.409375 0.346875 0.0125 0.0234375
3 0.5078125 0.3375 0.0125 0.0234375
3 0.60546875 0.3359375 0.0125 0.028125
3 0.81015625 0.4171875 0.0328125 0.0703125
3 0.81875 0.35703125 0.0203125 0.0421875
3 0.88359375 0.340625 0.0171875 0.0375
0 0.8703125 0.31328125 0.0140625 0.0265625
3 0.96796875 0.328125 0.01875 0.0390625
0 0.74921875 0.32734375 0.0125 0.028125
2 0.7359375 0.315625 0.0109375 0.025
2 0.62734375 0.32109375 0.0109375 0.021875
2 0.63984375 0.3140625 0.00625 0.015625
2 0.73046875 0.30546875 0.0078125 0.01875