0 0.12890625 0.66015625 0.065625 0.1171875
1 0.42734375 0.4359375 0.0546875 0.1125
1 0.46171875 0.40625 0.0453125 0.096875
1 0.80859375 0.38046875 0.0625 0.125
1 0.78671875 0.36015625 0.05625 0.1140625
0 0.45 0.4359375 0.0359375 0.0640625
0 0.490625 0.37734375 0.0265625 0.0453125
0 0.4609375 0.36640625 0.0171875 0.028125
0 0.4015625 0.37109375 0.015625 0.028125
3 0.38671875 0.36484375 0.015625 0.0234375
3 0.48359375 0.34453125 0.0140625 0.0234375
3 0.58046875 0.33046875 0.0140625 0.028125
3 0.7953125 0.3859375 0.040625 0.071875
3 0.79609375 0.32578125 0.025 0.04375
3 0.859375 0.30078125 0.021875 0.0375
0 0.84375 0.27578125 0.0171875 0.028125
3 0.94140625 0.27890625 0.0234375 0.040625
0 0.7234375 0.30390625 0.015625 0.028125
2 0.70859375 0.2953125 0.0140625 0.0265625
2 0.60078125 0.31328125 0.0125 0.021875
2 0.61328125 0.3046875 0.0078125 0.015625
2 0.70234375 0.284375 0.009375 0.01875