2 0.0796875 0.81640625 0.0984375 0.1984375
2 0.309375 0.46015625 0.0390625 0.071875
2 0.97734375 0.58515625 0.0453125 0.2328125
2 0.66484375 0.375 0.0375 0.0640625
2 0.50625 0.2875 0.00625 0.0125
2 0.50234375 0.2859375 0.0046875 0.0125
2 0.44609375 0.30078125 0.00625 0.0109375
2 0.45078125 0.29765625 0.00625 0.0109375
3 0.4421875 0.30546875 0.0078125 0.0171875
3 0.53828125 0.290625 0.009375 0.0171875
3 0.565625 0.303125 0.0140625 0.025
3 0.56953125 0.2796875 0.0078125 0.0140625
3 0.38515625 0.3703125 0.01875 0.034375
3 0.3796875 0.315625 0.0078125 0.0140625
3 0.309375 0.33359375 0.00625 0.0125
3 0.1109375 0.47265625 0.0234375 0.0453125
3 0.0078125 0.43984375 0.00625 0.0125
3 0.08359375 0.40703125 0.0078125 0.015625
3 0.1578125 0.37734375 0.0078125 0.0140625
3 0.234375 0.353125 0.00625 0.0140625
3 0.65703125 0.29609375 0.015625 0.0296875
3 0.61484375 0.2703125 0.0078125 0.0140625
3 0.6671875 0.259375 0.00625 0.0125
3 0.79609375 0.2859375 0.0171875 0.034375
3 0.9171875 0.2734375 0.0171875 0.0328125
3 0.95546875 0.2453125 0.009375 0.01875
3 0.909375 0.2421875 0.009375 0.0171875
3 0.8515625 0.2421875 0.00625 0.0125
3 0.78984375 0.24453125 0.00625 0.0140625
3 0.728125 0.25 0.00625 0.0140625
0 0.84609375 0.30625 0.0234375 0.04375
0 0.884375 0.23828125 0.00625 0.015625
0 0.96171875 0.23828125 0.00625 0.015625
0 0.80234375 0.24296875 0.0078125 0.015625
0 0.58046875 0.32734375 0.0171875 0.0375
0 0.575 0.2734375 0.00625 0.0125
0 0.5125 0.28984375 0.00625 0.0140625
0 0.3921875 0.34140625 0.0109375 0.025
0 0.38828125 0.31953125 0.0078125 0.015625
0 0.41953125 0.3171875 0.0078125 0.0171875
0 0.34296875 0.32890625 0.0078125 0.0140625
1 0.4265625 0.315625 0.0125 0.0296875
1 0.43046875 0.31484375 0.0125 0.0328125
1 0.53046875 0.29453125 0.0125 0.03125
1 0.52578125 0.29453125 0.0109375 0.0328125
0 0.296875 0.37734375 0.0125 0.028125
0 0.16171875 0.42265625 0.015625 0.0328125
0 0.1703125 0.3765625 0.0078125 0.015625
0 0.046875 0.46328125 0.0171875 0.0328125
0 0.28828125 0.33984375 0.00625 0.0125
0 0.23046875 0.35703125 0.0078125 0.0125
0 0.1109375 0.39765625 0.0078125 0.01875
0 0.0578125 0.4234375 0.009375 0.0171875
0 0.01328125 0.4484375 0.009375 0.0171875