0 0.05390625 0.39765625 0.03125 0.053125
0 0.24140625 0.37734375 0.0359375 0.0546875
0 0.3828125 0.3625 0.0296875 0.046875
0 0.628125 0.434375 0.046875 0.0828125
3 0.7234375 0.4140625 0.0390625 0.075
3 0.8984375 0.4515625 0.0296875 0.0453125
3 0.33671875 0.4140625 0.0375 0.0734375
2 0.846875 0.70234375 0.1078125 0.2046875
2 0.01484375 0.66640625 0.0296875 0.1984375
1 0.43671875 0.34296875 0.0125 0.0375
1 0.4421875 0.3421875 0.0140625 0.0375
1 0.5640625 0.35546875 0.015625 0.0375
1 0.56171875 0.3515625 0.0140625 0.0375
3 0.603125 0.38046875 0.015625 0.0359375