3 0.30310156250000003 0.4545972222222222 0.024210937499999998 0.0628611111111111
3 0.73490625 0.37955555555555553 0.016398437499999998 0.03955555555555556
3 0.9276875 0.4009583333333333 0.01609375 0.041180555555555554
3 0.5983671875 0.36119444444444443 0.012796875 0.034208333333333334
0 0.6444453125 0.42097222222222225 0.0251875 0.05919444444444444
0 0.20933593749999999 0.42480555555555555 0.0166328125 0.04133333333333333
0 0.3598671875 0.38143055555555555 0.012867187499999998 0.034194444444444444
0 0.017265625 0.47762499999999997 0.015453125000000002 0.04580555555555555
1 0.5507421875 0.3423888888888889 0.011671875 0.03905555555555556
1 0.5466640625 0.34052777777777776 0.0106328125 0.035333333333333335
1 0.418 0.3528055555555556 0.0102421875 0.03980555555555555
1 0.420828125 0.35094444444444445 0.0108671875 0.03756944444444445
3 0.5576328125 0.33620833333333333 0.0063828125 0.020999999999999998