1 0.36328125 0.4765625 0.084375 0.1703125
1 0.42578125 0.44296875 0.0625 0.125
1 0.915625 0.615625 0.0890625 0.1953125
1 0.86875 0.55625 0.071875 0.1484375
3 0.87734375 0.6109375 0.0546875 0.1046875
3 0.84453125 0.49140625 0.034375 0.05625
3 0.89921875 0.478125 0.021875 0.0421875
3 0.975 0.48828125 0.01875 0.0375
3 0.59921875 0.39140625 0.0203125 0.0328125
3 0.4921875 0.3546875 0.0140625 0.025
0 0.39375 0.47734375 0.040625 0.0921875
0 0.48203125 0.41171875 0.028125 0.0484375
0 0.45625 0.37421875 0.0203125 0.0359375
0 0.3921875 0.35 0.01875 0.0328125
0 0.75390625 0.41796875 0.0171875 0.0359375
0 0.87421875 0.44296875 0.015625 0.03125
0 0.9953125 0.47734375 0.009375 0.0265625
2 0.621875 0.375 0.009375 0.0203125
2 0.7359375 0.4015625 0.0125 0.0234375
2 0.72890625 0.39140625 0.009375 0.0171875
2 0.63515625 0.3703125 0.0109375 0.01875
0 0.31484375 0.334375 0.0140625 0.0265625
3 0.3828125 0.3359375 0.0109375 0.0203125