0 0.13503125 0.45225 0.021601562499999998 0.05629166666666667
0 0.018664062500000002 0.45225 0.015828125000000002 0.04504166666666667
0 0.007851562500000001 0.43395833333333333 0.011078125 0.03283333333333333
0 0.0447890625 0.40675 0.010015625 0.027208333333333334
0 0.387015625 0.4133194444444444 0.0210234375 0.05161111111111111
3 0.8808359375 0.5116666666666666 0.041171875000000004 0.09491666666666668
1 0.8234843749999999 0.4000555555555556 0.0265859375 0.076375
1 0.834546875 0.39376388888888886 0.0180390625 0.08305555555555555
1 0.580546875 0.3637222222222222 0.017890625 0.07193055555555555
1 0.6084921875 0.3603888888888889 0.014546875 0.057833333333333334
0 0.5955625 0.3763333333333333 0.012046875 0.04375
0 0.6433203125 0.3544583333333333 0.0091171875 0.028180555555555556
0 0.6276796874999999 0.3385138888888889 0.008703125 0.024472222222222225
0 0.524453125 0.32405555555555554 0.0058125 0.020763888888888887
3 0.656875 0.3299861111111111 0.0070234375 0.014833333333333334
3 0.5736718749999999 0.32219444444444445 0.0074687500000000006 0.018541666666666665
3 0.7338203125 0.3433333333333333 0.009093750000000001 0.01927777777777778
3 0.8806484375 0.38486111111111115 0.0149296875 0.034111111111111106
3 0.9573828125 0.3855972222222222 0.013242187499999999 0.029666666666666668
0 0.8568749999999999 0.3570555555555555 0.00659375 0.022986111111111113
0 0.9736484375 0.3712083333333333 0.0072499999999999995 0.018027777777777778
2 0.760359375 0.3346388888888889 0.006742187500000001 0.01904166666666667
2 0.7772812499999999 0.33519444444444446 0.006625000000000001 0.014083333333333335
2 0.8597109375 0.3489027777777778 0.0044609375 0.014847222222222222
0 0.10279687500000001 0.3797638888888889 0.0075546875 0.019930555555555556
0 0.17234375 0.3571944444444445 0.0068828125 0.019333333333333334
0 0.246015625 0.34195833333333336 0.0071953125 0.018166666666666668
3 0.0358828125 0.3908888888888889 0.00625 0.021097222222222222
3 0.1296640625 0.36130555555555555 0.006562500000000001 0.015819444444444445