0 0.420140625 0.4527777777777778 0.030343750000000003 0.08611111111111111
0 0.44140625 0.35456944444444444 0.013632812499999999 0.034277777777777775
0 0.5875468749999999 0.3541111111111111 0.0115703125 0.03698611111111111
0 0.730890625 0.3527638888888889 0.007984375 0.028874999999999998
0 0.7844218749999999 0.34779166666666667 0.0084765625 0.026166666666666668
0 0.3523515625 0.34915277777777776 0.0101015625 0.030680555555555555
3 0.859953125 0.5030972222222222 0.036875000000000005 0.10123611111111111
3 0.8247265625000001 0.40868055555555555 0.0210703125 0.051472222222222225
3 0.9635 0.3858055555555555 0.01134375 0.030666666666666665
3 0.8770390625 0.38708333333333333 0.009929687500000001 0.036625000000000005
3 0.348453125 0.3875138888888889 0.015320312499999999 0.042583333333333334
3 0.214515625 0.3755833333333334 0.0109453125 0.030666666666666665
2 0.059796875000000006 0.43605555555555553 0.0186484375 0.04769444444444445
3 0.21403906250000002 0.357875 0.0102890625 0.020555555555555556
1 0.866296875 0.3728194444444445 0.017109375 0.06301388888888888
1 0.8852499999999999 0.3723888888888889 0.01365625 0.05688888888888889
1 0.7194453125 0.3449861111111111 0.013242187499999999 0.04670833333333334
1 0.741890625 0.34380555555555553 0.01290625 0.04552777777777778