0 0.06171875 0.44140625 0.025 0.05
0 0.24140625 0.39921875 0.0296875 0.0515625
0 0.37734375 0.36796875 0.0234375 0.04375
0 0.62421875 0.4078125 0.0359375 0.078125
3 0.71484375 0.37734375 0.03125 0.0703125
3 0.8890625 0.39296875 0.025 0.0421875
3 0.3375 0.4234375 0.028125 0.0703125
2 0.86953125 0.64296875 0.084375 0.19375
2 0.02890625 0.70859375 0.0578125 0.1890625
1 0.42734375 0.34296875 0.0078125 0.0375
1 0.43203125 0.34140625 0.009375 0.0359375
1 0.55234375 0.3390625 0.0109375 0.0359375
1 0.54921875 0.33671875 0.009375 0.0359375
3 0.59296875 0.359375 0.0109375 0.034375