3 0.909375 0.69921875 0.1140625 0.2328125
3 0.48203125 0.42890625 0.0328125 0.065625
2 0.8546875 0.40703125 0.03125 0.065625
2 0.84375 0.35234375 0.0234375 0.0421875
2 0.83671875 0.32890625 0.0140625 0.0265625
2 0.83515625 0.31484375 0.009375 0.021875
2 0.86328125 0.30625 0.0078125 0.0171875
2 0.8859375 0.3046875 0.0078125 0.0140625
0 0.15390625 0.5328125 0.0328125 0.0796875
0 0.1421875 0.47578125 0.021875 0.0453125
0 0.0828125 0.4703125 0.015625 0.0375
0 0.00234375 0.4890625 0.0046875 0.03125
3 0.0859375 0.44375 0.0109375 0.0234375
3 0.20078125 0.4171875 0.0140625 0.03125
3 0.32421875 0.40390625 0.0140625 0.0359375