2 0.075 0.79453125 0.10625 0.203125
2 0.32890625 0.4375 0.0375 0.071875
2 0.99375 0.5921875 0.0125 0.234375
2 0.69453125 0.3625 0.0359375 0.0640625
2 0.53515625 0.26875 0.0046875 0.0125
2 0.53203125 0.26640625 0.0046875 0.0125
2 0.47421875 0.27890625 0.0046875 0.0109375
2 0.478125 0.27578125 0.0046875 0.0109375
3 0.4703125 0.28515625 0.0078125 0.0171875
3 0.56796875 0.27265625 0.009375 0.0171875
3 0.59609375 0.2859375 0.0125 0.025
3 0.60078125 0.26171875 0.0078125 0.0140625
3 0.409375 0.3484375 0.0171875 0.034375
3 0.40625 0.2921875 0.0078125 0.0140625
3 0.3328125 0.30703125 0.00625 0.0125
3 0.12578125 0.44375 0.021875 0.046875
3 0.021875 0.40625 0.00625 0.0140625
3 0.10078125 0.375 0.0078125 0.015625
3 0.17734375 0.34765625 0.0078125 0.0125
3 0.25625 0.325 0.00625 0.0140625
3 0.6890625 0.28203125 0.015625 0.0296875
3 0.646875 0.2546875 0.0078125 0.0140625
3 0.7015625 0.24453125 0.00625 0.0125
3 0.83203125 0.2765625 0.015625 0.0359375
3 0.95625 0.26796875 0.015625 0.0328125
3 0.94921875 0.23515625 0.0078125 0.015625
3 0.890625 0.23359375 0.00625 0.0140625
3 0.82734375 0.23359375 0.00625 0.0140625
3 0.7640625 0.2375 0.00625 0.015625
0 0.88203125 0.2984375 0.021875 0.0453125
0 0.9234375 0.23046875 0.00625 0.015625
0 0.840625 0.2328125 0.00625 0.015625
0 0.6109375 0.3109375 0.0171875 0.0375
0 0.60703125 0.25625 0.0046875 0.0125
0 0.54296875 0.2703125 0.00625 0.0140625
0 0.4171875 0.31875 0.0109375 0.025
0 0.4140625 0.29609375 0.0078125 0.015625
0 0.44609375 0.29453125 0.0078125 0.0171875
0 0.36796875 0.3046875 0.0078125 0.015625
1 0.453125 0.29375 0.0109375 0.0296875
1 0.45703125 0.29375 0.0125 0.0328125
1 0.5609375 0.275 0.0125 0.03125
1 0.55546875 0.275 0.0109375 0.034375
0 0.31875 0.3515625 0.0125 0.0296875
0 0.17890625 0.39453125 0.0140625 0.034375
0 0.1890625 0.346875 0.0078125 0.015625
0 0.06015625 0.43203125 0.015625 0.034375
0 0.3109375 0.3140625 0.00625 0.0125
0 0.25234375 0.32890625 0.0078125 0.0140625
0 0.12890625 0.3671875 0.0078125 0.0203125
0 0.0734375 0.39140625 0.0078125 0.0171875
0 0.0265625 0.4140625 0.0078125 0.0171875
0 0.0046875 0.44453125 0.009375 0.0234375