0 0.03984375 0.40703125 0.0375 0.0578125
0 0.028125 0.5046875 0.05625 0.10625
3 0.13515625 0.36171875 0.021875 0.0328125
3 0.284375 0.3953125 0.0328125 0.05
3 0.47578125 0.4921875 0.0515625 0.0859375
2 0.95078125 0.5234375 0.0140625 0.025
2 0.928125 0.50625 0.0125 0.01875
2 0.89140625 0.49140625 0.0109375 0.01875
2 0.8671875 0.4828125 0.0109375 0.01875
2 0.865625 0.540625 0.0328125 0.053125
2 0.89453125 0.615625 0.053125 0.0875
2 0.8359375 0.4703125 0.0125 0.0203125
2 0.840625 0.48125 0.0140625 0.025
2 0.85 0.5 0.021875 0.0375