0 0.05234375 0.6734375 0.0765625 0.184375
0 0.20859375 0.45078125 0.0296875 0.0796875
2 0.934375 0.37734375 0.01875 0.0453125
2 0.8484375 0.4125 0.0296875 0.0578125
2 0.76328125 0.36484375 0.01875 0.040625
3 0.8203125 0.58984375 0.0703125 0.1453125
0 0.64765625 0.3390625 0.0125 0.028125
0 0.53125 0.3546875 0.0140625 0.0328125
3 0.4984375 0.396875 0.025 0.05625
3 0.5375 0.33671875 0.0109375 0.0265625
3 0.4515625 0.34375 0.015625 0.0296875
3 0.56875 0.325 0.0109375 0.0203125
3 0.5625 0.31640625 0.0078125 0.021875
3 0.32265625 0.35703125 0.015625 0.0359375
3 0.2046875 0.3640625 0.0109375 0.03125
3 0.1390625 0.36484375 0.0109375 0.0234375
3 0.13515625 0.35703125 0.009375 0.0234375
0 0.171875 0.40703125 0.01875 0.0453125
0 0.08203125 0.4015625 0.0125 0.034375
0 0.03359375 0.37890625 0.0125 0.0234375
1 0.07109375 0.39140625 0.01875 0.05625
1 0.09609375 0.39140625 0.01875 0.0546875
1 0.19375 0.359375 0.0140625 0.0453125
1 0.215625 0.35703125 0.015625 0.0421875
0 0.66796875 0.325 0.0109375 0.0234375
0 0.63984375 0.31484375 0.009375 0.0171875
3 0.53203125 0.31015625 0.0078125 0.015625
3 0.48828125 0.3078125 0.009375 0.01875