0 0.1900859375 0.51875 0.0343046875 0.09305555555555556
0 0.843140625 0.4354166666666667 0.0263359375 0.05694444444444444
0 0.145953125 0.45208333333333334 0.01946875 0.05138888888888889
0 0.0651015625 0.44166666666666665 0.0171484375 0.041666666666666664
3 0.538484375 0.4340277777777778 0.027968749999999997 0.0625
3 0.3431953125 0.39861111111111114 0.0155234375 0.03888888888888889
3 0.1951328125 0.39894444444444443 0.0120546875 0.028180555555555556
3 0.061882812499999995 0.4126666666666667 0.0108359375 0.028916666666666667
2 0.743203125 0.38337499999999997 0.015351562499999999 0.034111111111111106
2 0.7002421875 0.361125 0.0111875 0.029666666666666668
2 0.5579765625 0.3810138888888889 0.0156953125 0.03756944444444445
2 0.5665078125 0.3622361111111111 0.01109375 0.027944444444444445
2 0.5705703125 0.34875 0.009460937499999999 0.021194444444444443
2 0.67365625 0.3506666666666666 0.009171875 0.021194444444444443
2 0.656046875 0.34223611111111113 0.0070078125 0.01588888888888889