0 0.66034375 0.41041666666666665 0.0295078125 0.07083333333333333
0 0.82946875 0.3680555555555556 0.0161875 0.044444444444444446
0 0.97046875 0.3611111111111111 0.010687499999999999 0.03333333333333333
3 0.3189765625 0.45069444444444445 0.028023437499999998 0.07083333333333333
3 0.18267187499999998 0.4215277777777778 0.0163359375 0.04027777777777778
3 0.05846875 0.4284722222222222 0.011679687499999999 0.029166666666666667
2 0.405953125 0.37890277777777776 0.0159375 0.044333333333333336
2 0.60065625 0.36412500000000003 0.015890625 0.042222222222222223
2 0.44008593749999997 0.35620833333333335 0.0105859375 0.0285
2 0.5789921875 0.34406944444444443 0.0105546875 0.03166666666666667
2 0.46115625 0.3409027777777778 0.0088046875 0.021111111111111112
2 0.5657109375 0.333125 0.0079609375 0.021375