0 0.09909375000000001 0.6875 0.060101562500000004 0.16666666666666666
0 0.22954687499999998 0.4722222222222222 0.022578124999999998 0.07222222222222222
2 0.8954765625000001 0.3576388888888889 0.015375 0.04027777777777778
2 0.8177578125 0.3951388888888889 0.023984375 0.05138888888888889
2 0.736125 0.35694444444444445 0.0154140625 0.03611111111111111
3 0.8033046875000001 0.5611111111111111 0.056015625 0.13055555555555556
0 0.6276640625 0.3400694444444444 0.009804687500000001 0.025666666666666667
0 0.521203125 0.3625277777777777 0.010734375 0.030472222222222223
3 0.4934609375 0.40343055555555557 0.02021875 0.051333333333333335
3 0.5252656250000001 0.3452777777777778 0.0089296875 0.024861111111111108
3 0.446546875 0.35770833333333335 0.012109375 0.025666666666666667
3 0.55390625 0.3324444444444445 0.0084765625 0.018444444444444444
3 0.547140625 0.3252361111111111 0.006867187499999999 0.020055555555555556
3 0.3285859375 0.3777638888888889 0.0116875 0.03208333333333334
3 0.22028124999999998 0.39259722222222226 0.0089296875 0.028069444444444445
3 0.159390625 0.39741666666666664 0.0081953125 0.021652777777777778
3 0.1551015625 0.39019444444444445 0.007593750000000001 0.021652777777777778
0 0.192765625 0.43430555555555556 0.01525 0.040902777777777774
0 0.10909374999999999 0.43511111111111106 0.00940625 0.03127777777777778
0 0.023609375 0.45195833333333335 0.0116875 0.03127777777777778
0 0.063078125 0.4166666666666667 0.010320312500000001 0.021652777777777778
1 0.09871875 0.4266944444444445 0.014828125000000001 0.051333333333333335
1 0.12171875000000001 0.42388888888888887 0.014820312499999998 0.048930555555555554
1 0.20900781249999997 0.38859722222222226 0.010734375 0.040902777777777774
1 0.22953125000000002 0.3853888888888889 0.012085937500000001 0.03769444444444445
0 0.6458828125 0.3268333333333333 0.007796875 0.021680555555555554
0 0.618515625 0.318875 0.007265625 0.015416666666666665
3 0.51909375 0.3215277777777778 0.00565625 0.013972222222222223
3 0.478046875 0.3220138888888889 0.0075625 0.01686111111111111