3 0.9140625 0.72890625 0.103125 0.23125
3 0.49921875 0.43359375 0.03125 0.065625
2 0.875 0.43203125 0.028125 0.065625
2 0.8671875 0.3765625 0.0203125 0.0421875
2 0.8609375 0.35234375 0.0140625 0.025
2 0.859375 0.33828125 0.0078125 0.021875
2 0.88828125 0.33125 0.00625 0.0171875
2 0.91171875 0.33046875 0.00625 0.0140625
0 0.165625 0.52109375 0.028125 0.0796875
0 0.15625 0.4625 0.01875 0.0453125
0 0.09609375 0.4546875 0.0140625 0.0375
0 0.0109375 0.47109375 0.0125 0.03125
3 0.10078125 0.42890625 0.009375 0.0234375
3 0.21875 0.4078125 0.0125 0.03125
3 0.3421875 0.40078125 0.0125 0.0359375