0 0.1828125 0.5 0.0453125 0.1015625
0 0.8734375 0.484375 0.0328125 0.0625
0 0.14453125 0.425 0.0265625 0.05625
0 0.06171875 0.40546875 0.021875 0.0453125
3 0.55546875 0.44921875 0.0359375 0.06875
3 0.35625 0.39140625 0.0203125 0.0421875
3 0.2015625 0.375 0.015625 0.03125
3 0.0609375 0.37421875 0.0140625 0.03125
2 0.775 0.41875 0.0203125 0.0375
2 0.7328125 0.390625 0.015625 0.0328125
2 0.58125 0.39609375 0.0203125 0.040625
2 0.59296875 0.378125 0.0140625 0.03125
2 0.5984375 0.3640625 0.0125 0.0234375
2 0.70625 0.37734375 0.0109375 0.0234375
2 0.68828125 0.36640625 0.009375 0.0171875