2 0.29765625 0.4265625 0.0515625 0.084375
2 0.40625 0.378125 0.028125 0.046875
2 0.45703125 0.353125 0.01875 0.03125
2 0.48046875 0.340625 0.015625 0.025
2 0.49609375 0.33515625 0.0109375 0.015625
2 0.525 0.33828125 0.0125 0.01875
2 0.54921875 0.34296875 0.0109375 0.0171875
2 0.62734375 0.4109375 0.0203125 0.0421875
2 0.6046875 0.37578125 0.015625 0.0296875
2 0.59296875 0.359375 0.0109375 0.0234375
2 0.58671875 0.34921875 0.009375 0.0203125
2 0.67890625 0.48203125 0.0515625 0.0859375
0 0.9109375 0.8984375 0.071875 0.203125