3 0.13828125 0.6125 0.05 0.1234375
3 0.84765625 0.40078125 0.025 0.0578125
3 0.63984375 0.3734375 0.015625 0.0375
3 0.43984375 0.334375 0.00625 0.0203125
3 0.6140625 0.32109375 0.0046875 0.01875
3 0.5734375 0.33125 0.009375 0.0203125
3 0.4484375 0.328125 0.00625 0.0140625
3 0.6703125 0.31484375 0.0078125 0.015625
3 0.73671875 0.3109375 0.00625 0.01875
3 0.8109375 0.3109375 0.00625 0.015625
0 0.7859375 0.521875 0.05 0.125
0 0.3109375 0.40703125 0.015625 0.04375
0 0.0859375 0.4859375 0.01875 0.0640625
0 0.36171875 0.34921875 0.00625 0.0140625
1 0.3984375 0.35703125 0.0125 0.0484375
1 0.40703125 0.353125 0.0140625 0.0453125
2 0.4546875 0.32265625 0.0046875 0.0125
2 0.459375 0.31796875 0.003125 0.009375
2 0.52421875 0.3171875 0.0046875 0.0125
2 0.51953125 0.315625 0.00625 0.0109375
0 0.534375 0.321875 0.00625 0.01875
1 0.56875 0.33984375 0.0140625 0.0515625
1 0.56171875 0.3359375 0.0125 0.0484375
0 0.615625 0.31171875 0.00625 0.015625
0 0.70234375 0.30625 0.00625 0.0140625
0 0.7953125 0.30703125 0.00625 0.015625
3 0.96875 0.32421875 0.0078125 0.0203125