3 0.14192968749999998 0.6085833333333334 0.046218749999999996 0.11868055555555555
3 0.83184375 0.41540277777777773 0.0225234375 0.05555555555555555
3 0.631578125 0.3850972222222222 0.0140390625 0.035347222222222224
3 0.43867968749999997 0.3444305555555556 0.005648437500000001 0.01970833333333333
3 0.6069375 0.33458333333333334 0.00471875 0.017055555555555553
3 0.568125 0.3431111111111111 0.0080234375 0.019180555555555555
3 0.4470703125 0.3383055555555556 0.005648437500000001 0.013847222222222223
3 0.661484375 0.3289861111111111 0.00653125 0.015444444444444443
3 0.7259140625 0.32605555555555554 0.0053203124999999995 0.017055555555555553
3 0.7976796875 0.32791666666666663 0.0050078125 0.015444444444444443
0 0.77028125 0.5311805555555555 0.0461015625 0.11934722222222223
0 0.312203125 0.41209722222222217 0.0140234375 0.042083333333333334
0 0.09225781250000001 0.4853611111111111 0.0164609375 0.06180555555555556
0 0.3623515625 0.35704166666666665 0.0050234375 0.012958333333333334
1 0.3976796875 0.36550000000000005 0.010484375 0.04643055555555556
1 0.4056796875 0.36154166666666665 0.0119765625 0.043555555555555556
2 0.4525625 0.3325416666666667 0.004234375 0.012486111111111111
2 0.45715625 0.328125 0.0030078125 0.009416666666666667
2 0.520390625 0.3292777777777778 0.0045234375 0.012486111111111111
2 0.5158515625 0.32658333333333334 0.004953125 0.010958333333333332
0 0.5298515625 0.3335972222222222 0.006140625 0.017680555555555557
1 0.56325 0.3517638888888889 0.0119765625 0.049
1 0.5563828125 0.3469583333333333 0.0107890625 0.04630555555555556
0 0.60859375 0.32513888888888887 0.0058203125 0.014611111111111111
0 0.6930156249999999 0.32130555555555557 0.0056015625 0.013458333333333333
0 0.7828906250000001 0.3237083333333333 0.0054921875000000005 0.014791666666666667
3 0.9507656250000001 0.3436388888888889 0.0076171875 0.018958333333333334