0 0.053578125 0.4472916666666667 0.0129453125 0.033430555555555554
0 0.1299921875 0.4439166666666667 0.018875 0.04198611111111111
0 0.172828125 0.4711111111111111 0.0238125 0.057541666666666665
0 0.1101796875 0.6008611111111111 0.0507109375 0.1135138888888889
3 0.2813515625 0.3990138888888889 0.013804687500000001 0.03013888888888889
3 0.4118984375 0.4075416666666667 0.018882812500000002 0.03959722222222222
2 0.45456250000000004 0.3718888888888889 0.01340625 0.028055555555555556
2 0.474390625 0.3570555555555555 0.0087734375 0.02373611111111111
2 0.48826562500000004 0.34705555555555556 0.008046875 0.01970833333333333
2 0.4965390625 0.3390833333333333 0.0056953125 0.014194444444444445
2 0.565421875 0.3298888888888889 0.00596875 0.015069444444444444
2 0.57003125 0.33541666666666664 0.0048046875 0.014583333333333334
2 0.5776640625 0.34173611111111113 0.00721875 0.017319444444444446
2 0.588 0.35018055555555555 0.0105703125 0.020999999999999998
2 0.6035703125 0.35936111111111113 0.0125703125 0.03219444444444444
0 0.642109375 0.38369444444444445 0.019671875 0.04633333333333333
0 0.7848124999999999 0.3644444444444444 0.012562499999999999 0.036972222222222226
0 0.9188359374999999 0.3592777777777778 0.0116953125 0.029097222222222222
3 0.9441875 0.39577777777777773 0.0181484375 0.044333333333333336
3 0.8858750000000001 0.4246388888888889 0.0273515625 0.06151388888888889
3 0.91228125 0.5366527777777778 0.0503515625 0.11695833333333333