3 0.03828125 0.4171875 0.0140625 0.028125
3 0.01640625 0.45078125 0.0234375 0.0484375
3 0.1625 0.471875 0.0375 0.06875
0 0.20546875 0.396875 0.0171875 0.0390625
0 0.31953125 0.39921875 0.021875 0.0515625
0 0.51875 0.3921875 0.025 0.0484375
1 0.684375 0.36796875 0.01875 0.0671875
1 0.71015625 0.3671875 0.0140625 0.0609375
0 0.696875 0.37578125 0.0125 0.0375
1 0.8828125 0.403125 0.0171875 0.0765625
1 0.9 0.4 0.0140625 0.071875
3 0.8921875 0.415625 0.0109375 0.0421875
3 0.8703125 0.47109375 0.034375 0.0796875
3 0.9703125 0.40703125 0.015625 0.0328125
0 0.9734375 0.38671875 0.0078125 0.025
0 0.1921875 0.66875 0.071875 0.178125
0 0.74296875 0.35078125 0.009375 0.028125
0 0.75234375 0.36328125 0.0140625 0.028125
2 0.88515625 0.36015625 0.0078125 0.01875
2 0.9078125 0.36015625 0.00625 0.0171875
2 0.928125 0.35859375 0.00625 0.0140625
2 0.94296875 0.3578125 0.0046875 0.0109375
2 0.99140625 0.37734375 0.0046875 0.0140625
2 0.9828125 0.38203125 0.00625 0.01875
2 0.9984375 0.37421875 0.003125 0.0140625
3 0.8515625 0.36171875 0.0078125 0.0265625