2 0.15571875 0.6041666666666666 0.0530625 0.1361111111111111
2 0.7801640625 0.5310138888888889 0.041023437499999996 0.11759722222222223
3 0.3599921875 0.4125 0.017859375 0.04722222222222222
3 0.5876328125 0.3537638888888889 0.0095625 0.026055555555555557
0 0.61134375 0.39216666666666666 0.015335937499999999 0.04525
1 0.433109375 0.3459027777777778 0.007539062500000001 0.034916666666666665
1 0.5491953125 0.3369861111111111 0.008796875 0.033541666666666664
0 0.38615625 0.3712083333333333 0.010421875 0.02826388888888889
0 0.9428906250000001 0.4251527777777778 0.0188359375 0.05401388888888889
0 0.10228124999999999 0.43904166666666666 0.01134375 0.0355
0 0.2658828125 0.4004583333333333 0.010312499999999999 0.0355
3 0.6975546875 0.3643194444444445 0.013976562500000001 0.036319444444444446
3 0.8588906250000001 0.3787361111111111 0.0146171875 0.03738888888888889
3 0.9818046875 0.3862222222222222 0.0115859375 0.03098611111111111
3 0.9409453125 0.34241666666666665 0.006765625 0.018166666666666668
1 0.43597656249999994 0.34576388888888887 0.007453125 0.033625
1 0.545546875 0.3362638888888889 0.0069140625 0.035083333333333334