2 0.1578125 0.5953125 0.075 0.1578125
2 0.84453125 0.44140625 0.059375 0.1359375
3 0.3625 0.3578125 0.025 0.0546875
3 0.60859375 0.265625 0.0140625 0.0296875
0 0.63984375 0.30546875 0.021875 0.0515625
1 0.4359375 0.275 0.0125 0.0390625
1 0.5640625 0.2515625 0.0140625 0.0390625
0 0.3875 0.30859375 0.015625 0.0328125
0 0.07890625 0.41796875 0.0171875 0.040625
0 0.25625 0.35546875 0.015625 0.040625
3 0.7328125 0.2640625 0.0203125 0.0421875
3 0.9140625 0.26171875 0.0203125 0.04375
1 0.4390625 0.275 0.0125 0.0375
1 0.56015625 0.25078125 0.0125 0.0390625