1 0.1850234375 0.48333333333333334 0.030398437499999997 0.11388888888888889
1 0.18814843750000002 0.4666666666666667 0.02584375 0.10277777777777777
1 0.49592187499999996 0.4013888888888889 0.027195312500000002 0.09722222222222222
1 0.46233593749999996 0.39305555555555555 0.020953125 0.08055555555555556
3 0.7158125 0.45069444444444445 0.031046875 0.08194444444444444
3 0.8693125 0.3298611111111111 0.0099140625 0.02638888888888889
3 0.7876796875000001 0.3194444444444444 0.007593750000000001 0.019444444444444445
3 0.7076171875 0.31666666666666665 0.008390625 0.019444444444444445
3 0.632234375 0.32430555555555557 0.0091953125 0.02361111111111111
3 0.5599765624999999 0.33125 0.006867187499999999 0.02361111111111111
3 0.497484375 0.34375 0.0068828125 0.020833333333333332
3 0.4236640625 0.3819444444444444 0.0155 0.03333333333333333
3 0.44749218749999997 0.3597222222222222 0.013148437499999999 0.030555555555555555
0 0.41769531249999997 0.3486666666666667 0.00925 0.021680555555555554
0 0.333015625 0.3716111111111111 0.007867187500000001 0.024194444444444446
0 0.1585 0.44501388888888893 0.014484374999999999 0.042541666666666665
0 0.0909453125 0.4491805555555556 0.012625 0.03252777777777778
0 0.0052499999999999995 0.4637777777777778 0.010499999999999999 0.03169444444444444
3 0.20494531249999998 0.40413888888888894 0.00978125 0.029194444444444443
3 0.085546875 0.43000000000000005 0.01121875 0.025861111111111112
2 0.3060625 0.36820833333333336 0.0073828125 0.016916666666666667
2 0.2916953125 0.36533333333333334 0.00453125 0.013194444444444444
2 0.20699218749999998 0.39206944444444447 0.00721875 0.015902777777777776
2 0.2082265625 0.38530555555555557 0.00703125 0.015902777777777776
2 0.2791328125 0.3636388888888889 0.005296875 0.013875