2 0.2754375 0.4974722222222222 0.029031249999999998 0.07827777777777778
2 0.694359375 0.4597777777777778 0.033609375000000004 0.074125
2 0.468453125 0.3289861111111111 0.0037968750000000003 0.010763888888888889
2 0.47234375 0.32706944444444447 0.0040078125 0.009986111111111112
2 0.5270859375 0.325625 0.0038671875 0.010958333333333332
2 0.5238437499999999 0.3234166666666667 0.0032187500000000003 0.010763888888888889
0 0.4393828125 0.3418611111111111 0.004859375 0.014222222222222223
0 0.40559375 0.36251388888888886 0.007546875 0.022861111111111113
0 0.4080234375 0.3401388888888889 0.005703125 0.01498611111111111
0 0.36365625 0.341375 0.0049609375 0.012486111111111111
0 0.30415625 0.38413888888888886 0.0109140625 0.02651388888888889
0 0.157359375 0.4154166666666667 0.01034375 0.03230555555555556
0 0.040640625 0.43850000000000006 0.008859375 0.030000000000000002
0 0.07190625 0.3942638888888889 0.003875 0.01538888888888889
0 0.12923437499999998 0.37676388888888884 0.0060234375 0.015000000000000001
0 0.1898125 0.363875 0.00428125 0.012305555555555554
0 0.251140625 0.3531111111111111 0.0044843750000000005 0.013083333333333334
0 0.02409375 0.4136944444444445 0.0069140625 0.016541666666666666
3 0.0880234375 0.46523611111111113 0.02009375 0.04884722222222222
3 0.023984375 0.40252777777777776 0.0053984375000000005 0.01576388888888889
3 0.102296875 0.3794583333333333 0.0053828125 0.012694444444444446
3 0.17921875 0.36348611111111107 0.0043046874999999995 0.010763888888888889
3 0.25753125 0.3508055555555556 0.0042890625 0.013847222222222223
3 0.3911328125 0.39291666666666664 0.0161796875 0.039625
3 0.3311015625 0.34079166666666666 0.0034296874999999996 0.01
3 0.4021796875 0.33541666666666664 0.0036484374999999998 0.011541666666666667
3 0.46384375 0.33268055555555553 0.0045390625 0.012430555555555554
1 0.44484375 0.34280555555555553 0.006671874999999999 0.031625
1 0.448265625 0.3415972222222222 0.0068515625 0.030805555555555555
1 0.546921875 0.33308333333333334 0.007124999999999999 0.030541666666666665
1 0.5517109375 0.33699999999999997 0.008234374999999999 0.03026388888888889
3 0.559078125 0.33470833333333333 0.006562500000000001 0.017027777777777777
3 0.58521875 0.3511944444444445 0.0089375 0.02188888888888889
3 0.5896328125 0.3288888888888889 0.006203125 0.01675
3 0.6348515625 0.32416666666666666 0.005124999999999999 0.01323611111111111
3 0.6799140625 0.35956944444444444 0.01165625 0.02783333333333333
3 0.6872109375 0.3226805555555556 0.0055703125 0.012430555555555554
0 0.533921875 0.3279444444444444 0.0039296875 0.012166666666666666
0 0.5998125 0.37672222222222224 0.012882812499999998 0.03729166666666667
0 0.5962421875 0.3222777777777778 0.0051328125 0.012166666666666666
0 0.6661796875 0.3197083333333333 0.0039453125 0.010263888888888888
0 0.7406640624999999 0.3187638888888889 0.0036249999999999998 0.010541666666666666
3 0.7460546875 0.3218611111111111 0.00590625 0.012430555555555554
3 0.821375 0.37159722222222225 0.012125 0.03026388888888889
3 0.806328125 0.328625 0.0048359375 0.012430555555555554
0 0.87715625 0.40402777777777776 0.015460937499999999 0.04108333333333333
0 0.818046875 0.323625 0.004242187499999999 0.01
0 0.8968515625 0.3321388888888889 0.0046875 0.012430555555555554
0 0.9719453124999999 0.34497222222222224 0.0043671874999999995 0.011624999999999998
3 0.969359375 0.353625 0.005585937500000001 0.01811111111111111
3 0.939640625 0.3772638888888889 0.0112109375 0.03243055555555556
3 0.9225390625 0.34254166666666663 0.00559375 0.01486111111111111
3 0.86775 0.3328055555555556 0.0057578125 0.01486111111111111