2 0.7390625 0.4765625 0.0625 0.13125
2 0.209375 0.56171875 0.0609375 0.11875
3 0.02265625 0.51875 0.03125 0.0625
3 0.3625 0.4109375 0.0328125 0.0609375
3 0.68359375 0.3421875 0.021875 0.0484375
3 0.8375 0.35546875 0.0375 0.065625
0 0.6015625 0.37421875 0.0328125 0.046875
0 0.915625 0.38046875 0.03125 0.059375
0 0.26875 0.40703125 0.0265625 0.05
0 0.10703125 0.44921875 0.0296875 0.046875
1 0.42421875 0.34453125 0.0109375 0.0375
1 0.42734375 0.34296875 0.0109375 0.0359375
1 0.53828125 0.325 0.0109375 0.034375
1 0.534375 0.32265625 0.0109375 0.0375
0 0.38125 0.36796875 0.0109375 0.0296875
3 0.57734375 0.3390625 0.0109375 0.0296875