1 0.88203125 0.740625 0.1875 0.3921875
3 0.93125 0.88046875 0.0296875 0.1171875
3 0.715625 0.46328125 0.05 0.084375
3 0.7578125 0.415625 0.03125 0.05625
3 0.83203125 0.40703125 0.021875 0.0390625
3 0.92265625 0.41875 0.0171875 0.03125
0 0.9609375 0.4171875 0.021875 0.0421875
0 0.8359375 0.38671875 0.0171875 0.028125
0 0.70546875 0.36484375 0.0234375 0.0375
0 0.5671875 0.3578125 0.028125 0.046875
0 0.08828125 0.33203125 0.0234375 0.040625
0 0.15078125 0.35390625 0.0359375 0.0609375
0 0.14296875 0.421875 0.0515625 0.096875
3 0.103125 0.30625 0.0203125 0.03125
3 0.23515625 0.31875 0.0203125 0.03125
3 0.3671875 0.34453125 0.03125 0.046875
2 0.4046875 0.32265625 0.0203125 0.0328125
2 0.4234375 0.31328125 0.0140625 0.025
2 0.43828125 0.30546875 0.0125 0.025
2 0.44609375 0.3015625 0.0109375 0.01875
2 0.5203125 0.3109375 0.0109375 0.0234375
2 0.52578125 0.3171875 0.0109375 0.025
2 0.53359375 0.3234375 0.0125 0.025
2 0.54296875 0.33671875 0.01875 0.03125