0 0.36484375 0.44140625 0.0546875 0.1
0 0.36171875 0.33203125 0.0234375 0.040625
0 0.515625 0.2921875 0.021875 0.0421875
0 0.66796875 0.253125 0.015625 0.0328125
0 0.72265625 0.23359375 0.015625 0.0296875
0 0.26484375 0.34921875 0.01875 0.0359375
3 0.84453125 0.37890625 0.065625 0.1171875
3 0.78203125 0.2875 0.0359375 0.059375
3 0.92265625 0.2265625 0.0203125 0.0359375
3 0.83125 0.25078125 0.0203125 0.040625
3 0.271875 0.39140625 0.0265625 0.05
3 0.1265625 0.41328125 0.01875 0.0359375
3 0.12109375 0.39453125 0.015625 0.025
1 0.81640625 0.23828125 0.034375 0.071875
1 0.8359375 0.23359375 0.0296875 0.0640625
1 0.65390625 0.24765625 0.0265625 0.053125
1 0.6765625 0.240625 0.025 0.0515625