0 0.01640625 0.60703125 0.0203125 0.0453125
0 0.0796875 0.60234375 0.0359375 0.05625
0 0.1109375 0.69296875 0.0640625 0.1015625
3 0.01328125 0.5734375 0.021875 0.03125
3 0.1390625 0.51953125 0.0203125 0.03125
3 0.28125 0.478125 0.0296875 0.046875
3 0.4875 0.4703125 0.0484375 0.0828125
2 0.9046875 0.27421875 0.0125 0.0234375
2 0.87734375 0.2703125 0.0125 0.01875
2 0.83984375 0.275 0.0109375 0.0171875
2 0.81484375 0.27890625 0.0109375 0.01875
2 0.84140625 0.328125 0.03125 0.0515625
2 0.90078125 0.378125 0.05 0.084375
2 0.78359375 0.2828125 0.0125 0.01875
2 0.79140625 0.290625 0.0125 0.0234375
2 0.80859375 0.3015625 0.01875 0.0359375