1 0.278125 0.42265625 0.059375 0.1296875
1 0.31328125 0.403125 0.0390625 0.103125
0 0.29453125 0.4296875 0.0328125 0.06875
1 0.64296875 0.41640625 0.0375 0.103125
1 0.67109375 0.43671875 0.0546875 0.1296875
3 0.65078125 0.4453125 0.0265625 0.071875
3 0.634375 0.3828125 0.0203125 0.0484375
3 0.68203125 0.371875 0.0140625 0.0296875
3 0.9515625 0.665625 0.0671875 0.171875
3 0.83203125 0.37578125 0.0125 0.0265625
3 0.75078125 0.36796875 0.0125 0.0265625
3 0.92265625 0.38984375 0.0109375 0.028125
0 0.884375 0.3765625 0.0125 0.0234375
0 0.775 0.36015625 0.0109375 0.021875
0 0.665625 0.34921875 0.0109375 0.0234375
0 0.56015625 0.3484375 0.0125 0.0265625
3 0.42421875 0.346875 0.01875 0.0328125
0 0.33671875 0.37421875 0.0203125 0.04375
0 0.23046875 0.3453125 0.0140625 0.028125
0 0.29609375 0.3546875 0.01875 0.0359375
3 0.3203125 0.334375 0.0109375 0.025
0 0.14765625 0.34609375 0.015625 0.028125
2 0.54453125 0.33828125 0.009375 0.0203125
2 0.53671875 0.33203125 0.009375 0.01875
2 0.5296875 0.32734375 0.00625 0.0140625
2 0.52578125 0.32265625 0.00625 0.0125
2 0.45859375 0.32265625 0.009375 0.0171875
2 0.45234375 0.32734375 0.009375 0.01875
2 0.44140625 0.334375 0.0125 0.0203125
2 0.46484375 0.3203125 0.00625 0.0125