0 0.2040234375 0.52425 0.031390625 0.09258333333333332
0 0.21692187500000001 0.4404166666666667 0.01871875 0.051722222222222225
0 0.158984375 0.4283194444444444 0.013578125 0.035861111111111114
0 0.0665625 0.44 0.00796875 0.025861111111111112
0 0.42897656250000005 0.36118055555555556 0.01021875 0.028361111111111115
0 0.5192812499999999 0.3382361111111111 0.0087890625 0.022527777777777775
0 0.5378125 0.32740277777777776 0.007375 0.019180555555555555
2 0.8193359375 0.3653472222222222 0.013953125 0.030027777777777778
2 0.7391171875 0.34408333333333335 0.009281250000000001 0.03252777777777778
2 0.656078125 0.3695138888888889 0.015875 0.04004166666666666
2 0.604 0.3486666666666667 0.0121328125 0.028361111111111115
3 0.598375 0.4375 0.0280859375 0.07090277777777777
3 0.41001562500000005 0.38649999999999995 0.013453125 0.03809722222222222
3 0.4571484375 0.33522222222222225 0.006195312499999999 0.01875
3 0.431109375 0.3443055555555556 0.006203125 0.019333333333333334
3 0.4502265625 0.32994444444444443 0.006195312499999999 0.017583333333333333
3 0.363375 0.3589583333333333 0.0091875 0.02402777777777778
3 0.25689843749999997 0.38269444444444445 0.009171875 0.022263888888888892
3 0.15717187500000002 0.39997222222222223 0.008843750000000001 0.022861111111111113
3 0.09471093750000001 0.4131666666666667 0.0072109375 0.01640277777777778
3 0.084828125 0.40965277777777775 0.0058984375 0.017583333333333333
3 0.1018046875 0.3985138888888889 0.0063046875 0.01875
1 0.1458046875 0.39616666666666667 0.0091796875 0.03165277777777778
1 0.1683828125 0.39499999999999996 0.012140624999999999 0.035166666666666666
1 0.07834375 0.428875 0.0111953125 0.04777777777777777
1 0.0548828125 0.4345833333333333 0.014812500000000001 0.04777777777777777