3 0.01484375 0.50234375 0.0171875 0.0296875
3 0.00703125 0.53515625 0.0140625 0.0484375
3 0.1421875 0.5296875 0.046875 0.0703125
0 0.16875 0.45 0.0234375 0.0390625
0 0.275 0.42890625 0.028125 0.0515625
0 0.4609375 0.3828125 0.03125 0.05
1 0.6125 0.3265625 0.028125 0.065625
1 0.6359375 0.32109375 0.0234375 0.059375
0 0.62578125 0.33203125 0.01875 0.0375
1 0.80625 0.3203125 0.0296875 0.075
1 0.821875 0.3140625 0.025 0.0703125
3 0.81796875 0.3296875 0.0171875 0.0421875
3 0.8078125 0.38671875 0.0453125 0.0796875
3 0.8890625 0.30625 0.0203125 0.0328125
0 0.8875 0.2859375 0.0125 0.025
0 0.21015625 0.7078125 0.096875 0.1796875
0 0.66484375 0.29921875 0.0140625 0.028125
0 0.67578125 0.309375 0.01875 0.0296875
2 0.79921875 0.2796875 0.0109375 0.01875
2 0.82109375 0.27421875 0.0078125 0.0171875
2 0.840625 0.26875 0.0078125 0.0140625
2 0.853125 0.265625 0.00625 0.0109375
2 0.903125 0.27421875 0.0078125 0.0140625
2 0.89609375 0.28046875 0.009375 0.01875
2 0.9109375 0.2703125 0.0078125 0.0140625
3 0.76875 0.2875 0.0125 0.025