2 0.0703125 0.65 0.1109375 0.1984375
2 0.340625 0.4125 0.040625 0.0828125
2 0.68046875 0.41796875 0.0390625 0.0734375
2 0.9296875 0.6671875 0.09375 0.190625
1 0.4765625 0.31171875 0.0140625 0.034375
1 0.4796875 0.3078125 0.0125 0.03125
1 0.57578125 0.31484375 0.0109375 0.0328125
1 0.5796875 0.3171875 0.0125 0.0328125
2 0.5578125 0.3046875 0.0046875 0.0109375
2 0.4984375 0.3015625 0.0046875 0.0109375
2 0.50234375 0.29921875 0.0046875 0.0109375
2 0.55234375 0.3 0.0046875 0.0125
2 0.55390625 0.303125 0.0046875 0.0109375
3 0.42734375 0.35 0.0203125 0.0421875
0 0.02578125 0.3484375 0.0109375 0.025
0 0.05625 0.33671875 0.009375 0.01875
0 0.03046875 0.35859375 0.0140625 0.0296875
0 0.0859375 0.35859375 0.015625 0.0328125
0 0.20390625 0.346875 0.015625 0.0359375
3 0.15 0.38125 0.0265625 0.05
0 0.34296875 0.3359375 0.015625 0.0328125
0 0.4390625 0.30703125 0.0078125 0.015625
0 0.4375 0.3265625 0.0140625 0.025
0 0.4703125 0.3109375 0.0078125 0.0171875
0 0.61796875 0.35625 0.0203125 0.0390625
3 0.61015625 0.33125 0.0125 0.0265625
3 0.5875 0.315625 0.009375 0.01875
3 0.6203125 0.31171875 0.0078125 0.0171875
0 0.6265625 0.30625 0.009375 0.01875
3 0.6640625 0.31328125 0.009375 0.0171875
3 0.696875 0.34765625 0.01875 0.034375
3 0.7171875 0.3171875 0.0078125 0.0171875
3 0.828125 0.36953125 0.0171875 0.0328125
3 0.8359375 0.33125 0.0078125 0.015625
0 0.8671875 0.3984375 0.021875 0.0484375
3 0.89453125 0.34296875 0.0078125 0.0171875
3 0.9453125 0.38671875 0.0140625 0.03125
3 0.9484375 0.35625 0.0109375 0.01875
3 0.99296875 0.37109375 0.009375 0.0203125
0 0.99765625 0.36484375 0.0046875 0.0171875
0 0.9265625 0.3453125 0.00625 0.015625