2 0.234375 0.478125 0.0484375 0.0890625
2 0.68828125 0.53203125 0.053125 0.0859375
2 0.47734375 0.3421875 0.00625 0.0125
2 0.4828125 0.34140625 0.00625 0.0109375
2 0.540625 0.35234375 0.00625 0.0125
2 0.5375 0.34921875 0.00625 0.0125
0 0.44453125 0.34921875 0.009375 0.0171875
0 0.40390625 0.3640625 0.0125 0.0265625
0 0.4109375 0.340625 0.009375 0.0171875
0 0.3640625 0.33203125 0.0078125 0.0140625
0 0.290625 0.3640625 0.0171875 0.03125
0 0.128125 0.3640625 0.01875 0.0359375
0 0.04296875 0.321875 0.0078125 0.0171875
0 0.10703125 0.31640625 0.009375 0.0171875
0 0.17421875 0.31640625 0.0078125 0.0140625
0 0.24140625 0.31875 0.0078125 0.0140625
3 0.04296875 0.4015625 0.0328125 0.05625
3 0.078125 0.31328125 0.0078125 0.015625
3 0.16328125 0.31328125 0.00625 0.0125
3 0.2484375 0.31796875 0.0078125 0.015625
3 0.38125 0.3921875 0.025 0.0453125
3 0.32890625 0.32421875 0.00625 0.0109375
3 0.40625 0.33359375 0.00625 0.0125
3 0.47265625 0.34453125 0.0078125 0.0140625
1 0.44921875 0.3515625 0.0140625 0.034375
1 0.453125 0.35078125 0.0140625 0.034375
1 0.56015625 0.3640625 0.0140625 0.034375
1 0.56484375 0.36953125 0.015625 0.034375
3 0.57265625 0.36875 0.0109375 0.0203125
3 0.59609375 0.3921875 0.0140625 0.025
3 0.60625 0.36953125 0.0109375 0.01875
3 0.65546875 0.375 0.0078125 0.015625
3 0.6953125 0.42265625 0.01875 0.0328125
3 0.7109375 0.38515625 0.009375 0.0140625
0 0.54765625 0.35625 0.00625 0.0140625
0 0.60703125 0.42265625 0.021875 0.0421875
0 0.61484375 0.3640625 0.0078125 0.0140625
0 0.68984375 0.3765625 0.00625 0.0109375
0 0.76875 0.39296875 0.00625 0.0125
3 0.77421875 0.396875 0.009375 0.0140625
3 0.8421875 0.4671875 0.0203125 0.034375
3 0.8359375 0.41796875 0.0078125 0.0140625
0 0.89453125 0.5140625 0.025 0.046875
0 0.85 0.415625 0.00625 0.0109375
0 0.93125 0.4421875 0.0078125 0.0140625
3 0.96640625 0.5 0.0203125 0.0375
3 0.95703125 0.45859375 0.009375 0.0171875
3 0.90078125 0.43671875 0.009375 0.0171875