0 0.0953125 0.67734375 0.06875 0.1828125
0 0.2328125 0.44140625 0.025 0.0796875
2 0.953125 0.30390625 0.0171875 0.04375
2 0.86953125 0.34609375 0.0265625 0.05625
2 0.78046875 0.30625 0.0171875 0.0390625
3 0.85703125 0.52734375 0.0640625 0.14375
0 0.66171875 0.28984375 0.0109375 0.028125
0 0.546875 0.31640625 0.0125 0.0328125
3 0.51796875 0.36171875 0.0234375 0.05625
3 0.55078125 0.29765625 0.009375 0.028125
3 0.465625 0.3125 0.0140625 0.028125
3 0.58203125 0.2828125 0.009375 0.0203125
3 0.57421875 0.275 0.0078125 0.021875
3 0.33828125 0.33671875 0.0125 0.0359375
3 0.22109375 0.3546875 0.009375 0.03125
3 0.15546875 0.36171875 0.009375 0.0234375
3 0.15078125 0.35390625 0.009375 0.0234375
0 0.1921875 0.40078125 0.0171875 0.0453125
0 0.1015625 0.403125 0.0109375 0.034375
0 0.00859375 0.4234375 0.0125 0.034375
0 0.05078125 0.38359375 0.0109375 0.0234375
1 0.090625 0.39375 0.0171875 0.05625
1 0.1140625 0.39140625 0.0171875 0.053125
1 0.209375 0.35 0.0125 0.0453125
1 0.23125 0.346875 0.0140625 0.040625
0 0.68125 0.275 0.009375 0.0234375
0 0.6515625 0.2671875 0.0078125 0.0171875
3 0.54375 0.271875 0.00625 0.015625
3 0.49921875 0.2734375 0.009375 0.01875