3 0.31640625 0.45546875 0.0328125 0.06875
3 0.7828125 0.42421875 0.021875 0.04375
3 0.98515625 0.46875 0.021875 0.0453125
3 0.63984375 0.38984375 0.0171875 0.0375
0 0.68203125 0.4578125 0.0328125 0.065625
0 0.2203125 0.4140625 0.021875 0.046875
0 0.384375 0.384375 0.0171875 0.0375
0 0.0109375 0.44765625 0.0203125 0.05
1 0.59140625 0.3640625 0.0171875 0.0421875
1 0.5875 0.36171875 0.015625 0.0390625
1 0.44921875 0.36015625 0.015625 0.04375
1 0.453125 0.359375 0.015625 0.040625
3 0.59921875 0.3578125 0.009375 0.0234375