2 0.06171875 0.70078125 0.10625 0.203125
2 0.32890625 0.43828125 0.0390625 0.084375
2 0.68125 0.42578125 0.0375 0.075
2 0.95390625 0.6703125 0.0875 0.1953125
1 0.46484375 0.3265625 0.0125 0.034375
1 0.46796875 0.321875 0.0109375 0.0328125
1 0.56796875 0.32421875 0.009375 0.034375
1 0.571875 0.3265625 0.0109375 0.0328125
2 0.54921875 0.3140625 0.0046875 0.0109375
2 0.48671875 0.31484375 0.0046875 0.0109375
2 0.490625 0.3125 0.003125 0.0109375
2 0.5421875 0.31015625 0.003125 0.0125
2 0.54453125 0.31328125 0.003125 0.0109375
3 0.41640625 0.36953125 0.01875 0.04375
0 0.0296875 0.37578125 0.0078125 0.0203125
0 0.00703125 0.39921875 0.009375 0.0296875
0 0.06171875 0.396875 0.015625 0.034375
0 0.18359375 0.378125 0.015625 0.0375
3 0.12890625 0.41640625 0.025 0.05
0 0.3265625 0.35859375 0.015625 0.0328125
0 0.42578125 0.32421875 0.00625 0.0171875
0 0.425 0.34453125 0.0140625 0.025
0 0.45859375 0.32578125 0.00625 0.01875
0 0.61328125 0.36484375 0.01875 0.040625
3 0.6046875 0.340625 0.0125 0.0265625
3 0.58046875 0.32421875 0.0078125 0.01875
3 0.61328125 0.31875 0.0078125 0.01875
0 0.6203125 0.3125 0.0078125 0.0203125
3 0.659375 0.31796875 0.0078125 0.0171875
3 0.6953125 0.35234375 0.0171875 0.0359375
3 0.71484375 0.31953125 0.00625 0.0171875
3 0.8328125 0.36796875 0.015625 0.0328125
3 0.8390625 0.32734375 0.00625 0.015625
0 0.87421875 0.3953125 0.0203125 0.05
3 0.90078125 0.33671875 0.0078125 0.01875
3 0.95546875 0.37890625 0.0140625 0.03125
3 0.95703125 0.346875 0.009375 0.0203125
3 0.9984375 0.35859375 0.003125 0.0203125
0 0.93359375 0.33671875 0.00625 0.0171875