1 0.3625 0.503125 0.053125 0.1625
1 0.41796875 0.4578125 0.040625 0.11875
1 0.93203125 0.534375 0.053125 0.1875
1 0.87421875 0.48515625 0.046875 0.14375
3 0.89296875 0.53671875 0.0375 0.1
3 0.8390625 0.42578125 0.025 0.053125
3 0.88984375 0.40234375 0.015625 0.040625
3 0.965625 0.39765625 0.0125 0.034375
3 0.578125 0.37421875 0.015625 0.03125
3 0.46640625 0.35859375 0.009375 0.0234375
0 0.39296875 0.49765625 0.025 0.0890625
0 0.4671875 0.41640625 0.01875 0.0453125
0 0.434375 0.38515625 0.0125 0.034375
0 0.3671875 0.3734375 0.0125 0.03125
0 0.73515625 0.37109375 0.009375 0.034375
0 0.8578125 0.37265625 0.009375 0.0296875
0 0.9859375 0.3828125 0.009375 0.025
2 0.59765625 0.35390625 0.00625 0.01875
2 0.7140625 0.35859375 0.0078125 0.021875
2 0.70546875 0.35 0.00625 0.0171875
2 0.609375 0.346875 0.00625 0.01875
0 0.28828125 0.37265625 0.009375 0.025
3 0.35546875 0.3609375 0.00625 0.01875