1 0.2796875 0.47890625 0.0625 0.128125
1 0.3078125 0.45234375 0.040625 0.1015625
0 0.29609375 0.48203125 0.034375 0.06875
1 0.62578125 0.3859375 0.040625 0.1015625
1 0.6578125 0.4 0.0578125 0.128125
3 0.640625 0.41171875 0.0296875 0.0703125
3 0.609375 0.35625 0.021875 0.0484375
3 0.653125 0.334375 0.015625 0.0296875
3 0.971875 0.55 0.05625 0.16875
3 0.79609375 0.30234375 0.0140625 0.0265625
3 0.71875 0.3140625 0.0140625 0.0265625
3 0.88671875 0.29453125 0.0109375 0.028125
0 0.846875 0.290625 0.0125 0.0234375
0 0.73828125 0.30078125 0.0125 0.021875
0 0.63203125 0.3171875 0.0125 0.021875
0 0.53125 0.34140625 0.0140625 0.0265625
3 0.40078125 0.371875 0.01875 0.034375
0 0.3234375 0.41875 0.021875 0.0453125
0 0.215625 0.4171875 0.015625 0.028125
0 0.28046875 0.41015625 0.01875 0.0359375
3 0.2984375 0.384375 0.0125 0.025
0 0.13671875 0.43671875 0.0171875 0.028125
2 0.51328125 0.33515625 0.0109375 0.0203125
2 0.5046875 0.33125 0.0109375 0.01875
2 0.496875 0.328125 0.00625 0.0140625
2 0.4921875 0.325 0.00625 0.0125
2 0.428125 0.34140625 0.009375 0.0171875
2 0.42265625 0.346875 0.0109375 0.0203125
2 0.41328125 0.35625 0.0125 0.0203125
2 0.4328125 0.33671875 0.0078125 0.0125