2 0.125 0.86875 0.1234375 0.196875
2 0.32109375 0.50703125 0.0421875 0.0703125
2 0.96953125 0.5671875 0.0609375 0.225
2 0.653125 0.39609375 0.0390625 0.0625
2 0.49453125 0.3265625 0.00625 0.0109375
2 0.490625 0.325 0.00625 0.0109375
2 0.4390625 0.34296875 0.00625 0.0109375
2 0.44140625 0.33984375 0.00625 0.0109375
3 0.4359375 0.3484375 0.009375 0.0171875
3 0.525 0.3265625 0.009375 0.0171875
3 0.55234375 0.3359375 0.0140625 0.025
3 0.55390625 0.3125 0.0078125 0.0140625
3 0.38671875 0.41484375 0.0203125 0.034375
3 0.3765625 0.36328125 0.0078125 0.0140625
3 0.31015625 0.38515625 0.00625 0.0109375
3 0.13359375 0.5359375 0.025 0.0453125
3 0.03203125 0.5125 0.00625 0.0125
3 0.1015625 0.475 0.009375 0.015625
3 0.1703125 0.440625 0.0078125 0.0125
3 0.24140625 0.4109375 0.0078125 0.0125
3 0.63828125 0.321875 0.0171875 0.028125
3 0.596875 0.30078125 0.0078125 0.0140625
3 0.64609375 0.2859375 0.0078125 0.0125
3 0.77109375 0.30078125 0.01875 0.034375
3 0.8859375 0.27734375 0.01875 0.03125
3 0.940625 0.2625 0.0140625 0.0234375
3 0.91953125 0.2484375 0.0109375 0.01875
3 0.875 0.2484375 0.009375 0.015625
3 0.8203125 0.253125 0.0078125 0.0125
3 0.76171875 0.2609375 0.0078125 0.0140625
3 0.703125 0.27109375 0.0078125 0.0140625
0 0.81953125 0.315625 0.025 0.0421875
0 0.85078125 0.24765625 0.0078125 0.0140625
0 0.925 0.24140625 0.0078125 0.0140625
0 0.77421875 0.25859375 0.0078125 0.015625
0 0.56796875 0.35703125 0.0203125 0.0359375
0 0.559375 0.30703125 0.00625 0.0109375
0 0.5015625 0.32734375 0.0078125 0.0140625
0 0.390625 0.38671875 0.0125 0.0234375
0 0.384375 0.36640625 0.0078125 0.0140625
0 0.41484375 0.3609375 0.009375 0.0171875
0 0.34296875 0.37890625 0.009375 0.015625
1 0.4203125 0.359375 0.0140625 0.028125
1 0.42421875 0.35859375 0.015625 0.03125
1 0.51796875 0.33046875 0.0140625 0.0296875
1 0.5140625 0.33046875 0.0125 0.03125
0 0.30234375 0.428125 0.0140625 0.028125
0 0.178125 0.48359375 0.0171875 0.03125
0 0.18125 0.43828125 0.009375 0.015625
0 0.07109375 0.53203125 0.01875 0.0328125
0 0.290625 0.39375 0.0078125 0.0125
0 0.2375 0.41484375 0.0078125 0.0140625
0 0.128125 0.4640625 0.009375 0.01875
0 0.07890625 0.4921875 0.009375 0.0171875
0 0.03828125 0.5203125 0.009375 0.0171875
0 0.0203125 0.5515625 0.0125 0.021875
0 0.01328125 0.54140625 0.0109375 0.0203125