2 0.304296875 0.4708472222222222 0.0348125 0.08297222222222222
2 0.67646875 0.43972222222222224 0.035296875 0.07797222222222222
1 0.4480234375 0.34123611111111113 0.008796875 0.030805555555555555
1 0.450984375 0.3373333333333333 0.007929687500000001 0.030888888888888886
1 0.5480390625 0.3329583333333333 0.0078984375 0.02952777777777778
1 0.551578125 0.3372777777777778 0.009875 0.034333333333333334
1 0.5284375 0.3251527777777778 0.0036796875 0.010541666666666666
1 0.5255625 0.3229444444444445 0.0030390625 0.008388888888888888
1 0.5225546875 0.3212916666666667 0.003015625 0.008888888888888889
1 0.47074218749999996 0.3278333333333333 0.004328125 0.013458333333333333
1 0.47387499999999994 0.32625 0.0037968750000000003 0.012361111111111111
1 0.4769765625 0.32315277777777773 0.0030078125 0.010652777777777778
3 0.46636718750000006 0.33205555555555555 0.0053359375 0.013833333333333335
0 0.53465625 0.3279722222222222 0.0051953125 0.013152777777777779
3 0.5586328125 0.33326388888888886 0.0061171875 0.018458333333333334
3 0.5836406249999999 0.3485833333333333 0.010203125 0.024125
3 0.58965625 0.3279722222222222 0.006750000000000001 0.015944444444444445
0 0.5960078125 0.3730972222222222 0.014835937499999998 0.03916666666666667
3 0.6737968750000001 0.35659722222222223 0.0117421875 0.029750000000000002
3 0.6340390625000001 0.3248472222222222 0.0061796875 0.014347222222222223
3 0.6851640625 0.3222361111111111 0.0054765625 0.013736111111111112
3 0.808015625 0.3678888888888889 0.0133515625 0.03148611111111111
0 0.8570546875 0.3968611111111111 0.02215625 0.04484722222222222
3 0.8029140625 0.3264444444444444 0.00640625 0.015194444444444444
3 0.861453125 0.3330694444444445 0.0073281250000000004 0.017027777777777777
3 0.916375 0.34141666666666665 0.00690625 0.017361111111111112
3 0.9253125000000001 0.3737361111111111 0.012718750000000001 0.028694444444444446
3 0.9612421875000001 0.3534583333333333 0.007046874999999999 0.019430555555555555
3 0.983046875 0.37377777777777776 0.0112421875 0.030291666666666665
0 0.8918203124999999 0.33258333333333334 0.00640625 0.015333333333333332
0 0.966046875 0.3443888888888889 0.00484375 0.016069444444444445
0 0.0065859375 0.42306944444444444 0.008968750000000001 0.021833333333333333
0 0.0106953125 0.4358055555555555 0.0091953125 0.019930555555555556
0 0.060109375 0.42688888888888893 0.014124999999999999 0.030972222222222224
3 0.11584375 0.4488055555555555 0.02078125 0.044472222222222225
0 0.17584375000000002 0.4086527777777778 0.0165703125 0.03726388888888889
0 0.31360156250000004 0.3805694444444444 0.0133515625 0.030083333333333333
0 0.410875 0.36031944444444447 0.01021875 0.025722222222222223
0 0.41206250000000005 0.33968055555555554 0.0064843750000000006 0.01609722222222222
3 0.399375 0.38613888888888886 0.017445312499999997 0.04209722222222222
0 0.36853125000000003 0.3403055555555556 0.0073437500000000005 0.015569444444444445