2 0.3318125 0.4395833333333333 0.0323125 0.07131944444444445
2 0.41877343749999996 0.37605555555555553 0.0167890625 0.04015277777777778
2 0.459390625 0.3445972222222222 0.0123984375 0.026375
2 0.47843749999999996 0.3290138888888889 0.010703124999999999 0.020375
2 0.4907421875 0.3209166666666667 0.007671875 0.013777777777777778
2 0.5175390625 0.31822222222222224 0.008 0.015583333333333334
2 0.53978125 0.31793055555555555 0.0073203124999999996 0.01498611111111111
2 0.6228671875 0.3634722222222222 0.011015625 0.036555555555555556
2 0.5955703125 0.3370972222222222 0.009 0.025763888888888888
2 0.5823046875 0.3242777777777778 0.0061796875 0.020763888888888887
2 0.5739296875 0.31648611111111113 0.0053984375000000005 0.016958333333333336
2 0.68178125 0.4171944444444444 0.0318828125 0.07233333333333333
0 0.9774843750000001 0.7455138888888888 0.0450390625 0.18806944444444443