1 0.6185546875 0.44166666666666665 0.047484375 0.14166666666666666
1 0.567390625 0.42291666666666666 0.0373359375 0.1125
1 0.129546875 0.5576388888888889 0.06165625 0.18194444444444444
1 0.16040625 0.5090277777777777 0.0499375 0.14305555555555555
0 0.146734375 0.5555555555555556 0.03509375 0.1
3 0.5896484375 0.4548611111111111 0.0318671875 0.08472222222222223
3 0.5161171875 0.3879166666666667 0.020304687499999998 0.04781944444444444
3 0.5469140625 0.3620833333333333 0.0124921875 0.031625
3 0.6035234375 0.3455 0.0103046875 0.024680555555555556
3 0.676390625 0.3354722222222222 0.0085546875 0.024680555555555556
3 0.2671484375 0.3964027777777778 0.0108203125 0.02622222222222222
3 0.1469609375 0.4118194444444444 0.010765625 0.024680555555555556
0 0.1786171875 0.4580972222222222 0.02290625 0.05552777777777777
0 0.12592187500000002 0.4395833333333333 0.01640625 0.04009722222222222
0 0.049578125 0.44806944444444446 0.0129609375 0.030847222222222224
0 0.41288281250000003 0.36709722222222224 0.013382812499999999 0.02622222222222222
0 0.5126484375 0.3447222222222222 0.0081484375 0.021597222222222223
2 0.279625 0.3779861111111111 0.009710937499999999 0.023875
2 0.38928124999999997 0.35925 0.00853125 0.020180555555555556
2 0.37689062500000003 0.3553472222222222 0.007375 0.01811111111111111
2 0.287734375 0.370375 0.00878125 0.020180555555555556