1 0.36640625 0.50625 0.0671875 0.1671875
1 0.41796875 0.45625 0.05 0.121875
1 0.934375 0.4875 0.0703125 0.190625
1 0.87265625 0.44375 0.0578125 0.1453125
3 0.8953125 0.49296875 0.0453125 0.1015625
3 0.83203125 0.3875 0.028125 0.0546875
3 0.8796875 0.3609375 0.0171875 0.0421875
3 0.9546875 0.35 0.015625 0.0359375
3 0.56953125 0.359375 0.0171875 0.03125
3 0.45703125 0.35390625 0.0125 0.025
0 0.39609375 0.4984375 0.03125 0.090625
0 0.4625 0.4109375 0.0234375 0.046875
0 0.42734375 0.38359375 0.015625 0.0359375
0 0.36015625 0.37734375 0.015625 0.0328125
0 0.72421875 0.3421875 0.0125 0.0359375
0 0.84609375 0.334375 0.0125 0.0296875
0 0.97421875 0.3328125 0.0109375 0.025
2 0.58671875 0.33828125 0.0078125 0.01875
2 0.7015625 0.3328125 0.009375 0.021875
2 0.69296875 0.325 0.00625 0.0171875
2 0.59765625 0.3296875 0.0078125 0.01875
0 0.28125 0.38359375 0.0109375 0.0265625
3 0.346875 0.36484375 0.009375 0.01875