0 0.07734375 0.48359375 0.021875 0.046875
0 0.12421875 0.5125 0.028125 0.0640625
0 0.0578125 0.6578125 0.0578125 0.1265625
3 0.24296875 0.43125 0.015625 0.034375
3 0.38828125 0.4375 0.021875 0.04375
2 0.434375 0.39765625 0.015625 0.03125
2 0.45546875 0.38125 0.009375 0.0265625
2 0.47109375 0.36953125 0.009375 0.021875
2 0.4796875 0.36015625 0.00625 0.015625
2 0.55625 0.34921875 0.00625 0.0171875
2 0.5609375 0.35546875 0.00625 0.0171875
2 0.56953125 0.36171875 0.0078125 0.0203125
2 0.58125 0.37109375 0.0125 0.0234375
2 0.5984375 0.38125 0.0140625 0.0359375
0 0.64140625 0.40703125 0.0234375 0.0515625
0 0.7984375 0.3828125 0.0140625 0.040625
0 0.946875 0.375 0.0140625 0.0328125
3 0.97578125 0.4140625 0.021875 0.05
3 0.91171875 0.44765625 0.03125 0.06875
3 0.94375 0.57109375 0.0578125 0.13125