3 0.91796875 0.75703125 0.1046875 0.1859375
3 0.8265625 0.50078125 0.04375 0.075
3 0.86796875 0.46484375 0.028125 0.046875
3 0.49765625 0.33203125 0.0234375 0.0390625
3 0.38671875 0.2921875 0.015625 0.0296875
3 0.38125 0.27734375 0.0140625 0.025
3 0.94375 0.46875 0.01875 0.040625
0 0.190625 0.52109375 0.1078125 0.18125
0 0.54375 0.384375 0.0359375 0.0625
0 0.57578125 0.33125 0.01875 0.0328125
0 0.69921875 0.36953125 0.0203125 0.0328125
0 0.8296875 0.40703125 0.0140625 0.028125
0 0.88984375 0.4203125 0.0140625 0.0265625
1 0.934375 0.45703125 0.0296875 0.059375
1 0.95625 0.46171875 0.028125 0.0578125
1 0.82109375 0.3953125 0.025 0.0453125
1 0.8421875 0.4015625 0.021875 0.046875
2 0.19296875 0.33046875 0.0390625 0.0625
2 0.10859375 0.28046875 0.021875 0.040625
2 0.26875 0.29765625 0.025 0.040625