0 0.25546875 0.559375 0.059375 0.1625
3 0.92734375 0.59609375 0.05625 0.1375
3 0.8234375 0.4171875 0.028125 0.0625
2 0.3265625 0.34296875 0.0109375 0.03125
2 0.390625 0.3203125 0.009375 0.025
2 0.47890625 0.3375 0.015625 0.0328125
2 0.5046875 0.31953125 0.0078125 0.0234375
0 0.5421875 0.3765625 0.01875 0.0515625
0 0.69453125 0.33984375 0.0140625 0.034375
3 0.66875 0.3171875 0.009375 0.0203125
3 0.58359375 0.30546875 0.00625 0.01875
3 0.575 0.29609375 0.003125 0.015625
3 0.8703125 0.3734375 0.015625 0.0375
3 0.94921875 0.3640625 0.009375 0.028125
1 0.97109375 0.334375 0.009375 0.03125
1 0.946875 0.3296875 0.009375 0.0328125
0 0.959375 0.3390625 0.009375 0.021875
0 0.8359375 0.3234375 0.009375 0.025