0 0.15859375 0.51015625 0.0328125 0.0765625
0 0.1421875 0.453125 0.0203125 0.046875
0 0.07734375 0.44609375 0.0140625 0.040625
0 0.0015625 0.4578125 0.003125 0.0375
0 0.7828125 0.42265625 0.021875 0.059375
0 0.940625 0.40078125 0.0171875 0.040625
3 0.47734375 0.42890625 0.025 0.0609375
3 0.32890625 0.40234375 0.015625 0.0375
2 0.5328125 0.38125 0.015625 0.0375
2 0.7171875 0.378125 0.015625 0.0375
2 0.5578125 0.3625 0.0109375 0.0296875
2 0.690625 0.359375 0.0109375 0.028125
2 0.57265625 0.35 0.00625 0.01875
2 0.67421875 0.34765625 0.0078125 0.021875
3 0.20078125 0.40390625 0.0109375 0.025
3 0.08046875 0.41875 0.0109375 0.0265625