0 0.06015625 0.52109375 0.03125 0.053125
0 0.23046875 0.44453125 0.0359375 0.0546875
0 0.3578125 0.38828125 0.0296875 0.046875
0 0.6109375 0.3796875 0.0453125 0.0828125
3 0.69453125 0.33203125 0.0390625 0.0734375
3 0.87109375 0.3140625 0.0296875 0.0453125
3 0.33046875 0.45 0.0359375 0.0734375
2 0.8984375 0.565625 0.1078125 0.203125
2 0.0734375 0.79453125 0.09375 0.1984375
1 0.403125 0.353125 0.0125 0.0375
1 0.4078125 0.35078125 0.0140625 0.0359375
1 0.5265625 0.325 0.015625 0.0359375
1 0.5234375 0.3234375 0.0140625 0.0359375
3 0.5703125 0.33671875 0.015625 0.0359375