0 0.05625 0.43203125 0.0140625 0.034375
0 0.13203125 0.43125 0.0203125 0.0421875
0 0.17421875 0.459375 0.025 0.059375
0 0.10703125 0.5875 0.0546875 0.115625
3 0.28515625 0.39140625 0.015625 0.03125
3 0.41484375 0.4046875 0.0203125 0.040625
2 0.459375 0.3703125 0.0140625 0.028125
2 0.47890625 0.35625 0.009375 0.0234375
2 0.49375 0.346875 0.0078125 0.0203125
2 0.50234375 0.3390625 0.00625 0.0140625
2 0.571875 0.33203125 0.00625 0.015625
2 0.57578125 0.3375 0.0046875 0.015625
2 0.5828125 0.34453125 0.0078125 0.0171875
2 0.59375 0.353125 0.0109375 0.021875
2 0.60859375 0.36328125 0.0140625 0.0328125
0 0.64609375 0.38828125 0.021875 0.046875
0 0.78984375 0.37421875 0.0140625 0.0375
0 0.9234375 0.37421875 0.0125 0.0296875
3 0.94765625 0.41171875 0.01875 0.0453125
3 0.88828125 0.43828125 0.0296875 0.0625
3 0.9109375 0.55078125 0.0546875 0.11875