0 0.0234375 0.3546875 0.015625 0.0421875
0 0.07890625 0.38046875 0.0359375 0.05625
0 0.0625 0.47265625 0.0640625 0.1
3 0.0359375 0.3234375 0.0203125 0.03125
3 0.16953125 0.33828125 0.0203125 0.03125
3 0.31171875 0.36953125 0.03125 0.046875
3 0.49375 0.4609375 0.0484375 0.08125
2 0.9453125 0.49140625 0.0125 0.0234375
2 0.9234375 0.475 0.0125 0.0171875
2 0.8890625 0.46171875 0.0109375 0.0171875
2 0.86484375 0.453125 0.0109375 0.01875
2 0.86484375 0.50703125 0.03125 0.05
2 0.89140625 0.57890625 0.05 0.0828125
2 0.83671875 0.44140625 0.0125 0.01875
2 0.840625 0.4515625 0.0125 0.0234375
2 0.84921875 0.46875 0.0203125 0.0359375