3 0.9375 0.6890625 0.1203125 0.2390625
3 0.496875 0.4203125 0.0359375 0.0671875
2 0.8765625 0.39140625 0.0328125 0.0671875
2 0.865625 0.3359375 0.0234375 0.04375
2 0.85703125 0.31171875 0.015625 0.0265625
2 0.8546875 0.29765625 0.009375 0.021875
2 0.88359375 0.2875 0.0078125 0.0171875
2 0.90625 0.28671875 0.0078125 0.0140625
0 0.1640625 0.53203125 0.034375 0.08125
0 0.15078125 0.47421875 0.021875 0.046875
0 0.0890625 0.4703125 0.0171875 0.0375
0 0.00546875 0.49140625 0.0109375 0.0328125
3 0.0921875 0.44296875 0.0109375 0.0234375
3 0.209375 0.41328125 0.0140625 0.03125
3 0.33515625 0.396875 0.0140625 0.0375