0 0.441625 0.4274444444444444 0.02628125 0.07018055555555555
0 0.6283828125 0.3681805555555555 0.01475 0.03891666666666667
0 0.772203125 0.3533194444444444 0.011757812500000001 0.03027777777777778
3 0.8064765625 0.47834722222222226 0.043484375 0.10530555555555554
3 0.8311484374999999 0.4023611111111111 0.030320312500000002 0.06444444444444444
3 0.09476562499999999 0.4949305555555556 0.0307890625 0.06902777777777779
2 0.2047421875 0.4105694444444445 0.0158984375 0.04395833333333333
2 0.2514453125 0.3822083333333333 0.0124375 0.03365277777777778
2 0.281671875 0.36304166666666665 0.0110625 0.026291666666666665
2 0.404921875 0.3784861111111111 0.0200625 0.03613888888888889
2 0.39525 0.35912499999999997 0.0088515625 0.027777777777777776
2 0.2987265625 0.35218055555555555 0.006750000000000001 0.01984722222222222