2 0.7640625 0.4234375 0.0859375 0.1421875
2 0.240625 0.60546875 0.08125 0.1296875
3 0.04375 0.5953125 0.0421875 0.06875
3 0.3703125 0.42421875 0.04375 0.0671875
3 0.684375 0.296875 0.03125 0.053125
3 0.84375 0.28203125 0.05 0.0734375
0 0.60625 0.34296875 0.0421875 0.053125
0 0.9265625 0.29375 0.040625 0.0640625
0 0.2734375 0.4375 0.034375 0.0546875
0 0.1171875 0.50859375 0.0375 0.0515625
1 0.4203125 0.34609375 0.0171875 0.0390625
1 0.4234375 0.34296875 0.015625 0.0375
1 0.534375 0.3046875 0.0171875 0.0359375
1 0.5296875 0.30390625 0.0171875 0.040625
0 0.38125 0.3765625 0.015625 0.03125
3 0.57578125 0.31171875 0.0171875 0.03125