1 0.06640625 0.8 0.1265625 0.4
1 0.203125 0.6265625 0.0734375 0.28125
0 0.140625 0.74140625 0.0828125 0.2140625
0 0.33984375 0.45 0.028125 0.0703125
0 0.3078125 0.4 0.01875 0.04375
0 0.2375 0.390625 0.0140625 0.0328125
0 0.153125 0.3921875 0.0109375 0.0296875
0 0.0625 0.4078125 0.009375 0.0234375
0 0.6578125 0.36171875 0.015625 0.0359375
0 0.7796875 0.35234375 0.0109375 0.028125
0 0.90234375 0.35625 0.0078125 0.025
3 0.828125 0.4375 0.03125 0.0703125
3 0.84453125 0.39140625 0.01875 0.04375
3 0.90546875 0.37890625 0.0140625 0.0359375
3 0.4796875 0.37109375 0.015625 0.0328125
3 0.35390625 0.36484375 0.0109375 0.025
3 0.2328125 0.36875 0.0078125 0.021875
2 0.4984375 0.35 0.0125 0.0265625
2 0.509375 0.340625 0.009375 0.01875
2 0.62578125 0.34609375 0.0109375 0.0234375
2 0.609375 0.3359375 0.0078125 0.0203125
2 0.5984375 0.3296875 0.00625 0.0171875
2 0.5171875 0.33203125 0.00625 0.015625