0 0.15625 0.5140625 0.0390625 0.0984375
0 0.84375 0.45 0.0296875 0.0609375
0 0.11171875 0.4421875 0.021875 0.0546875
0 0.028125 0.428125 0.01875 0.04375
3 0.525 0.4375 0.03125 0.0671875
3 0.32109375 0.39296875 0.0171875 0.040625
3 0.165625 0.38828125 0.0140625 0.0296875
3 0.02578125 0.39765625 0.0125 0.03125
2 0.74140625 0.3921875 0.0171875 0.0359375
2 0.696875 0.3671875 0.0125 0.03125
2 0.546875 0.3828125 0.0171875 0.0390625
2 0.55625 0.3625 0.0125 0.0296875
2 0.56171875 0.34921875 0.0109375 0.021875
2 0.66953125 0.3546875 0.009375 0.021875
2 0.65078125 0.34609375 0.0078125 0.0171875