3 0.0528046875 0.4077777777777778 0.012453124999999999 0.02640277777777778
3 0.0329921875 0.4399166666666667 0.02053125 0.044583333333333336
3 0.1693046875 0.4577777777777778 0.033234375 0.06370833333333333
0 0.20877343750000002 0.3871388888888889 0.015601562499999999 0.035263888888888886
0 0.31451562499999997 0.3870416666666667 0.019234375 0.04776388888888889
0 0.500046875 0.37729166666666664 0.0222890625 0.044527777777777784
1 0.6537421875 0.35209722222222223 0.015992187499999998 0.06216666666666666
1 0.6778828125 0.35033333333333333 0.0125859375 0.05645833333333333
0 0.6658203125 0.35962500000000003 0.011640625 0.033930555555555554
1 0.8393828125 0.3811805555555555 0.015312500000000001 0.07104166666666667
1 0.8552031250000001 0.37845833333333334 0.0121796875 0.06690277777777778
3 0.8484765624999999 0.3924861111111111 0.009343750000000001 0.03958333333333333
3 0.8282343750000001 0.44513888888888886 0.0304765625 0.07322222222222222
3 0.9207421874999999 0.3839722222222222 0.013578125 0.029611111111111112
0 0.9228125 0.36424999999999996 0.0076328125 0.022875
0 0.20086718750000002 0.6397083333333333 0.0644765625 0.16416666666666668
0 0.70846875 0.3354722222222222 0.0083828125 0.0255
0 0.71703125 0.34654166666666664 0.013234375000000001 0.026361111111111113
2 0.8405703125 0.34131944444444445 0.006554687500000001 0.017625
2 0.8619921875 0.34075 0.0048671875 0.015666666666666666
2 0.8809609375 0.33902777777777776 0.005 0.012777777777777777
2 0.8943749999999999 0.338125 0.0038515625 0.010402777777777778
2 0.9401249999999999 0.3557916666666667 0.0044140625000000005 0.01325
2 0.9318203125 0.3603611111111111 0.0060859375 0.016819444444444442
2 0.948046875 0.3537083333333333 0.005093749999999999 0.012708333333333334
3 0.8098203125 0.343625 0.007265625 0.023680555555555555