0 0.16704687499999998 0.5027777777777778 0.031968750000000004 0.075
0 0.15103125 0.44722222222222224 0.02025 0.04722222222222222
0 0.0869765625 0.44027777777777777 0.014015625 0.03888888888888889
0 0.0076875 0.4513888888888889 0.0116953125 0.03611111111111111
0 0.7818203125000001 0.4166666666666667 0.0224453125 0.058333333333333334
0 0.936875 0.3951388888888889 0.0169453125 0.04027777777777778
3 0.4810703125 0.42291666666666666 0.024125 0.059722222222222225
3 0.3346015625 0.3972222222222222 0.0155234375 0.03611111111111111
2 0.5355624999999999 0.37625 0.016234375000000002 0.03752777777777778
2 0.7168359375 0.37343055555555554 0.0156640625 0.03752777777777778
2 0.5598359375 0.3579583333333334 0.010953125 0.029083333333333336
2 0.6909765625000001 0.3546666666666667 0.010390625 0.028152777777777777
2 0.574328125 0.34576388888888887 0.0071640625 0.01875
2 0.674859375 0.34343055555555557 0.0078046875 0.021097222222222222
3 0.20835937499999999 0.39831944444444445 0.0110078125 0.024388888888888887
3 0.0898671875 0.41288888888888886 0.01103125 0.026416666666666665