1 0.769734375 0.5355 0.0705234375 0.21605555555555556
1 0.8977499999999999 0.6450555555555556 0.102171875 0.31481944444444443
1 0.045859375 0.6558611111111111 0.0754609375 0.2345694444444444
3 0.8231093749999999 0.6257777777777778 0.069203125 0.165125
3 0.6720859375 0.37577777777777777 0.0188984375 0.0355
3 0.7371875 0.35725 0.0119375 0.026236111111111113
3 0.6399765625 0.41744444444444445 0.022375 0.05709722222222222
3 0.33228125 0.39661111111111114 0.01290625 0.03086111111111111
0 0.0892578125 0.44598611111111114 0.011226562499999999 0.03086111111111111
0 0.1569609375 0.4490694444444444 0.0146796875 0.040125
0 0.1795234375 0.4930555555555556 0.025093749999999998 0.0663611111111111
0 0.5054375 0.36959722222222224 0.0119921875 0.03240277777777777