0 0.9489609375000001 0.3935138888888889 0.011890625 0.03086111111111111
0 0.808359375 0.4236111111111111 0.0223359375 0.05709722222222222
3 0.66340625 0.37654166666666666 0.013695312500000001 0.03704166666666667
3 0.4833046875 0.3858055555555555 0.0163359375 0.040125
3 0.3435703125 0.3850277777777778 0.011164062499999999 0.03240277777777777
3 0.8521875 0.6327222222222222 0.0787421875 0.16666666666666666
0 0.10140625 0.42977777777777776 0.0129609375 0.03240277777777777
0 0.168671875 0.432875 0.0120703125 0.041666666666666664
0 0.20122656249999998 0.4899722222222222 0.0250859375 0.06944444444444445
1 0.16216406249999998 0.4212916666666666 0.0129453125 0.06172222222222222
1 0.17821875 0.42206944444444444 0.020749999999999998 0.07252777777777777
1 0.33271875 0.375 0.0137734375 0.04938888888888889
1 0.35615625 0.37654166666666666 0.0155 0.04938888888888889