2 0.675 0.33828125 0.0078125 0.0234375
2 0.80546875 0.34140625 0.009375 0.028125
2 0.6828125 0.36015625 0.009375 0.034375
2 0.68984375 0.39609375 0.021875 0.0515625
2 0.85546875 0.3625 0.0125 0.0359375
2 0.9421875 0.409375 0.0203125 0.0484375
3 0.7203125 0.52890625 0.0484375 0.125
3 0.06484375 0.4125 0.0109375 0.03125
3 0.20703125 0.39921875 0.0109375 0.034375
3 0.38125 0.41171875 0.0234375 0.05
0 0.02890625 0.46484375 0.0171875 0.046875
0 0.084375 0.50546875 0.0265625 0.0734375
0 0.01484375 0.7859375 0.0234375 0.1953125