0 0.2125 0.5328125 0.0828125 0.1765625
3 0.89609375 0.66796875 0.078125 0.1484375
3 0.815625 0.46875 0.0375 0.06875
2 0.3171875 0.3203125 0.015625 0.0328125
2 0.3859375 0.30703125 0.0125 0.028125
2 0.4734375 0.33671875 0.0203125 0.0359375
2 0.503125 0.321875 0.0109375 0.025
0 0.53359375 0.38671875 0.0265625 0.05625
0 0.69453125 0.3703125 0.01875 0.0375
3 0.67109375 0.34375 0.0125 0.021875
3 0.5859375 0.31953125 0.009375 0.0203125
3 0.578125 0.30859375 0.00625 0.0171875
3 0.8703125 0.43046875 0.021875 0.040625
3 0.953125 0.43203125 0.015625 0.03125
1 0.97890625 0.4046875 0.015625 0.034375
1 0.95546875 0.39609375 0.015625 0.0359375
0 0.96640625 0.40859375 0.0125 0.025
0 0.84296875 0.37421875 0.0125 0.0265625