0 0.0656171875 0.4586111111111111 0.0227109375 0.049180555555555554
0 0.24214843749999998 0.41062499999999996 0.027328124999999998 0.050416666666666665
0 0.3755234375 0.375125 0.0221953125 0.043291666666666666
0 0.622515625 0.4058472222222222 0.033375 0.07697222222222222
3 0.71103125 0.37274999999999997 0.0275859375 0.069125
3 0.8852890625000001 0.38209722222222225 0.0229765625 0.04058333333333333
3 0.33888281249999996 0.43080555555555555 0.025484374999999997 0.06855555555555555
2 0.8739609375 0.6304027777777778 0.076890625 0.1899861111111111
2 0.03428125 0.7266805555555556 0.0685546875 0.18809722222222222
1 0.42482031249999996 0.34772222222222227 0.006609375000000001 0.036708333333333336
1 0.4292890625 0.3462361111111111 0.0078984375 0.035708333333333335
1 0.54925 0.33977777777777773 0.01015625 0.034722222222222224
1 0.54590625 0.3373055555555556 0.007703125 0.035708333333333335
3 0.590265625 0.3581388888888889 0.0104765625 0.03373611111111111