3 0.956796875 0.6576388888888889 0.0677109375 0.16805555555555557
3 0.8091328125 0.4403611111111111 0.026773437500000004 0.06631944444444444
3 0.8394921875 0.3967777777777778 0.01809375 0.040875
3 0.46429687499999994 0.359375 0.014695312499999998 0.035472222222222224
3 0.352125 0.34854166666666664 0.0083203125 0.02758333333333333
3 0.3435546875 0.335375 0.007859375 0.022652777777777775
3 0.91059375 0.38325 0.0099765625 0.03794444444444445
0 0.2226875 0.6064444444444445 0.0659765625 0.16258333333333333
0 0.5195078125 0.39741666666666664 0.0209140625 0.05677777777777778
0 0.5372578125 0.34055555555555556 0.0103515625 0.02886111111111111
0 0.660046875 0.3476388888888889 0.0121640625 0.029944444444444444
0 0.7903749999999999 0.3519861111111111 0.0082109375 0.025583333333333336
0 0.8487109374999999 0.35062499999999996 0.0085078125 0.025041666666666667
1 0.899390625 0.3745833333333333 0.014921875000000001 0.05444444444444445
1 0.9211328125 0.37404166666666666 0.0143046875 0.053361111111111116
1 0.7795078125 0.34381944444444446 0.013421875 0.041916666666666665
1 0.8012499999999999 0.344375 0.011578125 0.044097222222222225
2 0.1804140625 0.4288472222222222 0.0244609375 0.05558333333333334
2 0.0906171875 0.40213888888888893 0.0128359375 0.03705555555555556
2 0.243546875 0.3803472222222223 0.0146328125 0.03705555555555556