0 0.2546875 0.5640625 0.0625 0.1625
3 0.9171875 0.57734375 0.0609375 0.1359375
3 0.8078125 0.4046875 0.028125 0.0625
2 0.3171875 0.34921875 0.0125 0.0296875
2 0.3796875 0.325 0.0109375 0.025
2 0.4671875 0.33828125 0.015625 0.0328125
2 0.4921875 0.31953125 0.009375 0.0234375
0 0.53046875 0.375 0.0203125 0.0515625
0 0.67890625 0.3328125 0.0140625 0.0328125
3 0.653125 0.31171875 0.009375 0.0203125
3 0.56875 0.30390625 0.00625 0.01875
3 0.56015625 0.29375 0.0046875 0.015625
3 0.853125 0.36015625 0.0171875 0.0375
3 0.93046875 0.3484375 0.0109375 0.028125
1 0.95078125 0.31875 0.0109375 0.0328125
1 0.9265625 0.31484375 0.0109375 0.0328125
0 0.9390625 0.3234375 0.009375 0.0234375
0 0.81796875 0.31328125 0.0109375 0.025