2 0.0469921875 0.7557916666666666 0.079828125 0.179625
2 0.3205390625 0.45683333333333337 0.0271328125 0.06397222222222222
2 0.9458593750000001 0.6754166666666667 0.051492187499999995 0.21570833333333334
2 0.663765625 0.43018055555555557 0.026187500000000002 0.05659722222222222
2 0.5288515625 0.326125 0.003515625 0.011083333333333334
2 0.5256796875 0.32381944444444444 0.0029921875 0.010902777777777777
2 0.4718984375 0.3288055555555556 0.0035234374999999997 0.010166666666666668
2 0.47564062500000004 0.32640277777777776 0.003546875 0.010166666666666668
3 0.4673828125 0.3335138888888889 0.0055 0.015527777777777777
3 0.5585234375 0.33343055555555556 0.0063125 0.015708333333333335
3 0.582265625 0.3485833333333333 0.00953125 0.021986111111111113
3 0.5891796874999999 0.32733333333333337 0.005265625 0.013125
3 0.4049609375 0.3847916666666667 0.01225 0.031222222222222224
3 0.4075078125 0.33305555555555555 0.0048671875 0.01275
3 0.339171875 0.33869444444444446 0.0041328125 0.011083333333333334
3 0.1342578125 0.43975000000000003 0.015375 0.041430555555555554
3 0.043265625 0.3937361111111111 0.004210937499999999 0.012041666666666666
3 0.11853125 0.37454166666666666 0.0056796875 0.013555555555555555
3 0.1920078125 0.3577916666666667 0.0056796875 0.011666666666666667
3 0.2672890625 0.3465 0.00425 0.012416666666666666
3 0.6678828125 0.3560972222222222 0.0113828125 0.02634722222222222
3 0.6326328125 0.32598611111111114 0.0052499999999999995 0.012791666666666668
3 0.6837578125 0.3229722222222222 0.0046015625 0.011291666666666669
3 0.79928125 0.36683333333333334 0.0107734375 0.03125
3 0.9141328124999999 0.37266666666666665 0.0118046875 0.029361111111111112
3 0.9705546875 0.3717222222222222 0.0090390625 0.020708333333333332
3 0.9539375 0.3521527777777778 0.0058671875 0.017694444444444443
3 0.9113828125 0.3423611111111111 0.005875 0.014680555555555556
3 0.8574999999999999 0.3338888888888889 0.00440625 0.012041666666666666
3 0.799703125 0.32711111111111113 0.0044218750000000005 0.012791666666666668
3 0.7410546874999999 0.32334722222222223 0.0035859374999999997 0.013555555555555555
0 0.842359375 0.3928055555555555 0.015632812500000003 0.03952777777777778
0 0.8878828125 0.33520833333333333 0.0046171875 0.013930555555555555
0 0.9602890625 0.346875 0.0046015625 0.013930555555555555
0 0.811875 0.3276805555555556 0.004203125 0.014680555555555556
0 0.5924140625 0.3734166666666667 0.011625 0.033875
0 0.5955859375 0.32316666666666666 0.003578125 0.010916666666666667
0 0.5351250000000001 0.3288055555555556 0.004625 0.013180555555555556
0 0.41508593749999995 0.35873611111111114 0.0071874999999999994 0.022583333333333337
0 0.41476562499999997 0.33784722222222224 0.004859375 0.013930555555555555
0 0.444515625 0.34029166666666666 0.005484375 0.015805555555555555
0 0.37146875 0.3399166666666667 0.005078125 0.013555555555555555
1 0.4507578125 0.3399166666666667 0.0073906250000000005 0.02634722222222222
1 0.454671875 0.3400972222222222 0.007640625 0.029736111111111112
1 0.550796875 0.33520833333333333 0.0080078125 0.028236111111111108
1 0.5466640625 0.3346388888888889 0.0056796875 0.03086111111111111
0 0.32116406249999996 0.37775000000000003 0.00821875 0.025972222222222223
0 0.18884375 0.40088888888888885 0.009515625 0.03011111111111111
0 0.203328125 0.35891666666666666 0.005890625 0.013930555555555555
0 0.0753515625 0.4217916666666667 0.0107890625 0.03048611111111111
0 0.3183984375 0.3419861111111111 0.004390625 0.011666666666666667
0 0.262609375 0.3493194444444444 0.0054531250000000005 0.012041666666666666
0 0.1458515625 0.37020833333333336 0.0044218750000000005 0.017694444444444443
0 0.09196875 0.38583333333333336 0.0059140625 0.015805555555555555
0 0.0471796875 0.4022083333333333 0.0061171875 0.015430555555555555
0 0.022093750000000002 0.427625 0.007601562500000001 0.020333333333333335
0 0.01828125 0.4167083333333333 0.0059140625 0.019569444444444445