1 0.12251562499999999 0.5875 0.07415625 0.21388888888888888
1 0.2021953125 0.5131944444444444 0.05695312500000001 0.16805555555555557
1 0.7357265625 0.4722222222222222 0.05682812499999999 0.15833333333333333
1 0.8181406250000001 0.5340277777777778 0.06852343749999999 0.22361111111111112
0 0.16821875 0.5784722222222223 0.0468046875 0.12083333333333333
0 0.28265625 0.43333333333333335 0.0194375 0.06111111111111111
0 0.2532109375 0.4004166666666667 0.0142890625 0.036847222222222226
0 0.18678125 0.39634722222222224 0.0124765625 0.028722222222222222
0 0.1026484375 0.40448611111111116 0.010624999999999999 0.027638888888888886
3 0.7729140625 0.534125 0.0402421875 0.1166111111111111
3 0.6759999999999999 0.4008611111111111 0.0221171875 0.05205555555555555
3 0.7169921875 0.3685833333333333 0.01625 0.03956944444444444
3 0.40800000000000003 0.36883333333333335 0.01403125 0.033902777777777775
3 0.7846328125 0.3552222222222222 0.011828125 0.028902777777777777
3 0.8676406249999999 0.3552222222222222 0.012125 0.026680555555555558
0 0.5658984375 0.35605555555555557 0.0146328125 0.029458333333333333
0 0.6804921875 0.34391666666666665 0.009710937499999999 0.02326388888888889
2 0.5436953124999999 0.34373611111111113 0.008765625 0.021527777777777778
2 0.5339296874999999 0.33593055555555557 0.006812500000000001 0.01840277777777778
2 0.4291484375 0.3508611111111111 0.010132812500000001 0.023958333333333335
2 0.44164062499999995 0.3430416666666667 0.008953125000000001 0.019444444444444445
3 0.2936171875 0.3695833333333334 0.01315625 0.025847222222222223